84 7763
41 30 59 1 78 45 26 71 51 66 63 50 69 16 56 32 39 19 9 79 60 61 31 17 55 54 47 65 74 68 22 44 46 38 14 36 81 76 72 67 52 2 82 21 64 49 24 43 57 83 34 15 84 13 11 6 58 18 12 20 73 77 48 8 37 62 23 42 25 33 4 53 80 27 10 70 35 5 75 28 40 7 3 29
40296
37929
58571
24278
18796
25317
8831
27243
14473
14669
25131
47243
59587
49729
49346
56165
22317
7649
54282
8207
8445
36575
6611
58238
41517
11557
35660
27995
41465
17571
45827
17764
5802
9999
1476
38519
36315
32996
43695
14364
1377
54005
25212
22722
18658
10890
36439
49447
6158
6662
52263
49075
42824
56369
13524
9013
8306
54138
43764
24430
28340
40843
54051
20098
12755
32496
54328
51078
56809
32910
48102
25913
27290
20032
32189
25720
56146
12643
10980
9352
55214
10515
28543
20054
40604
55128
49148
39942
12070
41362
43605
55470
14222
44766
57941
17220
722
28052
6694
30904
56207
45550
36972
23095
51292
48617
19300
36394
47138
59905
41150
29200
15561
40457
51763
20582
10897
1805
26789
30952
56616
49334
1766
26059
30288
4450
13051
31673
53352
43757
7463
17513
55176
23060
46714
3043
59901
35382
6785
54922
54817
29732
23727
12704
746
45803
53879
42095
17811
33587
49554
27277
35297
24657
47211
58241
50120
23321
37287
44628
53017
57275
40887
32648
55259
14297
55391
18366
53009
2034
45260
7015
9946
35446
24704
2706
6502
33582
53431
12765
42301
55459
46273
14742
8669
18830
26194
13135
59862
45838
11177
5488
7786
59364
52205
45334
24488
8326
52129
11133
2674
29792
52276
3055
12572
26116
52924
26548
42353
32020
56452
25534
26358
53946
40368
23930
49455
9938
22038
53279
54590
23737
12874
45620
15331
44248
33873
8706
14243
14744
49761
6074
9971
38350
15228
14629
267
9755
4261
56389
49056
23550
5502
10022
30065
45487
52648
21200
40094
16869
42037
33455
8779
18018
32650
42923
20893
36630
16480
28116
39579
57843
53698
35889
36861
18192
26953
52390
21146
5114
36267
46906
27773
29327
12000
6692
28778
1399
17871
18132
34025
37539
45255
19013
34198
22884
43170
20874
2193
34337
5867
26721
55012
2547
10341
28400
34436
10957
1911
5815
20212
35214
958
46157
20718
55383
26199
1463
46125
42403
18748
20718
27399
20731
24224
51356
3252
23976
5261
59667
26078
59881
41946
54670
15704
59393
19079
12196
56016
7322
36264
17927
47032
52825
16813
39616
55884
21871
15253
28274
30604
6457
48131
905
12757
49640
46960
42072
10059
41538
11529
37580
57059
46516
47992
18953
56286
50769
15895
29262
13598
36605
54436
29738
40998
1218
32081
6557
46031
45357
37445
26057
51374
25106
49833
31188
41308
228
30684
51818
27018
52556
32209
26692
7468
34849
40955
41252
38156
51819
1335
30927
30683
56371
46847
57077
14607
3555
41535
48383
38764
15250
37371
54244
4106
49453
59063
43691
18301
11987
13468
4131
2809
12703
12624
38426
49542
24592
60048
47229
11267
56657
5422
28716
34816
15224
60016
30783
22507
41291
1968
30737
47969
32192
41695
1218
10069
29947
16107
44244
34897
33310
43153
37305
16562
35491
36321
20065
6016
20869
42657
59091
13923
13220
59099
87
41517
18969
54589
48535
48288
25157
55067
52208
42656
45331
18834
24946
34553
38412
18329
6270
11135
28374
58464
15556
58068
41645
54231
55499
27595
53155
28864
10809
15194
8170
18014
14215
4283
37894
19150
15673
16363
26050
2180
27792
35416
43984
43675
20631
17336
45644
44855
11552
10132
40308
30297
55185
3996
54797
30632
54840
45116
31597
17050
56249
9649
22565
37007
33130
34
22875
29089
6552
8495
10301
2231
6661
48637
12769
32343
16065
22273
46615
8969
13200
9492
10239
7212
804
22220
5334
53484
34515
47324
59936
52150
59929
44190
28369
2788
43883
45842
18565
12022
42031
47485
49466
48467
46213
14147
31262
16668
24484
33447
25356
34925
25133
50992
6700
60044
39866
5417
32902
35787
50908
263
51361
36121
42722
53425
57374
34533
54032
55862
39564
31644
12887
20821
51937
59913
59749
33589
56067
51801
3790
57572
23412
27110
39887
22371
42507
46393
9337
44474
25070
12338
35195
39890
4578
9556
25621
6671
50139
65
46360
44307
55284
15557
17414
35103
22293
17158
60034
9863
2935
5788
50228
32606
55105
7729
51657
33070
10519
50593
53862
22598
18966
8994
40597
28017
43650
42845
51339
10680
49776
14259
20695
4362
16741
27717
53148
40711
32602
37402
36840
15073
49606
11242
51535
18523
35099
52932
6545
13834
34906
11513
59005
16551
41823
45763
13826
23684
27008
17022
7235
36247
31049
59131
14810
55634
41024
54122
17450
18933
21889
22334
50262
12019
27093
53378
16547
23821
33654
38096
2016
12690
40355
42235
55887
35575
27331
51498
43423
14720
26981
43715
59901
1018
5349
641
44447
8373
16464
10529
53503
3412
24291
5776
56898
60049
15968
29757
24219
54675
10090
45951
52578
48537
48232
39629
37098
7319
2345
17364
4143
25971
50804
42472
1258
14054
44340
31928
2675
37221
28192
9470
1015
2293
12612
26507
48427
26959
10458
9970
55300
23160
32278
35741
23235
54672
43153
17229
9941
15055
19393
5892
58196
37032
44027
53252
56620
55244
98
15338
38928
35454
37247
19755
37129
8617
9574
34298
16013
40541
50171
43174
13023
36003
50648
57204
26688
15976
3885
48585
34712
15700
7498
36617
22052
58979
5025
3479
8903
32233
57820
16413
31401
50721
10276
14706
22619
24261
46643
13765
44718
57343
54059
27215
34943
7425
27452
3108
3138
20295
57722
48001
26528
49730
2677
9760
44759
24944
28234
5470
32882
28365
12198
37271
41062
6451
48559
26419
19389
59186
58696
23448
10668
4701
28390
26877
15371
46220
26426
39757
57358
8113
49361
5943
27638
34878
44390
14381
43290
273
25066
23646
19243
47537
7578
24547
35863
2787
4844
21143
27493
9069
49427
54920
9368
53930
48748
45268
10168
42256
32708
1581
37524
14803
17176
5124
20978
43943
29495
37375
49988
5105
16332
818
48557
7237
28862
27246
49279
16617
39167
53333
30266
25019
13502
46171
50450
58033
48439
52867
4671
3585
48017
53550
53954
47731
22842
12720
6040
32317
19234
24667
40968
18783
24124
58304
20473
8361
23336
11209
53368
58775
12302
53160
22552
54854
15416
15750
27931
56028
16113
33278
42705
31646
43424
53132
24661
16694
48642
29793
5695
57571
39979
49394
6731
47173
49797
2038
8856
31596
38514
49156
31076
4280
26819
50271
10651
14800
3615
50909
27693
9936
50480
52510
11177
37185
28285
52670
8640
1915
23701
17706
58391
30650
48986
3671
51440
59389
4504
14646
45457
32560
43227
12377
24254
15693
56045
7247
29354
48304
18391
28868
40909
41303
56853
20706
20972
35668
13369
39308
1137
25596
40655
19250
8639
22101
29598
54713
17051
47891
10275
13413
8269
49611
41348
35391
2727
13119
22033
40459
48807
2938
55268
21514
6090
36050
593
39063
58615
22643
7738
26494
24395
45466
39922
20898
23784
48155
53666
54224
24828
38417
7440
49280
42027
18872
19401
40414
29502
29481
54652
1483
46720
9353
36145
25678
32993
58821
44441
24986
42780
24031
2116
40231
18771
39198
12542
59577
19940
16412
25338
26951
2150
24498
55305
55332
51427
3348
25858
9071
23846
29077
13419
36030
8229
12593
51624
7124
2570
11228
30858
15151
28273
58556
37163
44905
59265
6843
42964
14368
44432
7374
14878
58360
35686
47100
17173
15393
35166
53898
46657
17362
12288
13837
35711
24705
55629
52838
8158
3114
632
2842
4735
51405
20263
9882
31981
21508
8296
19061
40859
57346
31533
16230
34819
29819
23456
29866
33274
46449
10226
41480
832
13644
10722
24855
7319
49335
30549
38024
57819
43479
35802
597
1664
3238
23899
49897
32968
31490
515
23311
35169
20152
3922
14789
50385
29851
20746
31222
3336
32294
2356
56837
32162
56105
11352
19186
47925
15219
19217
6099
37686
53699
16112
29161
50535
12601
55439
7992
24811
58316
58628
24544
50421
9052
58549
7497
57307
48397
3841
9433
49886
45708
7191
9545
3705
2260
14180
30115
1239
5719
11919
41109
20671
54168
56486
4270
21806
58439
14235
37841
22704
34798
6319
53441
9627
37759
9330
4786
26469
49273
31970
10599
19679
14269
17722
3202
18013
15996
45446
59360
50643
9964
44375
32645
44100
40899
7890
16134
32444
58658
13547
23490
51390
26297
44234
16569
1415
20161
31473
59063
59652
42093
45360
31804
52484
50606
37947
25778
3097
27161
24782
19574
36181
11461
54404
54862
4361
20392
13341
40270
422
56995
18299
19866
21619
16325
55006
59780
52634
17665
31307
30199
50945
56698
49867
31873
41733
27026
42554
19607
24922
13815
7569
5543
32596
56595
9834
22842
20136
32899
21332
7878
56295
12866
33951
46105
33924
21102
16974
8774
29273
6497
3820
29792
10104
16256
59153
14226
23043
23854
37500
26354
5022
36264
43288
46560
23937
29408
33136
6758
694
42486
54208
22062
20691
48329
17839
57388
34707
11592
8457
35561
23039
55781
36932
36270
2531
4885
59266
17979
58585
18990
33878
5394
1413
38171
40273
56742
38785
35964
40487
11565
55599
35653
51287
13666
34459
53686
3327
24944
51186
31168
41994
16579
23753
2108
55286
10941
25028
25260
40952
37590
54728
28148
22077
6724
56492
41240
14362
24674
23103
38201
30570
4456
34949
22174
21255
20920
4264
23219
52138
45340
15061
59456
39636
31700
12653
59518
6837
4430
23166
45724
12626
9154
45184
46481
5732
12745
19712
28725
40341
58950
41511
34172
58921
10094
18162
55078
35535
50383
24093
28200
43149
7607
37889
10632
46845
26054
42859
25562
31700
57035
32113
58885
11795
25448
21048
53986
44575
31322
1047
20103
15006
55615
17645
34124
33691
4655
20604
45607
50101
21928
11936
40191
27048
12577
10133
33884
23242
36570
46262
15654
37970
19310
30362
30978
3563
35804
58986
21428
37779
46049
16865
11555
20187
12722
41107
27109
36613
51510
44635
51228
6778
39530
2716
17331
15173
36508
57998
55357
51669
35836
141
49858
48834
24577
43608
13588
26535
9975
6716
28844
34649
50214
15167
44793
59162
1646
58228
35442
18522
2049
11880
17633
14852
33697
18851
40399
8782
1895
39
4800
55213
42150
19699
7094
15906
25984
28807
41114
48396
26325
47700
22786
5609
42341
44708
35884
59936
31336
17030
4457
11791
51594
5213
46324
9756
35453
14619
13612
24888
16561
30755
32970
20333
17029
18928
31432
38493
12358
11645
12240
23721
17937
20035
39805
58563
59553
28130
20786
10145
47264
54557
51618
7806
47015
43537
56989
16783
3276
50724
47605
37862
39306
4141
2037
23046
51822
52149
22440
38577
47249
8665
1692
11762
12665
38248
541
857
43948
20320
31938
21153
59072
16980
13908
25706
55600
40726
19344
15648
2415
33232
51816
35348
2504
4042
13326
5071
45986
25933
10119
16940
48190
34288
57129
18040
2486
36868
7737
41668
15802
24807
59355
5205
56146
21333
4891
14134
8029
13608
36278
22105
28607
29929
50224
25024
6032
40472
59335
4350
53693
31552
7322
55040
26260
44734
20243
44055
8537
7817
51795
48529
41989
22238
17765
35678
59392
13294
38786
53094
58743
52633
31009
27760
52738
33746
24724
55963
21893
53939
48902
17380
52451
29205
7872
45288
46131
46979
13864
5968
45808
2797
46050
7181
22822
38215
25242
32801
16857
48654
32002
33615
38456
49743
34645
53
17976
29179
55765
13351
20339
29655
42445
41123
36440
56851
20336
7842
58275
48939
3561
49022
34657
40019
23680
39909
38098
22168
48545
17102
53767
46284
36920
40181
44375
40940
46168
42057
3864
9862
24246
25437
16041
52510
33570
19735
47663
902
6411
23245
22541
51366
1981
7627
38449
42137
24161
6220
2346
56985
45071
18454
54018
44967
7218
31482
17506
53373
45933
41107
44654
47190
3198
2660
52900
58595
25107
57046
12570
60047
494
16344
13025
30100
50772
14021
14845
32902
28899
49838
25086
6162
33071
10159
14166
34187
5637
44310
55063
24864
33497
16457
43856
26399
34565
35879
19973
57831
16193
25319
12133
3540
45120
30735
9673
31554
7170
17806
48656
58766
29429
48991
4388
41313
8193
52425
39894
45137
22418
7176
27761
16851
37117
30344
29270
50421
36110
19128
40259
50878
46626
16472
29950
8115
24127
33590
43490
19265
57868
27944
10288
48274
57707
23197
11374
36956
1240
59957
34048
9472
6705
14956
19876
7511
55755
32757
1753
21590
16985
4919
26840
16928
31321
12367
10093
26802
31882
50211
39312
11007
52142
39138
3687
32144
47874
463
59723
7042
26134
24706
2714
22823
45847
4336
16017
41802
3538
15891
26900
24079
38427
48542
47723
2276
56255
16430
17817
12691
43136
54390
4312
8291
54467
26796
54325
30483
21341
53055
15015
21614
3051
40151
38528
4077
4375
44412
27561
32592
9126
26152
20173
13866
28130
16890
46395
2246
32754
57836
53365
43780
22913
30986
47856
9093
48749
21304
44994
51436
19975
31460
6756
1919
27857
32182
57001
3933
55678
13559
7690
43966
41983
31257
11056
26389
14091
36505
15148
50537
1479
28265
59616
24528
20133
3250
27647
41313
29755
7745
8382
5815
55069
54437
6821
3075
8063
51548
52005
7241
21024
58383
56427
48145
55943
44161
48769
7190
33381
6220
16543
23506
15540
37141
32326
31556
34624
6173
2676
54087
35623
42380
37675
53414
27257
43999
3311
30113
25979
51482
36820
48844
52302
58074
59892
58918
19167
12974
56924
4900
16392
23135
28972
40879
59113
24356
11578
488
10837
24484
33394
18946
304
59404
39630
3546
16198
47278
43877
57791
30575
31885
8198
15673
3672
33137
26839
48899
22867
17724
5225
29549
40344
34575
9182
4088
41973
20517
47530
49613
36693
27550
14625
14448
48092
15112
38657
54865
55733
53860
47722
34218
18534
13994
49255
51933
15664
6626
34983
20163
20581
10183
54440
42803
51321
35314
49821
41586
38693
53815
51067
6112
26913
25800
42951
57112
640
33433
20249
20960
25960
51228
57676
60040
26320
40405
5404
26991
33043
14539
25455
47467
23990
43652
42293
36204
34457
15803
51917
19129
34372
15188
29238
36927
56005
17763
50367
15571
35078
59007
7454
58759
13432
57885
42197
25835
59676
4383
51003
18019
2096
54285
30416
18463
7690
26949
52894
22304
17299
15804
22030
20177
6359
11476
33866
43129
45634
18710
7988
7800
30354
33124
10612
15367
41247
9332
40765
1464
19762
29332
32541
36489
20885
13889
1694
55422
17874
16691
14946
16377
48344
56650
55060
1759
28095
44009
44611
38456
3528
38894
49301
56447
22137
36661
30929
17606
52934
15734
34721
56171
48588
12094
41957
55882
30833
4228
38628
49396
42181
34851
37965
22195
28874
32777
54066
43219
19911
56175
4397
20349
47082
33690
2516
48289
17693
31400
35717
32412
57609
37394
34978
16709
19920
15558
38368
53265
56587
2481
541
6699
34542
4561
12234
2533
33201
57614
53796
13610
55961
47402
2703
28559
50188
34526
30755
32081
18291
42508
15354
10068
53206
53960
1832
10586
21344
55290
45218
51333
39706
41003
42130
47946
32366
1608
45456
59012
33195
30200
4590
40922
29435
37370
25040
24090
22741
19723
34413
10089
37321
57670
15221
14385
24797
42445
47370
27815
26879
19506
33842
15704
40792
10383
25947
42140
7846
29850
17027
12392
17113
43371
56603
9654
51088
12152
7379
18467
23738
30272
245
22551
24870
38583
4058
4136
35064
54609
26038
23730
27474
43668
33128
42
9707
50335
15334
15334
40165
5259
17852
17166
53781
58906
50594
11507
48708
32847
7428
24097
41067
20473
57340
19137
1810
44255
7402
20412
19148
55672
28257
10264
56850
57375
31857
10608
26535
23221
48870
39409
8761
13145
39876
1418
2442
8172
14653
48411
58845
17066
5824
32913
20741
52129
53953
26600
19203
54803
56789
25901
3702
3602
2720
16261
51420
36562
42654
23712
39167
49621
917
7880
36474
21311
54762
46544
20137
20414
1588
10673
38114
25584
39959
38059
13417
50884
32042
50448
48334
47482
58882
1270
14718
30903
21874
41578
59719
33582
6949
55210
29984
31775
55656
21568
44638
12324
58186
13876
37392
46559
40789
31963
54184
52624
55013
9961
30597
4501
15482
54216
29876
1183
38602
22471
7969
30511
27354
57141
28294
39760
13533
33067
20041
11173
2995
56301
2072
23571
30092
23482
50071
3121
43715
53342
5431
16513
19142
41374
22837
26648
26824
4571
33436
28185
6797
30232
32641
12759
52295
25551
41548
41052
3176
37056
14097
18631
20913
35502
38366
59698
29908
24203
44239
52740
32212
49915
55702
12757
36560
3298
17964
3373
59688
26102
1469
9181
13338
14581
20149
40716
48342
52832
22675
52257
360
17185
54691
33324
45050
50711
33968
3927
6872
13246
51968
14734
41463
6141
22563
16376
7552
52795
29933
45389
13596
5815
39195
23348
25481
9298
33606
3215
31135
29351
33850
13174
21255
5527
1365
39404
574
14265
23032
862
37668
47357
38850
24835
29951
6504
4582
15981
36452
40976
33288
7716
20598
59231
44429
36978
19799
58352
16379
29504
8990
58875
21517
1778
11752
45904
31618
4252
59617
33578
53614
26299
48735
43508
18945
50478
44634
10964
26532
36726
45961
3301
1681
31371
14376
9317
12231
7959
44383
49562
47348
25326
13727
10319
928
21191
31715
54656
59921
29633
54763
31396
7809
18194
43006
33969
44137
27685
3636
36251
42625
9680
22846
56015
7098
52343
23126
41606
31186
13865
54461
38038
20976
19111
38294
19829
51134
2604
43110
12472
43871
36580
32824
33449
24300
18403
25703
27034
24126
24582
59483
20338
28676
25203
12169
25831
17997
45320
19596
52987
3540
3669
43053
59419
10929
32929
43076
54481
27911
16071
6858
57682
2936
18477
4292
59764
45935
18513
24650
23654
58780
24108
42131
44592
26033
45890
53636
52704
6012
6583
11874
43882
12421
48847
40555
50614
20632
57368
15829
26343
56485
32544
5925
57995
16635
58394
31737
41578
1146
22300
41044
22639
51450
48939
30610
55641
14336
11454
52021
44177
57607
831
19379
52771
19373
57102
24369
19793
27347
26140
32204
13638
24482
56789
11440
54257
2147
10394
21065
23803
43622
51145
24101
22855
3165
43856
3022
14843
54738
10969
8426
15691
47456
48526
26338
12389
56863
162
13998
12175
47022
29488
46331
54663
33510
39848
45332
11569
34519
43308
59359
50823
10820
51741
30703
55112
51330
17451
57229
19543
31412
12052
8324
55787
31045
557
54241
54691
5645
30464
31826
10660
55676
30740
42785
23500
22126
56770
4508
35436
28040
223
23961
52113
32333
17175
5727
4995
34835
58714
48077
12681
42642
26374
51711
4991
24208
15501
1473
47485
10711
4560
25730
43306
6498
28174
27532
55275
19648
16497
4138
14754
56262
26024
48012
56485
50697
58030
23653
20304
20068
4045
58007
30740
38963
36256
55329
36625
40614
46660
20813
39518
4908
18340
19280
36238
9305
10953
15875
51772
7612
15698
49155
20093
18963
41385
40125
38232
44732
44783
23665
36255
32434
32013
3216
7265
40702
1520
31848
54401
3811
10162
4692
42255
45278
57970
42561
16017
36861
26083
26347
17356
42963
29732
658
6160
40733
59419
50623
31818
47946
54455
28930
42492
32534
22902
40991
55578
59145
14361
38560
3314
58464
37828
3034
48444
46962
9826
1717
3976
4964
54811
42330
56424
7090
19553
1972
18499
3909
49026
51364
55862
20403
8960
5593
51257
5071
13113
1748
7846
6743
9141
23118
36808
13511
52281
9984
58747
49629
22967
59744
6984
1599
11840
23786
35948
7197
49205
13653
31981
38018
11529
5495
20380
44299
48009
33613
15818
55657
39285
3813
10473
33842
20132
11874
7782
48702
6782
40349
24585
22230
4592
17959
11603
17330
46496
42594
12299
56483
42189
4377
13772
1718
39112
5919
43399
29311
10727
12190
13106
19106
16915
40070
15599
2381
2382
2908
11831
17886
8515
41474
56725
32855
26792
17797
50903
15947
31931
49836
15096
21648
49626
52566
14326
55648
44057
6878
15093
2715
26626
38069
17815
8985
21566
42824
2601
37621
42005
29214
52015
31403
42299
58775
56107
42261
47195
4919
25819
58176
57982
23100
35439
25338
5881
9162
32392
42586
14895
10336
26989
39150
39639
30790
56800
19133
52122
27460
16029
31315
43584
16941
57077
52894
52059
24532
21606
17012
56394
54022
10540
29434
55676
27113
33355
53627
20834
34188
38018
33834
26196
24500
23728
22610
23231
4968
34125
13600
49712
10945
49123
2453
14897
54417
17988
46938
18281
18738
40462
15301
2630
6555
26426
10160
26764
40162
1268
27225
52014
18610
48698
14380
10477
23634
32149
12891
1892
52702
2910
15173
35716
49882
23952
10546
10997
6997
49201
52084
52717
19530
58646
33636
29109
13159
24985
59552
46243
5391
8339
44559
39596
44293
24824
50781
51288
38581
20605
18602
36035
40185
55584
7633
6114
49392
20757
42659
28699
42173
57063
33863
10606
2696
32790
21386
47902
21280
43890
39752
22485
20442
41562
46378
15301
15034
33342
27111
12148
42569
1271
26767
8552
38802
12803
31017
46394
58684
46710
17881
14178
55767
18242
15612
41258
35544
19192
7338
36128
21229
5783
56578
32659
23118
6184
2800
31325
19608
42129
16512
18839
50110
1692
57619
13508
2831
54811
46335
24987
24150
12920
18880
47280
1261
11236
52394
13407
17058
38097
49189
24137
34023
5738
19226
52861
48798
26202
5491
39924
15179
58573
36675
7651
9480
4728
42618
43003
56436
29086
6227
38087
22606
39177
25676
38132
37816
37186
6579
18241
29883
25047
6213
23734
6968
7048
9839
11291
26016
12266
9928
51056
48865
40047
57928
945
26247
37522
49096
32141
36271
20195
14946
529
58721
7392
54998
23902
4206
59666
10697
5336
25380
50351
1452
6466
55078
10864
47331
52300
49357
26432
3184
5284
21105
55200
50618
18666
46389
6841
4124
50668
51590
14334
37108
29851
11733
22013
52469
34014
19704
58217
34594
48996
20906
53924
37164
15907
3655
21938
21307
2487
36541
32810
30622
16203
25830
27814
40595
18887
21990
17050
35933
24648
53262
14432
7358
51948
38980
2902
31324
15572
13246
7763
34142
35843
27552
26421
51381
32640
49994
28728
56468
57127
4235
38030
28898
46359
40403
9947
36183
11423
49406
27757
10231
8809
6827
33901
11688
35020
4072
3905
5529
55113
30546
27277
34343
27509
39794
1658
2037
39653
56417
6759
39963
29400
60048
24490
52476
35448
53440
53411
16027
3465
7337
49550
19618
19311
28236
51884
10683
25938
3051
1680
30245
54676
15556
5162
18733
2602
18067
10231
2889
2601
47217
40512
13340
53409
13649
19479
32169
13663
50761
19218
43078
55855
39492
50574
11370
19655
6119
58091
20321
34896
11277
37400
20705
16687
19218
57988
53595
52497
8033
48245
44822
18375
28835
21193
26151
40089
55018
37885
53451
12426
40088
50074
27601
57707
21651
21900
46357
6742
24925
51749
29222
47945
45627
34066
16115
14037
26462
39143
13340
56237
26588
54754
8795
27057
13064
10532
44931
58679
7952
2104
32733
53279
50880
21621
42294
44239
30540
13329
16751
10946
39246
17332
48242
7585
51254
56730
37581
55423
30874
17339
47947
34408
15829
42377
39433
24036
32455
34033
28754
29034
14837
47600
25569
2732
46100
48980
59681
32347
16544
9181
53313
40121
34779
39795
13224
1290
23251
5036
654
56686
12514
35205
48908
34721
26560
7106
58627
51004
57081
48767
46147
16527
59034
55111
42532
48770
57834
5572
30430
18806
45832
28879
24377
36268
15880
3723
40690
46287
49730
47419
58819
19485
9055
52167
19683
14080
31323
53694
18591
43383
58194
17148
26158
14733
52582
23161
56612
34015
22815
37527
23185
7963
25241
25598
22167
33583
46163
19283
13781
50401
37381
19215
7345
39092
40164
8298
41724
31255
55054
9624
30047
32611
3738
47447
55590
45162
38769
13462
46029
24907
3544
53354
55707
15237
36685
41432
35055
53199
11804
50722
31690
40860
47262
4259
24671
11732
31540
48714
20051
51357
25855
36785
18128
24531
7946
35142
59669
11490
38155
13693
26579
22673
23691
14832
43325
46348
42860
56056
17091
8342
3162
415
53905
51176
22795
20194
25286
42715
51565
3347
15616
52541
11410
46130
4589
4152
4301
26617
32178
46238
29268
27176
49438
43449
34838
5189
48410
36359
3216
22042
45132
13089
25735
46333
23119
21996
59291
2686
43000
37708
8186
28495
55422
43728
1933
48537
42298
52406
3803
9169
150
59081
12105
5182
59910
15209
22917
26032
25783
40580
13612
49342
36141
46067
44619
40624
17731
56355
36878
30342
57482
42457
3637
4790
10869
56692
7281
28282
21446
4885
43278
12351
3734
1897
42679
23133
31249
2036
29957
291
17465
10258
10898
3682
11861
58523
59494
13301
19240
30204
30424
53952
53145
24412
58758
47410
47343
9130
5891
35498
17909
26544
20228
1312
595
3795
641
26305
45555
4155
30978
59917
52565
13673
3803
38058
22445
49216
56924
43999
32712
17135
730
12656
11653
1680
54149
11019
17684
49526
24851
25670
22014
36674
44447
30125
23517
24923
47424
27077
56896
324
18346
14850
29831
33809
474
11828
44919
33394
40437
14726
2363
44021
24971
23228
20991
44732
32408
10872
27304
50259
32371
9933
56399
57775
28845
55574
17395
18378
35534
18105
42221
6709
39112
15486
22237
57031
3659
58518
28335
4929
1084
44392
52089
25264
8047
15833
34747
23469
46738
21086
58822
6600
52426
58911
53136
58720
28651
17497
27577
50178
6990
38925
10992
55092
37285
52652
35330
59727
59628
25415
3671
57027
47037
16356
45301
10895
1389
30199
49647
7408
28742
7848
17517
48206
21029
10711
11755
36197
22566
56770
57955
27611
56582
33994
8023
11212
47408
31091
17305
5946
38998
3257
14197
36430
44342
14239
32777
34096
34053
21219
39116
26655
23184
36853
20814
33455
22153
34646
20252
31313
14711
1139
58859
14241
11857
48301
33790
18256
31941
3706
26722
5501
24395
46159
44875
17944
49446
55569
58049
34249
25347
51260
3821
46037
31000
56365
45034
59163
12301
16795
15438
8325
26389
39382
38938
40475
59597
42503
50441
9600
40620
14361
36095
34053
49844
3858
56784
5728
11523
16241
51613
54992
13545
47303
47324
22287
8127
351
33715
15436
36789
38241
38595
42921
6755
32515
16180
30940
32673
6470
3960
43710
53578
44450
49291
11338
46158
35525
37628
54538
11456
25885
36204
55008
47797
48962
44966
28577
18884
16043
38630
19703
13308
20848
5331
26413
37968
44699
49325
34939
1061
3797
27124
24712
23373
56167
53203
8553
51463
36930
47367
52225
15246
50785
15514
59005
9827
58668
44652
30993
58152
25810
26961
1270
5833
58427
39717
41141
41243
7570
5497
48140
27302
27080
33647
42518
58395
16220
24245
21291
48393
14750
5441
10372
24946
21657
33669
22863
17426
59344
25547
37666
14806
3356
19858
44499
2712
2335
15287
59919
36188
15402
3459
15212
58471
50205
13464
19984
1852
15783
37999
7344
13433
603
6826
2041
47284
25295
22218
14141
59154
50733
28199
32527
25218
17179
12445
4851
55581
26545
57956
28520
45032
51745
15306
10830
5587
53563
48752
1941
4905
13956
11936
38026
23017
26621
46643
15059
44130
16234
53126
4739
47796
51618
232
1777
45480
19974
32044
40168
48466
59319
59846
47915
21280
34228
2095
25740
19192
18767
33612
33317
56666
34901
42494
48474
34822
10492
51055
9190
41612
2826
52894
51425
18167
60053
50478
20803
45027
33462
11598
8916
26365
30740
12488
22612
55151
23809
31798
33000
32210
22578
26790
25767
7061
14174
29765
35045
2516
60006
31425
19165
7392
1427
41249
2317
35747
23265
29533
59302
57246
42132
18282
34352
47320
24438
18582
50664
51747
59958
1868
26999
21712
17200
55260
34472
32934
31196
51944
38887
4187
10192
39603
50220
47355
52421
40764
20519
31920
38572
16370
17009
10300
55888
10460
6100
39988
5331
2075
32663
19486
9352
18225
12456
11558
41481
8999
38233
37843
44521
36877
2255
11328
45153
3558
10709
56777
5896
57861
22304
43534
2034
39151
25843
10837
27019
37669
49196
21599
18068
8475
28185
342
40499
25020
51373
22662
52712
1549
3032
45879
52573
48258
52584
17880
396
55905
24402
50313
36195
32152
12603
57444
14113
6757
53167
46289
5755
42727
43201
30910
47807
7266
41623
15479
17206
9654
9766
59171
21775
37497
34153
41250
45853
42906
14708
32794
21598
52445
3161
14454
50307
40050
54834
24869
14209
52117
41205
46710
44256
44037
51573
20773
17619
4397
54655
11227
16013
1540
42434
26089
33173
14365
52774
49844
40388
55321
12615
30739
8874
21941
38665
33120
9995
2853
6849
3762
37358
10800
42968
47920
1957
49251
8116
20831
37266
42215
59042
7525
38015
52235
54553
53236
3185
34631
49300
6112
27305
46566
51450
16969
10082
10369
47975
47728
36401
22385
12781
11135
3981
8035
45222
54208
48981
3769
24118
18982
13045
14004
7439
28508
42106
22648
21844
57873
13096
20940
16327
59176
55096
15440
48673
41685
55066
3047
18545
16020
27699
55885
54181
31004
15586
20570
6636
37065
41625
29026
40164
3846
26035
42535
33110
13107
59440
45340
13298
48949
43133
45833
50471
32797
29818
20294
56582
19938
19016
44355
1375
6789
1535
10496
39543
43626
18001
5929
13257
7870
23537
57424
9614
38416
14515
3238
48294
14044
44074
53151
6723
7453
20421
1279
17734
52262
14994
46391
5202
49158
59506
50273
13545
18350
37808
6453
23704
3132
28342
29936
59880
3421
18798
27626
35035
33190
20357
6463
46505
30253
18185
83
5080
38068
60028
48249
13763
17462
18842
48563
54326
24695
45148
7452
7697
18152
39872
19983
15664
23491
16510
35018
20268
41390
41576
26349
33683
24442
34227
4574
54058
16056
9447
9054
41431
26755
57906
5578
14971
21952
36377
43058
32261
11212
7516
16377
27801
11982
45609
53704
31102
51750
40109
57615
41584
566
58574
14585
29269
43577
49703
58501
479
5919
31439
31049
21554
7067
18131
31974
2225
45939
7854
33182
47880
16714
52907
10031
38289
3377
31317
32804
56569
25298
25595
40472
56689
39237
45942
58896
7444
25055
14586
5211
43269
49939
7826
11976
49645
40332
20273
44431
51734
14812
29885
30412
15041
55620
23639
48288
3397
42213
29677
46523
2599
36646
3679
19880
3606
56474
1776
33050
41142
34119
44889
42940
19440
4393
23777
43321
9831
26351
24810
18546
52140
34700
54187
52028
14967
5868
39152
30226
47070
31056
48917
1472
3589
15685
41191
7849
75
54928
28774
15632
41427
5842
17343
10109
32698
24534
9631
41900
37618
1952
4697
21184
8753
26640
41364
50897
40972
17823
46520
43401
4121
35676
25537
38860
15140
46186
8402
53330
72
15828
36846
4971
18405
12365
22554
41293
22042
15917
44671
10738
38246
44520
31401
12718
15913
59049
52556
3939
4605
54416
33930
20680
23859
44508
12818
32726
9890
56423
50574
44180
29904
37232
27212
3489
38573
12531
15431
9480
8998
52214
4899
10933
57472
18343
40351
2177
13476
6587
51949
10042
32964
25498
13274
20138
10473
11569
50050
766
21142
3540
39697
16155
27737
15894
13846
46328
52772
33213
47853
48352
41606
19944
11618
24382
60033
13996
26215
35211
46425
8040
10075
42438
39708
39060
7093
18859
23111
50970
33416
24541
29574
39267
20407
24910
28993
49686
55742
26378
36943
38538
50717
17473
9562
45499
4436
6863
41845
38607
32633
57412
48220
29321
55751
3457
29608
26221
50558
35759
32616
17553
14395
9430
55847
5141
35193
38957
58528
57681
56679
42267
37070
17278
31307
46004
11826
48076
54112
49486
27887
56145
41636
37538
26486
55978
59229
24436
56323
46212
2785
55955
24919
51871
25763
15470
25588
32962
44225
41360
29906
13717
545
6951
15082
32974
40099
4137
47497
36265
15428
47135
24178
52674
46593
11463
23883
19323
48728
980
29293
4920
48528
31614
35749
37319
51919
22762
17171
33322
47911
40547
35978
24892
44763
4181
33963
9605
51814
16678
3193
53456
23829
16900
12982
23600
31625
20188
6253
56452
37054
51450
47447
23159
16399
25816
53611
52159
4907
4438
32924
54351
42705
55169
6418
2464
44912
30048
42590
29454
53861
47436
22051
39334
8109
44037
57436
4685
6699
53322
11793
41381
52598
50229
59324
23312
18997
8951
32149
21515
42471
23806
44815
32356
22380
47934
51770
41136
1583
28202
15828
59476
27835
5198
1391
43600
46144
33144
57545
10205
37311
8858
35979
29078
32684
8738
54284
50318
50287
5029
46566
45167
38380
52
30402
40458
27115
20425
479
29004
25555
25888
23610
30366
30743
9233
52888
9359
56526
17115
35779
49433
10027
16707
4826
31106
48498
22666
19670
58687
53299
35041
18352
5231
20527
9778
18634
26803
7517
12827
41910
48297
32054
59961
45145
32708
12330
27552
17364
42483
47192
11998
11969
28016
19039
4172
5500
27023
35987
42172
57111
51013
38272
21800
38862
21240
6445
8472
37482
53474
42401
1708
55835
34146
41660
15121
37197
838
11802
2105
55256
45989
20719
52235
42005
55833
18683
6139
20532
40509
20576
14522
7994
2286
49972
27663
27659
5457
21697
40972
36227
6408
38206
49774
57418
1042
5973
31503
17939
26346
34687
3483
38340
59499
1301
18958
45723
26380
10066
20182
51854
55146
21666
56280
30057
39761
58445
9368
50044
42686
54656
43692
12859
57556
6380
46562
30947
43586
50748
11002
22503
41735
21054
57290
52632
18134
27795
48341
54826
51009
16768
32168
54196
27592
55120
51506
29184
9776
34679
6563
23732
38927
39931
5400
58137
3857
7233
36154
111
1702
42730
27771
51482
52122
11704
56517
12584
20408
17929
48646
18212
14412
36307
18220
3005
54701
11202
44715
12748
48466
47895
29506
15308
44838
16512
1921
54309
39397
58794
13415
30126
37606
20521
14287
25383
59888
973
17693
58335
3704
4164
44707
6949
9972
55322
12609
56034
29222
51947
34265
57722
56496
35076
13187
1767
40645
10714
48638
25801
51680
5587
59206
56067
23220
48099
54521
36352
44107
59269
29078
27315
58468
34360
8376
26197
56615
24419
55119
14019
6997
15129
3113
55863
8606
18056
47902
30419
38982
52899
15850
49686
32832
53322
56129
37019
831
36526
54009
50629
38772
56190
333
2575
24598
2717
42098
25674
57070
3278
50119
48215
24805
8158
19807
3222
4021
32230
4829
46663
3459
17041
23741
32329
23291
52371
3276
22018
34746
39136
56357
35713
49049
37334
9902
46555
13272
49203
37423
40249
32335
58421
8454
41673
24016
36444
54435
43242
55859
18616
16630
54024
40356
17706
36644
47757
46191
56152
59125
9734
46245
52588
14546
54770
43268
28281
57095
16455
39020
34257
5679
27517
59695
24134
51534
48681
1247
34138
20124
18523
21413
33953
45370
49394
54800
14316
30440
43405
51491
3202
5060
56258
38597
47426
50665
51731
55189
29016
39104
10158
35729
25796
22843
51784
34285
51748
30875
25053
8311
40477
12083
17710
58329
53545
54006
27666
39955
25665
56514
21574
18651
12291
41089
36950
12698
48702
59687
37735
24344
25526
21560
2917
35676
22114
15237
41423
11017
35978
52317
2329
46241
22313
59524
28611
12181
3077
24435
39746
27375
45523
22320
7737
8692
58243
54485
46903
19765
25979
49114
17503
36766
12802
43148
37083
20157
59405
30380
55589
7389
36563
48685
53884
7152
14890
42378
34374
4283
36524
18135
34445
13578
7572
55995
26462
27372
38727
57731
6337
43543
43779
48303
49238
20894
52837
14388
41293
53058
6569
36851
38113
22054
21996
48171
5007
44854
13075
52146
19469
30105
57500
59715
2305
48257
56681
55462
14520
5054
56384
58835
18121
49024
50495
15679
11551
31187
22768
52246
13701
50480
58566
57882
15350
53022
38856
4367
41484
27258
53491
55101
47837
10777
48360
8632
23608
3804
40641
58113
38522
48449
58532
47856
27387
44251
46987
12396
3552
16541
20334
41227
24830
38239
51308
53239
49444
35818
35918
55253
18148
13879
15694
9539
49884
3435
45484
42185
28484
53206
25548
58419
6524
12814
8432
8349
57710
1475
17363
46609
50978
47811
55511
40128
48691
43155
21905
26162
1061
30736
24204
24449
1697
35950
48185
17109
24733
48102
8366
3733
8277
35960
35465
14030
53156
860
41937
2760
52545
43133
16206
39955
13214
9773
45884
5127
28031
3399
3564
23042
47321
31846
54607
41715
53081
43983
38933
30635
37195
15928
13222
50302
8568
44065
46078
8422
32751
55977
15830
35799
5691
42660
34879
3535
10496
17683
45907
47137
47361
59741
28521
32816
30272
30574
54754
30721
57138
8494
27178
8931
52796
36086
10284
36193
8584
19631
31938
36442
50020
58756
30336
19861
56907
26050
39674
18975
42295
58043
27707
40794
56525
24998
35896
10793
60047
26333
5896
49109
22885
44180
27316
38212
22365
34822
22531
27174
35926
46752
52241
13674
12653
45830
50926
31172
55789
49485
28159
14614
15059
56016
28073
32254
3549
48202
49977
15117
11464
6473
12209
41407
9907
36337
22331
42539
51090
4887
44459
2988
35163
42764
56771
4206
38657
5161
17383
48639
36861
20746
40220
27978
14001
20133
17426
29775
52678
30733
29919
54537
20674
6361
18271
45758
5332
15203
16141
51023
18407
54738
45213
8275
27307
56890
56076
44992
3540
27890
49473
39777
18412
18375
30329
1950
46850
40232
39551
34433
43
36913
53641
37407
56052
1965
49545
59490
47323
21739
49054
2777
17910
38486
59235
5756
24182
54736
33364
17993
14582
44440
36778
18451
3943
6935
41695
43420
40759
44288
36094
54794
51339
16462
52999
28586
34707
4692
52273
23871
33518
55327
51775
32380
27523
13795
47750
16193
33921
48123
4054
54984
39081
592
38333
30722
1382
59261
2704
6541
26540
20764
24224
25039
23915
56632
31664
29213
30065
9870
14391
24852
5917
2949
46262
24784
38211
10618
11172
24930
50913
15447
58233
55748
59849
15313
46037
35482
27159
7099
43937
5661
36914
35057
50473
23105
40105
34768
39259
49357
5154
43271
34427
58483
20565
43494
12970
40500
6985
33022
29000
39978
23644
15837
45831
33804
15162
1538
59673
10362
49714
22851
23602
26503
25364
18413
27407
54698
8706
52159
58385
1132
8795
5337
57590
351
29778
40502
5261
19853
7883
29573
21722
14935
16447
16347
56670
50791
43644
27537
2729
28118
16051
30995
34682
38988
53495
20302
17073
44214
13378
36916
21641
40047
52490
11973
51985
5114
1546
5492
32022
14007
15900
45758
32883
50430
10013
933
45980
43552
12559
49542
41675
24271
36183
58054
42238
39930
34749
9702
6713
55394
53384
25236
27258
54687
40928
19366
27867
54277
21903
20205
34275
37948
10452
27896
59806
29561
6000
28957
16710
51032
14506
44843
32622
22380
25661
22545
16736
26433
34357
2355
17894
49546
54174
30359
39812
16411
37716
53899
16948
44745
31942
27607
34272
28534
45165
27706
50049
26841
52609
18545
20183
2308
36902
43505
37598
19073
4524
28456
21924
51990
11753
48116
40993
17528
45156
54392
22434
25927
33475
27293
39900
37701
32787
7411
36215
18461
33241
14387
22104
35481
57584
14819
24122
33952
27436
49525
8819
5218
58631
1631
50125
10631
46326
55257
16303
54474
17729
13362
39923
49774
4019
2583
49259
28111
15160
52674
48577
41644
50316
48024
54451
45207
50829
40429
49839
28063
19363
49855
22377
45193
49786
19723
16776
22092
7624
54375
55335
25674
3506
22347
11788
55434
23233
16223
14659
1354
5703
43489
12341
53208
26509
34952
32220
11956
29934
16809
23
46043
37992
53206
51720
13876
44681
31257
25877
25565
46085
29238
15532
56997
19965
4442
47200
19296
55396
28801
58195
30280
35739
44174
35362
18245
16961
15779
31575
39542
13176
41671
35045
10173
44268
13774
28641
3057
20497
43404
29317
18342
39596
21351
14936
24198
39563
27941
55262
12184
42214
44913
48512
12038
4490
37245
40610
23849
13399
26113
16877
9800
56833
33243
17141
39023
2089
56883
36562
9837
26366
22189
33599
33784
23618
31008
21024
28703
36176
38717
30336
8308
16004
32097
47121
38830
6136
57570
47564
23159
22760
59279
37444
42094
36158
43947
13981
59183
42293
16798
6793
26135
36266
23835
2672
20069
45613
3415
26782
37456
50399
10368
4579
13947
48786
3929
23987
6144
27497
16104
4061
59923
588
28056
47123
17781
15515
51886
29221
5951
13830
51087
17430
46878
44975
38590
2388
6921
5747
12460
40896
23787
32176
7743
50972
41980
20177
31506
5456
1400
21845
55754
29541
32829
44022
15123
23911
17531
32346
17927
24726
22014
57081
44888
21625
4832
15971
41571
16455
54777
1382
8183
18279
50891
39128
32039
13960
13674
45600
19392
30911
24683
51475
8135
27783
59723
59980
8553
29969
49269
3914
18834
45648
59324
6189
29473
768
32941
29757
14440
40582
46608
42879
38337
35552
53355
47346
18766
56257
35993
59755
7106
5192
54860
57151
9178
30618
49001
17063
19287
21471
25838
20269
28862
35540
54321
30490
23366
40686
35616
28877
49550
6987
49190
19322
44078
52326
13369
3109
26501
59629
2182
24585
29097
35780
48101
20243
55745
31510
31408
17604
383
53703
23447
25333
30975
30205
31698
56365
18008
55275
40608
25768
50653
6810
31127
32156
54705
23255
49538
49439
36153
15609
1921
43485
6116
56793
14559
54298
11490
47674
34098
28431
31407
8680
52528
15301
5700
43823
12080
22351
23810
31223
53062
4134
11167
52137
34212
53473
13696
3257
50680
7672
34792
38043
19034
25361
36004
40455
9296
42016
21989
44051
38270
41653
24871
47788
18958
46520
40807
12501
2452
50458
40281
15057
22869
10989
13575
49866
6934
35677
50153
2318
46475
58718
58506
44584
49686
340
41775
7150
41574
37048
33743
57830
27184
31739
7229
4016
55722
6925
30772
47399
35827
15176
53805
40896
29179
1211
51799
29556
40109
29815
20101
47669
7963
13122
1662
28198
38874
33609
26254
53204
22404
10603
47251
3755
58643
59344
58299
26097
25340
39444
1907
208
23376
36277
46346
12614
21584
53809
23065
19088
48384
52169
10553
8074
28740
19805
2819
10702
5284
11916
3573
48823
49487
21830
2873
20020
56157
49414
58027
4567
24491
39073
54925
23804
27285
23365
41219
39202
22818
22816
47271
46780
48494
20757
12909
42842
58267
54050
47943
8362
17257
14277
41271
59149
59717
34989
49146
10939
17788
53703
25190
43562
38653
16419
6775
37219
7786
47386
50604
20383
38426
28300
18347
25573
49329
657
8421
45988
59081
11603
16318
2677
8485
39496
18560
17679
13007
10797
25334
55439
50041
35988
55745
33837
49713
25291
58420
20253
42061
38018
25743
39609
51765
50455
39958
44562
32300
12049
31068
21127
24416
23998
23869
53505
12211
4346
59736
16626
21563
14605
770
48960
14968
33557
16259
26217
12274
36815
3827
39986
21060
22905
43049
25619
1909
49501
7846
13768
29348
7045
31627
879
6237
19752
51536
4993
13577
13683
4083
43699
22692
47599
22667
3356
15868
20518
40471
18231
42983
28842
31147
35579
34635
20713
2145
26669
20888
59176
47383
2851
46806
47339
52632
39524
50556
53864
22648
24330
45641
9221
48713
51657
52766
26640
22025
7369
23887
46621
12092
601
52203
54486
57444
10621
42645
59399
44074
46877
27377
330
25220
48928
48166
45165
39922
48321
10246
13273
50122
9000
816
29936
53325
32278
38868
678
10969
59706
13430
30920
7850
3225
21928
32394
30096
6949
18758
36281
50578
53330
16873
49369
37505
44475
19096
9414
59941
42243
23121
35404
30771
32735
49603
4861
31978
27014
12942
38829
36083
34629
15610
54328
7285
49639
33725
133
16817
7744
27117
51119
36994
53523
6590
15975
59965
46634
8431
36582
37342
144
11436
56015
53283
48414
40443
45333
49247
37360
23301
23000
58904
25619
30677
31678
49913
12122
9720
7937
55473
30467
4458
41939
28745
47785
29288
47170
38876
43322
56227
55727
11006
38881
56632
38412
54765
55646
22932
53980
49260
36407
19805
18844
44475
53491
37828
46960
21367
58605
39445
51589
20297
44613
30728
21272
48111
49083
13483
52892
27328
17875
45533
31967
46328
33817
49385
41718
49644
36321
50518
28881
55288
2938
27493
27486
24154
5562
6448
26666
43070
15539
10329
22166
59767
28621
25634
23116
2944
16238
9326
26890
19243
27727
9161
19930
8886
1733
11468
7717
1357
55743
35253
6324
51640
47097
18687
48571
28374
4988
55891
19015
54643
59111
7796
9473
10458
34614
9787
5536
51844
29113
4908
47445
7410
5550
34171
45346
48100
46056
3726
6812
7789
41589
59761
8953
24363
22886
17132
44569
21856
26572
8226
46888
7883
32779
32457
27888
47599
56429
13918
59421
49591
44921
48996
12769
27724
19609
41941
35917
43320
49586
45702
14041
44495
3412
45186
10679
34099
57303
42944
22764
7238
1727
20429
29573
36453
36268
8444
20631
25148
2935
57395
45613
7859
9096
6661
28594
43260
38840
19090
8348
49043
16935
45614
56976
14188
6169
50909
25440
46568
38760
56261
47738
1248
11
25882
29497
36908
44872
49819
47272
191
40200
14294
22291
59190
58826
10700
59525
54872
31177
1552
35189
23131
39375
30238
19348
44553
9337
31498
34073
29606
56814
11044
37719
13618
276
28380
24780
36830
8931
14151
23365
42161
6239
21854
16560
6134
29074
58635
6923
48561
53765
59642
11846
21019
47946
44107
58222
953
41842
47181
26067
23631
17568
43454
48936
13395
30893
56588
28063
16393
40547
164
31608
11887
14661
44795
35967
58580
24970
43138
32714
22300
44757
55059
15968
6356
11851
25398
1607
8749
12950
7324
5423
10706
31834
4821
35709
57951
2088
44225
5591
22542
13385
1643
6644
29585
58441
8774
20914
16088
55616
21673
45946
26086
18662
23689
14556
3397
51161
8430
21351
7483
32653
44609
24023
24181
35034
57002
58966
59599
25371
7345
6302
45116
58005
48718
33722
12688
32399
39598
15018
2670
55648
37496
11371
19902
5621
59623
21552
7441
15711
15005
48323
44514
37829
35771
47943
58670
36282
35509
35735
54158
4731
36578
23798
38528
59975
1779
24466
58211
42157
42378
20803
59314
49272
19650
18981
44403
6413
10966
35443
46140
36102
25859
51825
48105
48066
25520
47546
30205
37159
28604
5189
7430
12130
52145
3661
7098
4258
2114
5955
42087
51499
27287
45899
9574
23931
32983
12153
40685
34672
36378
3043
32974
48015
1590
57842
12226
2574
30613
6409
33077
57399
15378
1139
11209
5933
44700
27988
48730
28314
50584
12952
48975
23612
44903
3067
6135
30966
50289
58361
42114
13991
53443
55187
6875
8158
57361
44901
49499
24198
56174
15986
42412
55283
54123
33253
40994
21046
5095
57443
22049
38302
5395
46282
33390
50738
42846
33510
15628
51136
40747
6082
9820
48813
11408
45237
20070
13197
18397
6123
9023
16169
17086
36865
51885
39896
10783
16116
49184
54075
28096
1290
1291
36204
23027
40836
45915
56616
59156
9370
55606
57882
42926
37849
23157
50132
29317
54319
36480
52980
40871
40123
35975
17246
45761
38710
56605
53747
21300
49120
14666
43281
55627
52214
51075
14341
35283
10410
40580
55780
34045
24924
40501
819
56728
25063
1147
54475
43598
33357
2507
50972
41348
57793
16721
24531
15116
58348
48628
35892
41602
40227
23134
30249
15847
51298
21687
18993
22059
3786
53959
55924
6455
22488
20381
13416
22076
9642
31210
49623
8580
16097
47485
21807
7087
5907
55312
2204
41783
55665
49116
7398
51525
20139
57382
44617
42076
34441
8505
31172
34663
23150
46428
54317
7240
1502
30581
19532
43766
46771
16683
41177
24596
5556
49802
10516
11886
15244
24828
49473
476
8165
20386
54235
53944
41790
49935
46448
39654
58403
33240
41722
29096
19526
29618
27404
41622
47193
20769
19620
12975
55596
23533
31021
7248
18394
24767
3688
19603
34076
37900
12977
58487
34162
26249
4515
23438
29883
35240
48808
12943
47077
34645
28480
7461
23727
6573
54810
11519
16596
47913
50920
8899
55072
45338
30503
34839
11329
17277
39075
45230
11223
21486
7338
26596
3769
52893
40395
11764
11265
28451
52685
39208
25651
5070
1929
4869
55906
54913
41457
53446
52698
9091
26190
26812
45344
23537
5529
33589
54020
9320
31524
18818
8809
34064
53840
14102
11057
40729
23320
15756
40453
2995
40524
49127
49492
17273
14906
22908
27653
42076
34531
45825
7722
25434
2453
53103
23267
12255
11432
17862
49271
35376
50479
52967
39260
55038
46376
20065
37211
28395
50258
11340
14363
44798
33962
19081
17813
4813
16143
58768
18207
46418
38866
30333
38789
185
355
19996
40230
33262
28305
26895
7964
1668
56906
17288
41387
30041
4837
24318
9988
39297
55291
18117
53613
18580
29800
58211
36529
4130
15409
48537
12366
8724
49475
14675
12961
41149
21121
20992
34687
19029
25756
32403
22166
168
36608
33897
46428
38534
4426
47477
9688
42289
57303
49825
43329
32873
31211
48293
43347
54144
43255
59403
358
18895
242
1129
18198
8356
43093
4968
36372
24232
31379
18134
19750
54194
15722
2254
48133
9073
54688
24497
22787
22882
31136
9249
54520
23804
35037
14698
45927
31420
36832
33116
31046
26854
9537
54695
9627
13629
2836
38424
7363
54318
45037
27287
40129
28673
4580
33989
47448
43768
23154
46301
56425
29979
57377
44210
22760
36929
18481
37477
23958
57989
32937
33892
43030
3600
34729
43827
8203
15341
5364
40497
1926
30527
48452
36152
44586
39621
23023
46253
18646
48562
34299
11925
49521
34972
27752
52205
32743
52018
14703
57145
10383
30926
29854
4477
39321
9976
54996
51205
21084
55883
9741
56164
29866
20240
40639
15648
42939
1670
18110
45273
17772
58627
27561
3000
59461
46220
50504
33316
8116
58625
20257
31910
40067
55468
50381
39902
59571
14570
5396
25890
47892
53567
42552
8617
4234
59907
51675
49168
49872
24294
36292
21330
34129
48285
26519
9111
51081
52789
25067
6702
27710
49028
3633
43180
34970
17212
35580
22235
49836
56942
19139
20071
