40 7
0 105 770
285 0 184
393 702 0
2 10 39
38 1 2 3 4 5 6 7 8 9 11 12 13 14 15 16 17 18 19 20 21 22 23 24 25 26 27 28 29 30 31 32 33 34 35 36 37 38 40
0
4 17 26 27 32
36 1 2 3 4 5 6 7 8 9 10 11 12 13 14 15 16 18 19 20 21 22 23 24 25 28 29 30 31 33 34 35 36 37 38 39 40
0
5 2 3 8 22 39
35 1 4 5 6 7 9 10 11 12 13 14 15 16 17 18 19 20 21 23 24 25 26 27 28 29 30 31 32 33 34 35 36 37 38 40
0
4 12 13 29 33
36 1 2 3 4 5 6 7 8 9 10 11 14 15 16 17 18 19 20 21 22 23 24 25 26 27 28 30 31 32 34 35 36 37 38 39 40
0
5 7 12 16 19 29
35 1 2 3 4 5 6 8 9 10 11 13 14 15 17 18 20 21 22 23 24 25 26 27 28 30 31 32 33 34 35 36 37 38 39 40
0
3 11 17 26
37 1 2 3 4 5 6 7 8 9 10 12 13 14 15 16 18 19 20 21 22 23 24 25 27 28 29 30 31 32 33 34 35 36 37 38 39 40
0
3 13 18 30
37 1 2 3 4 5 6 7 8 9 10 11 12 14 15 16 17 19 20 21 22 23 24 25 26 27 28 29 31 32 33 34 35 36 37 38 39 40
0
4 18 20 24 26
36 1 2 3 4 5 6 7 8 9 10 11 12 13 14 15 16 17 19 21 22 23 25 27 28 29 30 31 32 33 34 35 36 37 38 39 40
0
