40 16
0 708 843
62 0 419
178 662 0
33 1 2 3 4 5 6 7 9 10 11 13 14 15 16 17 18 19 20 21 22 24 25 26 27 28 29 30 32 33 34 35 36 40
1 37
6 8 12 23 31 38 39
3 22 28 34
30 1 2 3 4 5 6 7 9 10 11 12 13 14 15 16 17 19 21 25 26 27 29 30 31 33 35 36 38 39 40
7 8 18 20 23 24 32 37
12 1 5 14 19 20 23 24 27 32 33 34 40
28 2 3 4 6 7 8 9 10 11 12 13 15 16 17 18 21 22 25 26 28 29 30 31 35 36 37 38 39
0
35 1 2 3 4 5 6 7 10 11 12 13 14 15 16 17 18 19 20 21 22 23 24 26 27 28 30 31 32 33 34 35 36 37 38 40
5 8 9 25 29 39
0
15 4 8 9 11 13 15 16 24 26 27 29 31 34 35 38
9 1 7 10 12 19 28 33 37 40
16 2 3 5 6 14 17 18 20 21 22 23 25 30 32 36 39
0
11 1 4 5 12 14 17 21 28 31 32 35
29 2 3 6 7 8 9 10 11 13 15 16 18 19 20 22 23 24 25 26 27 29 30 33 34 36 37 38 39 40
33 1 2 3 4 5 6 7 8 9 10 12 13 14 17 18 19 20 21 22 23 24 25 26 28 29 30 31 32 33 34 35 38 39
0
7 11 15 16 27 36 37 40
21 4 7 8 9 10 11 13 14 15 17 18 20 22 25 28 33 34 35 36 38 39
0
19 1 2 3 5 6 12 16 19 21 23 24 26 27 29 30 31 32 37 40
10 1 8 14 17 21 23 26 28 38 39
21 4 5 6 9 10 11 12 15 18 20 24 25 27 29 30 31 33 34 35 36 37
9 2 3 7 13 16 19 22 32 40
0
0
40 1 2 3 4 5 6 7 8 9 10 11 12 13 14 15 16 17 18 19 20 21 22 23 24 25 26 27 28 29 30 31 32 33 34 35 36 37 38 39 40
0
36 1 2 3 4 5 6 7 9 10 11 12 13 14 15 16 17 18 19 20 21 22 23 24 25 26 27 28 29 31 32 33 35 36 38 39 40
4 8 30 34 37
0
19 1 5 6 8 9 14 17 20 21 22 23 25 26 29 30 31 35 37 39
21 2 3 4 7 10 11 12 13 15 16 18 19 24 27 28 32 33 34 36 38 40
13 2 4 7 8 13 15 17 19 25 26 30 36 39
0
27 1 3 5 6 9 10 11 12 14 16 18 20 21 22 23 24 27 28 29 31 32 33 34 35 37 38 40
5 3 5 8 14 16
5 2 4 15 32 35
30 1 6 7 9 10 11 12 13 17 18 19 20 21 22 23 24 25 26 27 28 29 30 31 33 34 36 37 38 39 40
21 1 3 4 5 7 8 9 12 13 14 17 21 22 24 25 27 28 30 34 36 37
19 2 6 10 11 15 16 18 19 20 23 26 29 31 32 33 35 38 39 40
0
5 3 13 16 20 25
0
35 1 2 4 5 6 7 8 9 10 11 12 14 15 17 18 19 21 22 23 24 26 27 28 29 30 31 32 33 34 35 36 37 38 39 40
29 1 4 5 6 7 8 11 12 13 14 15 17 18 19 20 22 23 24 25 26 27 29 31 32 33 34 35 36 39
11 2 3 9 10 16 21 28 30 37 38 40
0
