40 16
0 667 886
175 0 695
88 259 0
0
27 1 3 4 5 6 7 8 10 11 15 17 18 20 21 24 26 27 28 29 31 32 33 34 35 36 37 39
13 2 9 12 13 14 16 19 22 23 25 30 38 40
29 1 3 4 5 6 8 9 10 11 12 13 15 18 21 23 24 25 26 27 28 29 30 31 32 33 34 35 38 40
11 2 7 14 16 17 19 20 22 36 37 39
0
39 1 2 3 4 5 6 7 8 9 10 11 12 13 14 15 16 17 18 19 20 21 22 23 24 25 26 27 28 29 30 31 32 33 34 35 37 38 39 40
1 36
0
24 3 4 7 10 11 15 16 17 19 20 21 25 26 27 28 29 30 31 33 34 36 38 39 40
0
16 1 2 5 6 8 9 12 13 14 18 22 23 24 32 35 37
22 1 2 7 9 11 13 15 16 18 19 20 21 22 23 25 28 29 33 34 36 37 38
18 3 4 5 6 8 10 12 14 17 24 26 27 30 31 32 35 39 40
0
18 1 3 4 6 8 13 14 15 16 18 21 22 24 25 28 34 35 36
0
22 2 5 7 9 10 11 12 17 19 20 23 26 27 29 30 31 32 33 37 38 39 40
11 5 7 8 13 14 27 28 29 32 34 39
29 1 2 3 4 6 9 10 11 12 15 16 17 18 19 20 21 22 23 24 25 26 30 31 33 35 36 37 38 40
0
0
37 1 2 4 5 6 7 8 10 11 12 13 14 15 16 17 18 19 20 21 22 23 24 25 26 27 28 29 30 31 32 33 35 36 37 38 39 40
3 3 9 34
0
11 4 8 14 16 18 26 27 28 31 33 38
29 1 2 3 5 6 7 9 10 11 12 13 15 17 19 20 21 22 23 24 25 29 30 32 34 35 36 37 39 40
1 30
0
39 1 2 3 4 5 6 7 8 9 10 11 12 13 14 15 16 17 18 19 20 21 22 23 24 25 26 27 28 29 31 32 33 34 35 36 37 38 39 40
0
4 6 15 27 37
36 1 2 3 4 5 7 8 9 10 11 12 13 14 16 17 18 19 20 21 22 23 24 25 26 28 29 30 31 32 33 34 35 36 38 39 40
9 5 6 7 13 19 28 32 33 40
19 1 3 4 8 9 10 15 17 18 20 22 25 26 27 31 34 36 37 39
12 2 11 12 14 16 21 23 24 29 30 35 38
6 5 12 23 24 26 40
18 2 3 9 11 13 16 20 25 27 28 30 32 33 34 35 36 38 39
16 1 4 6 7 8 10 14 15 17 18 19 21 22 29 31 37
18 6 7 8 9 10 11 12 13 14 22 24 27 28 30 32 34 39 40
3 5 18 29
19 1 2 3 4 15 16 17 19 20 21 23 25 26 31 33 35 36 37 38
11 4 5 12 15 17 19 23 27 28 32 39
29 1 2 3 6 7 8 9 10 11 13 14 16 18 20 21 22 24 25 26 29 30 31 33 34 35 36 37 38 40
0
0
0
40 1 2 3 4 5 6 7 8 9 10 11 12 13 14 15 16 17 18 19 20 21 22 23 24 25 26 27 28 29 30 31 32 33 34 35 36 37 38 39 40
27 1 3 4 5 6 7 8 9 10 12 13 14 16 17 18 20 21 22 24 25 26 27 28 32 35 38 40
4 23 30 31 36
9 2 11 15 19 29 33 34 37 39
