40 16
0 456 495
157 0 753
154 2 0
5 1 21 26 27 29
0
35 2 3 4 5 6 7 8 9 10 11 12 13 14 15 16 17 18 19 20 22 23 24 25 28 30 31 32 33 34 35 36 37 38 39 40
20 3 5 7 9 10 12 14 15 16 18 19 20 23 28 31 33 36 38 39 40
2 21 32
18 1 2 4 6 8 11 13 17 22 24 25 26 27 29 30 34 35 37
3 11 23 33
22 2 4 10 12 13 14 15 16 17 18 19 20 21 22 24 28 31 32 36 38 39 40
15 1 3 5 6 7 8 9 25 26 27 29 30 34 35 37
22 1 7 8 10 11 14 15 18 19 20 22 24 25 26 28 30 33 34 35 36 38 39
0
18 2 3 4 5 6 9 12 13 16 17 21 23 27 29 31 32 37 40
0
3 15 30 38
37 1 2 3 4 5 6 7 8 9 10 11 12 13 14 16 17 18 19 20 21 22 23 24 25 26 27 28 29 31 32 33 34 35 36 37 39 40
17 2 3 9 12 13 14 17 18 19 23 24 25 26 29 32 37 38
0
23 1 4 5 6 7 8 10 11 15 16 20 21 22 27 28 30 31 33 34 35 36 39 40
12 3 9 10 12 13 14 17 21 22 24 28 30
3 18 25 29
25 1 2 4 5 6 7 8 11 15 16 19 20 23 26 27 31 32 33 34 35 36 37 38 39 40
0
17 3 6 7 8 10 11 12 13 18 19 24 29 30 32 33 35 40
23 1 2 4 5 9 14 15 16 17 20 21 22 23 25 26 27 28 31 34 36 37 38 39
0
29 2 3 5 7 8 9 11 12 13 15 18 19 21 22 23 24 25 26 27 28 29 30 31 32 34 36 38 39 40
11 1 4 6 10 14 16 17 20 33 35 37
12 5 6 9 11 16 20 22 23 24 26 31 35
15 2 7 10 12 14 15 17 19 25 29 34 36 37 38 39
13 1 3 4 8 13 18 21 27 28 30 32 33 40
3 2 9 29
5 5 14 16 19 21
32 1 3 4 6 7 8 10 11 12 13 15 17 18 20 22 23 24 25 26 27 28 30 31 32 33 34 35 36 37 38 39 40
0
10 10 12 18 20 24 29 32 34 35 38
30 1 2 3 4 5 6 7 8 9 11 13 14 15 16 17 19 21 22 23 25 26 27 28 30 31 33 36 37 39 40
2 25 31
29 1 2 4 5 6 7 8 10 12 13 15 16 17 18 21 22 23 26 27 28 29 30 32 33 35 36 37 38 39
9 3 9 11 14 19 20 24 34 40
9 1 3 23 24 29 31 34 37 38
31 2 4 5 6 7 8 9 10 11 12 13 14 15 16 17 18 19 20 21 22 25 26 27 28 30 32 33 35 36 39 40
0
34 1 2 3 5 6 7 8 9 10 11 12 14 15 16 17 18 19 20 21 22 23 26 27 28 29 30 31 32 33 35 36 37 38 40
0
6 4 13 24 25 34 39
29 1 3 5 7 8 9 10 11 12 17 19 21 22 23 24 25 26 27 28 29 30 31 32 33 34 35 36 37 38
7 4 14 15 16 18 20 40
4 2 6 13 39
22 1 3 4 7 8 10 11 12 13 15 17 18 21 23 24 25 26 27 30 33 35 39
18 2 5 6 9 14 16 19 20 22 28 29 31 32 34 36 37 38 40
0
