40 16
0 520 494
942 0 441
593 447 0
13 3 5 6 7 9 13 14 15 17 20 28 30 39
12 2 10 11 18 23 25 26 31 32 34 37 40
15 1 4 8 12 16 19 21 22 24 27 29 33 35 36 38
15 2 6 7 15 16 19 20 23 26 27 30 32 33 37 38
9 1 3 10 17 18 24 25 34 39
16 4 5 8 9 11 12 13 14 21 22 28 29 31 35 36 40
10 2 4 9 10 16 20 25 26 31 37
15 1 6 8 11 13 14 15 17 23 24 30 34 35 39 40
15 3 5 7 12 18 19 21 22 27 28 29 32 33 36 38
14 1 7 8 12 16 18 20 23 25 26 27 32 36 40
7 4 13 28 30 34 38 39
19 2 3 5 6 9 10 11 14 15 17 19 21 22 24 29 31 33 35 37
13 4 5 6 18 21 22 24 25 27 28 29 30 38
14 2 3 9 13 15 17 23 26 31 34 35 37 39 40
13 1 7 8 10 11 12 14 16 19 20 32 33 36
13 3 5 6 9 10 14 17 22 27 31 34 36 40
14 1 2 8 12 13 24 25 29 30 32 33 35 37 38
13 4 7 11 15 16 18 19 20 21 23 26 28 39
16 3 7 8 9 12 13 15 18 28 29 31 33 36 37 38 39
14 1 2 4 5 6 11 16 17 24 25 26 27 32 40
10 10 14 19 20 21 22 23 30 34 35
18 3 7 12 14 15 16 19 20 21 26 27 28 31 33 34 35 36 37
8 4 10 11 13 22 25 39 40
14 1 2 5 6 8 9 17 18 23 24 29 30 32 38
9 2 7 8 10 30 35 37 38 40
12 4 5 6 12 14 19 21 23 28 31 32 33
19 1 3 9 11 13 15 16 17 18 20 22 24 25 26 27 29 34 36 39
16 1 7 9 10 12 15 19 21 23 25 28 30 31 33 39 40
13 3 5 6 11 13 14 17 26 29 32 34 37 38
11 2 4 8 16 18 20 22 24 27 35 36
15 6 7 9 13 14 15 20 21 22 26 31 32 35 36 40
12 1 3 4 8 10 12 16 17 30 33 34 37
13 2 5 11 18 19 23 24 25 27 28 29 38 39
10 4 9 10 11 20 22 25 28 32 40
16 1 2 5 6 7 13 17 18 23 26 29 31 34 36 37 39
14 3 8 12 14 15 16 19 21 24 27 30 33 35 38
12 3 6 17 21 24 25 26 29 34 35 38 40
20 1 2 4 5 7 8 9 10 13 16 18 19 20 22 27 31 32 33 36 39
8 11 12 14 15 23 28 30 37
15 6 9 15 17 19 25 26 27 28 31 32 36 37 38 39
14 1 4 8 11 13 14 18 20 21 22 23 29 33 34
11 2 3 5 7 10 12 16 24 30 35 40
8 2 3 7 17 21 23 26 27
14 1 8 10 11 13 14 18 19 33 34 35 37 39 40
18 4 5 6 9 12 15 16 20 22 24 25 28 29 30 31 32 36 38
12 1 4 6 8 9 12 21 27 29 30 31 37
18 3 5 10 11 16 17 18 19 20 22 23 24 25 26 32 34 35 40
10 2 7 13 14 15 28 33 36 38 39
14 1 2 6 7 9 13 14 15 21 23 29 33 36 40
14 3 4 5 17 18 20 24 25 26 27 31 34 37 39
12 8 10 11 12 16 19 22 28 30 32 35 38
