40 16
0 1000 1000
1000 0 1000
1000 1000 0
8 5 8 10 17 18 20 24 29
15 1 2 3 4 7 11 12 13 14 19 22 28 31 33 36
17 6 9 15 16 21 23 25 26 27 30 32 34 35 37 38 39 40
13 10 11 12 14 17 18 20 27 28 30 31 35 39
18 1 4 6 7 8 9 13 19 21 22 24 29 32 33 34 36 37 40
9 2 3 5 15 16 23 25 26 38
15 4 10 11 14 16 21 28 29 30 31 33 34 35 37 38
13 1 6 12 15 18 19 23 24 25 26 27 32 36
12 2 3 5 7 8 9 13 17 20 22 39 40
14 3 4 9 10 17 20 21 23 24 26 32 33 35 40
13 7 8 13 14 16 19 25 27 28 29 36 37 38
13 1 2 5 6 11 12 15 18 22 30 31 34 39
15 3 5 8 12 13 14 15 24 26 29 33 35 36 38 39
12 1 4 6 7 10 16 22 23 25 28 30 37
13 2 9 11 17 18 19 20 21 27 31 32 34 40
12 3 4 7 8 18 19 24 25 28 32 38 40
16 9 10 11 12 14 15 16 20 21 22 23 26 27 30 35 36
12 1 2 5 6 13 17 29 31 33 34 37 39
12 2 5 10 11 12 14 20 24 25 28 30 40
12 6 7 8 9 18 19 22 26 33 35 37 38
16 1 3 4 13 15 16 17 21 23 27 29 31 32 34 36 39
13 3 6 10 13 14 17 19 24 28 31 34 35 36
11 4 7 8 9 11 16 20 22 27 30 40
16 1 2 5 12 15 18 21 23 25 26 29 32 33 37 38 39
16 1 2 5 6 9 11 13 15 16 17 18 25 27 28 37 40
14 3 8 20 22 24 26 29 30 31 34 35 36 38 39
10 4 7 10 12 14 19 21 23 32 33
16 3 11 12 13 14 17 18 20 26 30 32 34 35 36 37 40
13 1 2 4 5 7 9 16 19 22 24 28 33 38
11 6 8 10 15 21 23 25 27 29 31 39
18 2 4 5 6 7 8 10 16 17 18 19 20 25 26 32 35 39 40
10 9 12 14 15 21 24 28 29 37 38
12 1 3 11 13 22 23 27 30 31 33 34 36
10 5 9 12 14 17 20 24 29 31 37
17 1 3 7 8 10 16 19 21 22 23 25 26 28 33 34 35 38
13 2 4 6 11 13 15 18 27 30 32 36 39 40
16 1 3 4 7 9 10 11 14 18 26 32 34 35 37 38 39
11 13 15 17 19 20 23 24 25 27 28 36
13 2 5 6 8 12 16 21 22 29 30 31 33 40
15 4 9 10 14 16 18 19 27 30 31 35 37 38 39 40
9 7 8 11 12 13 15 24 33 36
16 1 2 3 5 6 17 20 21 22 23 25 26 28 29 32 34
15 3 4 10 12 15 18 23 26 29 31 33 34 35 37 39
14 1 2 7 8 9 14 16 17 19 20 21 27 36 38
11 5 6 11 13 22 24 25 28 30 32 40
11 1 10 11 14 17 18 23 25 27 35 36
14 2 3 4 5 9 13 19 20 22 28 29 30 39 40
15 6 7 8 12 15 16 21 24 26 31 32 33 34 37 38
14 1 3 4 6 7 9 10 12 13 18 27 30 31 40
10 5 11 19 21 23 28 29 35 37 38
16 2 8 14 15 16 17 20 22 24 25 26 32 33 34 36 39
