40 16
0 898 681
316 0 671
750 186 0
11 5 11 12 14 18 21 23 28 29 36 38
13 1 2 4 6 8 9 13 16 20 24 27 35 39
16 3 7 10 15 17 19 22 25 26 30 31 32 33 34 37 40
16 3 9 11 17 20 22 24 27 29 30 31 32 33 37 38 39
13 6 7 10 12 13 18 19 23 25 26 35 36 40
11 1 2 4 5 8 14 15 16 21 28 34
10 9 10 12 18 23 24 26 30 33 40
13 1 2 5 7 11 22 27 28 35 36 37 38 39
17 3 4 6 8 13 14 15 16 17 19 20 21 25 29 31 32 34
14 2 5 10 14 20 22 25 26 28 30 34 35 36 37
11 3 6 8 9 13 15 19 27 29 38 39
15 1 4 7 11 12 16 17 18 21 23 24 31 32 33 40
12 1 4 6 10 12 16 23 24 26 29 34 38
14 3 14 15 17 18 20 21 25 27 28 30 31 32 39
14 2 5 7 8 9 11 13 19 22 33 35 36 37 40
19 1 2 3 5 7 11 14 15 17 18 25 28 30 33 35 36 37 39 40
11 8 13 16 20 23 24 26 29 31 32 38
10 4 6 9 10 12 19 21 22 27 34
15 2 3 5 8 12 15 17 18 23 26 31 35 36 37 38
7 4 14 16 21 28 29 33
18 1 6 7 9 10 11 13 19 20 22 24 25 27 30 32 34 39 40
14 1 3 8 11 13 14 21 23 28 32 33 34 35 39
8 10 12 18 24 25 36 37 38
18 2 4 5 6 7 9 15 16 17 19 20 22 26 27 29 30 31 40
13 2 3 6 8 17 18 20 25 27 32 35 38 39
15 1 7 13 14 15 16 19 21 22 26 29 30 31 33 34
12 4 5 9 10 11 12 23 24 28 36 37 40
12 6 7 12 13 16 22 23 26 27 29 32 40
18 1 2 3 5 8 9 14 15 19 24 25 28 30 33 34 35 37 38
10 4 10 11 17 18 20 21 31 36 39
10 2 4 5 6 24 27 30 32 33 39
20 1 3 9 10 12 15 16 17 18 19 20 21 22 23 26 29 34 35 36 40
10 7 8 11 13 14 25 28 31 37 38
10 3 14 15 17 18 19 33 34 37 38
13 4 5 9 11 13 23 25 29 30 31 35 36 39
17 1 2 6 7 8 10 12 16 20 21 22 24 26 27 28 32 40
13 3 4 7 8 11 16 19 21 23 29 37 38 39
16 5 6 10 12 13 14 18 22 24 25 26 27 28 30 33 35
11 1 2 9 15 17 20 31 32 34 36 40
17 2 9 11 13 15 17 19 22 24 25 27 31 32 33 35 37 38
14 1 3 5 6 14 16 20 26 28 29 30 34 36 39
9 4 7 8 10 12 18 21 23 40
9 3 4 5 6 15 25 29 36 37
12 1 7 9 12 18 19 21 23 24 26 27 34
19 2 8 10 11 13 14 16 17 20 22 28 30 31 32 33 35 38 39 40
10 3 7 10 12 14 16 27 30 38 39
12 2 4 15 17 19 21 22 28 31 33 34 36
18 1 5 6 8 9 11 13 18 20 23 24 25 26 29 32 35 37 40
14 4 5 7 9 11 19 20 21 23 27 28 30 32 40
11 10 12 14 15 16 24 29 31 33 36 39
15 1 2 3 6 8 13 17 18 22 25 26 34 35 37 38
