40 14
0 532 758
224 0 636
297 707 0
8 3 5 8 11 12 15 24 27
8 10 17 21 26 28 34 37 40
24 1 2 4 6 7 9 13 14 16 18 19 20 22 23 25 29 30 31 32 33 35 36 38 39
15 1 3 6 7 11 20 21 22 23 25 28 31 34 36 37
4 2 4 18 38
21 5 8 9 10 12 13 14 15 16 17 19 24 26 27 29 30 32 33 35 39 40
10 3 16 19 23 25 28 29 31 33 36
2 4 35
28 1 2 5 6 7 8 9 10 11 12 13 14 15 17 18 20 21 22 24 26 27 30 32 34 37 38 39 40
19 2 4 6 7 12 15 17 19 22 26 27 28 29 30 32 33 36 39 40
6 3 5 10 16 23 37
15 1 8 9 11 13 14 18 20 21 24 25 31 34 35 38
11 1 2 15 17 25 26 27 28 32 35 40
3 10 11 13
26 3 4 5 6 7 8 9 12 14 16 18 19 20 21 22 23 24 29 30 31 33 34 36 37 38 39
11 6 11 12 18 19 20 21 25 27 34 40
4 5 28 31 35
25 1 2 3 4 7 8 9 10 13 14 15 16 17 22 23 24 26 29 30 32 33 36 37 38 39
15 4 5 6 11 13 16 20 23 24 25 31 33 34 35 37
5 2 18 21 29 36
20 1 3 7 8 9 10 12 14 15 17 19 22 26 27 28 30 32 38 39 40
16 2 4 6 7 10 13 15 16 17 18 23 29 31 34 37 39
3 26 28 32
21 1 3 5 8 9 11 12 14 19 20 21 22 24 25 27 30 33 35 36 38 40
13 3 4 5 7 18 19 20 21 26 27 30 37 38
2 6 36
25 1 2 8 9 10 11 12 13 14 15 16 17 22 23 24 25 28 29 31 32 33 34 35 39 40
11 1 2 6 13 18 19 24 26 27 33 38
2 12 29
27 3 4 5 7 8 9 10 11 14 15 16 17 20 21 22 23 25 28 30 31 32 34 35 36 37 39 40
13 1 3 8 9 13 14 15 16 26 27 30 34 39
4 12 18 19 37
23 2 4 5 6 7 10 11 17 20 21 22 23 24 25 28 29 31 32 33 35 36 38 40
16 2 3 5 7 9 10 11 12 14 25 27 28 30 34 37 38
1 21
23 1 4 6 8 13 15 16 17 18 19 20 22 23 24 26 29 31 32 33 35 36 39 40
14 2 3 6 8 9 10 12 15 19 25 26 29 30 35
5 7 24 28 38 40
21 1 4 5 11 13 14 16 17 18 20 21 22 23 27 31 32 33 34 36 37 39
8 5 12 14 25 33 34 38 39
5 3 7 20 32 37
27 1 2 4 6 8 9 10 11 13 15 16 17 18 19 21 22 23 24 26 27 28 29 30 31 35 36 40
12 10 11 14 17 19 20 21 22 29 30 32 38
3 26 35 36
25 1 2 3 4 5 6 7 8 9 12 13 15 16 18 23 24 25 27 28 31 33 34 37 39 40
