40 16
0 401 630
759 0 320
80 184 0
0
0
40 1 2 3 4 5 6 7 8 9 10 11 12 13 14 15 16 17 18 19 20 21 22 23 24 25 26 27 28 29 30 31 32 33 34 35 36 37 38 39 40
40 1 2 3 4 5 6 7 8 9 10 11 12 13 14 15 16 17 18 19 20 21 22 23 24 25 26 27 28 29 30 31 32 33 34 35 36 37 38 39 40
0
0
24 3 4 5 7 8 9 11 12 16 19 20 23 25 26 29 30 31 32 33 34 35 37 38 40
0
16 1 2 6 10 13 14 15 17 18 21 22 24 27 28 36 39
24 1 3 4 6 7 10 12 13 14 15 17 18 19 21 24 25 26 27 29 30 31 34 35 40
16 2 5 8 9 11 16 20 22 23 28 32 33 36 37 38 39
0
0
20 1 6 7 9 10 12 13 14 16 18 20 24 25 27 28 29 30 32 38 40
20 2 3 4 5 8 11 15 17 19 21 22 23 26 31 33 34 35 36 37 39
0
40 1 2 3 4 5 6 7 8 9 10 11 12 13 14 15 16 17 18 19 20 21 22 23 24 25 26 27 28 29 30 31 32 33 34 35 36 37 38 39 40
0
0
0
40 1 2 3 4 5 6 7 8 9 10 11 12 13 14 15 16 17 18 19 20 21 22 23 24 25 26 27 28 29 30 31 32 33 34 35 36 37 38 39 40
40 1 2 3 4 5 6 7 8 9 10 11 12 13 14 15 16 17 18 19 20 21 22 23 24 25 26 27 28 29 30 31 32 33 34 35 36 37 38 39 40
0
0
21 2 3 5 8 10 11 12 15 16 20 22 23 24 27 30 31 32 33 34 35 36
0
19 1 4 6 7 9 13 14 17 18 19 21 25 26 28 29 37 38 39 40
18 1 3 5 7 14 16 19 21 23 25 27 31 32 34 36 38 39 40
22 2 4 6 8 9 10 11 12 13 15 17 18 20 22 24 26 28 29 30 33 35 37
0
0
22 1 4 5 6 7 9 10 12 13 14 15 17 18 22 23 25 27 28 31 33 37 39
18 2 3 8 11 16 19 20 21 24 26 29 30 32 34 35 36 38 40
0
40 1 2 3 4 5 6 7 8 9 10 11 12 13 14 15 16 17 18 19 20 21 22 23 24 25 26 27 28 29 30 31 32 33 34 35 36 37 38 39 40
0
0
0
40 1 2 3 4 5 6 7 8 9 10 11 12 13 14 15 16 17 18 19 20 21 22 23 24 25 26 27 28 29 30 31 32 33 34 35 36 37 38 39 40
40 1 2 3 4 5 6 7 8 9 10 11 12 13 14 15 16 17 18 19 20 21 22 23 24 25 26 27 28 29 30 31 32 33 34 35 36 37 38 39 40
0
0
24 3 4 7 9 11 12 13 14 15 16 17 19 20 22 23 25 26 27 28 32 33 35 38 39
0
16 1 2 5 6 8 10 18 21 24 29 30 31 34 36 37 40
18 5 6 8 9 10 14 15 19 21 22 24 26 27 29 30 35 36 38
22 1 2 3 4 7 11 12 13 16 17 18 20 23 25 28 31 32 33 34 37 39 40
0
0
18 1 4 7 9 10 13 14 15 18 20 21 24 25 26 30 32 33 36
22 2 3 5 6 8 11 12 16 17 19 22 23 27 28 29 31 34 35 37 38 39 40
