40 16
0 337 198
126 0 552
267 789 0
0
40 1 2 3 4 5 6 7 8 9 10 11 12 13 14 15 16 17 18 19 20 21 22 23 24 25 26 27 28 29 30 31 32 33 34 35 36 37 38 39 40
0
40 1 2 3 4 5 6 7 8 9 10 11 12 13 14 15 16 17 18 19 20 21 22 23 24 25 26 27 28 29 30 31 32 33 34 35 36 37 38 39 40
0
0
21 2 3 6 7 8 9 15 16 19 20 21 25 28 29 32 34 35 36 37 38 39
19 1 4 5 10 11 12 13 14 17 18 22 23 24 26 27 30 31 33 40
0
0
0
40 1 2 3 4 5 6 7 8 9 10 11 12 13 14 15 16 17 18 19 20 21 22 23 24 25 26 27 28 29 30 31 32 33 34 35 36 37 38 39 40
0
23 2 3 4 6 7 8 9 10 12 13 15 16 19 21 22 23 25 26 31 34 36 37 39
17 1 5 11 14 17 18 20 24 27 28 29 30 32 33 35 38 40
20 1 2 4 5 7 10 11 15 16 21 22 23 27 28 30 32 33 34 38 39
0
20 3 6 8 9 12 13 14 17 18 19 20 24 25 26 29 31 35 36 37 40
0
40 1 2 3 4 5 6 7 8 9 10 11 12 13 14 15 16 17 18 19 20 21 22 23 24 25 26 27 28 29 30 31 32 33 34 35 36 37 38 39 40
0
40 1 2 3 4 5 6 7 8 9 10 11 12 13 14 15 16 17 18 19 20 21 22 23 24 25 26 27 28 29 30 31 32 33 34 35 36 37 38 39 40
0
0
14 1 2 6 7 8 9 16 19 27 28 32 35 37 40
26 3 4 5 10 11 12 13 14 15 17 18 20 21 22 23 24 25 26 29 30 31 33 34 36 38 39
0
0
0
40 1 2 3 4 5 6 7 8 9 10 11 12 13 14 15 16 17 18 19 20 21 22 23 24 25 26 27 28 29 30 31 32 33 34 35 36 37 38 39 40
0
17 5 7 9 10 11 12 15 17 18 20 23 24 25 30 31 32 37
23 1 2 3 4 6 8 13 14 16 19 21 22 26 27 28 29 33 34 35 36 38 39 40
20 1 2 3 4 5 7 9 10 16 19 20 22 27 29 30 32 33 34 37 40
0
20 6 8 11 12 13 14 15 17 18 21 23 24 25 26 28 31 35 36 38 39
0
40 1 2 3 4 5 6 7 8 9 10 11 12 13 14 15 16 17 18 19 20 21 22 23 24 25 26 27 28 29 30 31 32 33 34 35 36 37 38 39 40
0
40 1 2 3 4 5 6 7 8 9 10 11 12 13 14 15 16 17 18 19 20 21 22 23 24 25 26 27 28 29 30 31 32 33 34 35 36 37 38 39 40
0
0
20 1 4 5 7 8 9 14 15 16 20 21 22 25 26 29 30 32 35 36 39
20 2 3 6 10 11 12 13 17 18 19 23 24 27 28 31 33 34 37 38 40
0
0
0
40 1 2 3 4 5 6 7 8 9 10 11 12 13 14 15 16 17 18 19 20 21 22 23 24 25 26 27 28 29 30 31 32 33 34 35 36 37 38 39 40
0
28 3 4 5 6 7 8 9 11 12 13 14 15 18 19 21 22 23 24 25 26 27 28 31 32 36 37 38 39
12 1 2 10 16 17 20 29 30 33 34 35 40
