40 11
0 234 71
175 0 525
977 4 0
8 2 4 5 10 15 24 26 31
27 1 3 6 7 8 11 12 13 14 17 18 19 20 21 22 23 25 27 29 32 33 34 35 37 38 39 40
5 9 16 28 30 36
10 3 7 10 16 20 25 29 31 34 40
26 1 4 5 6 8 9 11 12 13 15 17 18 19 21 22 23 24 27 28 30 32 33 35 36 37 38
4 2 14 26 39
16 2 3 9 12 14 15 17 22 25 28 30 31 34 36 39 40
17 1 5 7 8 10 11 16 18 20 21 23 24 26 27 29 32 35
7 4 6 13 19 33 37 38
9 2 3 11 12 13 19 20 28 29
23 1 4 5 6 7 9 10 14 17 18 21 23 24 25 27 30 31 32 33 34 36 39 40
8 8 15 16 22 26 35 37 38
12 1 2 13 20 21 22 24 27 30 31 35 37
22 3 5 6 7 8 9 11 14 15 16 17 18 19 23 26 28 29 32 34 36 39 40
6 4 10 12 25 33 38
10 1 6 7 8 11 12 24 29 32 40
21 3 4 10 15 17 18 19 21 22 23 25 26 27 28 30 33 34 35 36 37 39
9 2 5 9 13 14 16 20 31 38
15 1 2 5 6 11 19 21 22 27 30 32 34 35 36 39
20 3 4 7 9 12 14 15 16 17 18 20 24 25 26 29 31 33 37 38 40
5 8 10 13 23 28
15 2 5 7 9 12 18 19 22 24 29 31 33 35 36 37
18 1 3 4 6 8 10 14 15 16 20 25 26 27 28 32 38 39 40
7 11 13 17 21 23 30 34
9 6 10 11 23 29 32 33 37 40
21 3 5 7 8 9 14 15 17 19 20 24 26 27 28 30 31 34 35 36 38 39
10 1 2 4 12 13 16 18 21 22 25
13 3 4 9 11 14 18 19 20 21 22 25 33 40
22 1 2 5 6 7 8 10 13 16 17 24 26 27 28 29 30 31 32 34 35 37 38
5 12 15 23 36 39
11 3 15 16 20 21 22 24 27 30 32 35
21 1 2 4 5 6 7 10 11 12 13 14 17 18 23 26 29 33 36 37 38 39
8 8 9 19 25 28 31 34 40
12 1 9 10 11 12 18 25 27 28 29 30 40
20 2 3 5 8 13 14 15 16 17 20 21 22 23 24 26 31 34 35 37 38
8 4 6 7 19 32 33 36 39
