40 16
0 1000 1000
1000 0 1000
1000 1000 0
15 2 6 8 10 16 18 22 23 28 30 31 33 35 37 38
13 3 5 7 9 14 15 20 21 25 26 29 32 34
12 1 4 11 12 13 17 19 24 27 36 39 40
16 2 3 4 5 7 8 9 12 13 19 23 29 31 34 35 38
12 10 11 16 17 18 20 21 22 27 28 33 37
12 1 6 14 15 24 25 26 30 32 36 39 40
10 6 7 9 10 12 22 23 28 32 36
12 1 4 11 13 14 17 26 31 34 35 38 39
18 2 3 5 8 15 16 18 19 20 21 24 25 27 29 30 33 37 40
20 3 4 6 8 10 11 13 16 18 21 23 25 26 27 29 31 33 34 36 38
10 1 9 12 15 17 19 30 35 39 40
10 2 5 7 14 20 22 24 28 32 37
16 3 7 8 9 17 18 21 24 25 29 32 33 34 35 37 39
10 2 6 11 15 22 23 28 36 38 40
14 1 4 5 10 12 13 14 16 19 20 26 27 30 31
13 1 2 4 6 9 14 17 21 23 27 29 32 35
18 5 7 8 12 13 15 16 20 22 25 30 31 33 34 36 37 38 40
9 3 10 11 18 19 24 26 28 39
11 2 3 4 8 12 20 22 23 34 36 40
16 5 6 7 11 13 14 15 18 25 26 27 32 33 35 37 38
13 1 9 10 16 17 19 21 24 28 29 30 31 39
5 18 25 28 31 33
17 1 6 8 9 11 13 16 17 22 27 29 30 34 35 37 38 39
18 2 3 4 5 7 10 12 14 15 19 20 21 23 24 26 32 36 40
16 3 9 10 11 12 14 15 16 17 21 24 26 31 34 35 36
12 1 4 5 6 7 13 18 19 22 23 29 33
12 2 8 20 25 27 28 30 32 37 38 39 40
15 1 2 3 6 8 9 11 12 17 18 24 25 33 38 39
8 19 21 22 23 27 31 34 37
17 4 5 7 10 13 14 15 16 20 26 28 29 30 32 35 36 40
13 4 5 7 8 14 16 20 25 27 29 33 34 38
13 1 2 3 12 13 17 22 24 28 31 32 37 40
14 6 9 10 11 15 18 19 21 23 26 30 35 36 39
15 3 8 10 13 14 16 17 19 21 22 27 28 29 35 39
12 1 2 4 9 12 18 20 25 31 34 36 38
13 5 6 7 11 15 23 24 26 30 32 33 37 40
14 2 3 4 11 13 14 19 20 23 24 25 30 31 32
14 1 6 7 8 10 17 18 27 29 34 35 38 39 40
12 5 9 12 15 16 21 22 26 28 33 36 37
8 14 15 16 17 24 32 35 36
14 3 6 7 8 9 10 11 12 18 19 22 31 34 38
18 1 2 4 5 13 20 21 23 25 26 27 28 29 30 33 37 39 40
14 6 7 8 10 15 24 25 26 28 29 34 37 38 40
11 2 3 9 11 12 13 17 18 31 33 35
15 1 4 5 14 16 19 20 21 22 23 27 30 32 36 39
15 4 5 6 10 14 20 22 23 26 28 29 32 37 38 40
9 3 8 9 17 21 30 33 34 39
16 1 2 7 11 12 13 15 16 18 19 24 25 27 31 35 36
19 1 4 5 6 8 9 10 13 14 16 18 20 22 24 27 28 31 33 37
11 7 17 21 23 25 29 32 35 36 38 39
10 2 3 11 12 15 19 26 30 34 40
