40 16
0 1000 1000
1000 0 1000
1000 1000 0
11 6 7 12 13 16 18 26 30 31 34 39
12 2 4 5 8 11 19 20 23 27 29 33 35
17 1 3 9 10 14 15 17 21 22 24 25 28 32 36 37 38 40
15 6 10 13 17 19 21 22 23 25 28 29 32 35 36 37
12 1 5 8 12 15 16 20 27 30 34 39 40
13 2 3 4 7 9 11 14 18 24 26 31 33 38
16 5 7 9 10 11 15 22 23 24 28 29 30 34 35 36 37
12 1 4 6 8 14 16 17 19 20 21 27 32
12 2 3 12 13 18 25 26 31 33 38 39 40
15 2 3 5 6 7 9 11 13 16 19 22 25 27 29 35
14 1 8 10 14 15 17 18 20 21 24 26 28 31 34
11 4 12 23 30 32 33 36 37 38 39 40
15 3 9 10 11 12 13 15 23 24 26 28 29 35 39 40
12 1 4 5 6 7 14 19 20 22 25 33 37
13 2 8 16 17 18 21 27 30 31 32 34 36 38
16 1 4 6 9 10 13 20 21 22 24 25 27 30 32 35 36
10 8 12 15 17 18 19 29 33 39 40
14 2 3 5 7 11 14 16 23 26 28 31 34 37 38
15 2 3 6 11 14 15 20 25 29 30 31 32 34 36 38
18 4 5 7 8 9 12 16 18 19 22 23 24 26 27 28 37 39 40
7 1 10 13 17 21 33 35
16 7 8 11 14 16 18 19 23 24 25 27 28 31 32 35 40
14 1 3 4 5 9 10 20 21 26 29 30 33 36 39
10 2 6 12 13 15 17 22 34 37 38
18 1 4 5 6 7 10 11 12 14 15 17 18 20 25 28 29 34 39
9 8 9 19 21 22 24 26 30 38
13 2 3 13 16 23 27 31 32 33 35 36 37 40
15 3 4 12 14 19 20 21 22 24 25 35 36 37 38 40
16 1 2 5 6 7 8 9 10 13 17 26 29 31 32 33 39
9 11 15 16 18 23 27 28 30 34
21 3 5 6 7 8 9 10 11 13 14 15 16 22 23 24 26 29 31 36 37 38
13 2 4 12 17 21 25 27 28 30 32 33 34 40
6 1 18 19 20 35 39
12 1 2 5 8 12 18 23 24 31 35 38 39
11 3 6 10 13 14 19 22 25 29 30 34
17 4 7 9 11 15 16 17 20 21 26 27 28 32 33 36 37 40
17 3 5 7 8 9 11 14 15 24 26 27 33 35 37 38 39 40
13 10 12 13 16 19 22 23 25 28 30 32 34 36
10 1 2 4 6 17 18 20 21 29 31
16 2 3 6 7 11 16 17 22 26 29 33 34 35 36 37 40
16 1 5 9 10 12 15 18 19 20 23 24 25 28 30 32 38
8 4 8 13 14 21 27 31 39
12 3 10 13 17 18 21 23 24 27 31 32 34
16 1 2 4 8 11 15 16 19 20 28 29 30 35 36 38 39
12 5 6 7 9 12 14 22 25 26 33 37 40
19 1 3 5 6 8 11 14 16 18 22 25 26 28 30 33 36 38 39 40
9 7 9 13 15 17 19 21 23 34
12 2 4 10 12 20 24 27 29 31 32 35 37
13 5 7 8 10 13 16 17 20 21 22 25 29 35
13 2 3 4 9 15 19 26 32 33 36 38 39 40
14 1 6 11 12 14 18 23 24 27 28 30 31 34 37
