40 7
0 563 297
451 0 397
643 183 0
0
30 2 3 6 7 8 9 10 11 12 13 14 16 17 19 20 22 23 24 26 27 29 30 31 32 33 34 35 36 39 40
10 1 4 5 15 18 21 25 28 37 38
0
30 1 2 3 6 7 8 10 13 14 15 16 18 19 20 21 23 24 25 26 28 29 30 31 32 33 34 35 36 37 38
10 4 5 9 11 12 17 22 27 39 40
0
30 1 2 6 7 9 10 11 13 14 15 16 17 18 19 21 22 23 24 25 27 28 29 31 32 33 35 36 37 38 40
10 3 4 5 8 12 20 26 30 34 39
0
26 1 2 3 4 8 9 11 14 15 16 19 20 21 22 24 25 26 27 28 29 30 34 35 36 38 40
14 5 6 7 10 12 13 17 18 23 31 32 33 37 39
0
31 2 3 4 5 6 7 8 9 12 13 16 17 18 20 22 23 24 26 27 28 29 30 31 32 34 35 36 37 38 39 40
9 1 10 11 14 15 19 21 25 33
0
31 1 2 3 4 5 6 7 9 10 11 12 13 14 15 16 17 18 20 21 22 23 24 26 27 28 29 31 33 36 38 39
9 8 19 25 30 32 34 35 37 40
0
27 2 4 8 9 10 11 12 14 15 16 17 18 19 20 21 23 24 25 26 27 29 30 31 34 36 38 40
13 1 3 5 6 7 13 22 28 32 33 35 37 39
0
31 1 2 4 5 7 8 9 10 12 13 15 16 17 19 20 21 22 24 25 26 27 28 29 30 32 33 34 35 36 37 38
9 3 6 11 14 18 23 31 39 40
