40 6
0 28 288
803 0 319
76 592 0
7 8 11 28 33 35 38 39
13 3 7 9 10 12 15 16 21 24 26 29 36 37
20 1 2 4 5 6 13 14 17 18 19 20 22 23 25 27 30 31 32 34 40
9 4 6 7 8 10 11 14 33 40
10 5 9 12 20 21 25 26 34 35 38
21 1 2 3 13 15 16 17 18 19 22 23 24 27 28 29 30 31 32 36 37 39
7 4 9 10 12 19 21 40
12 3 5 7 13 16 24 25 27 28 32 38 39
21 1 2 6 8 11 14 15 17 18 20 22 23 26 29 30 31 33 34 35 36 37
0
9 3 6 11 12 13 22 28 36 39
31 1 2 4 5 7 8 9 10 14 15 16 17 18 19 20 21 23 24 25 26 27 29 30 31 32 33 34 35 37 38 40
2 7 26
14 1 2 10 11 13 15 20 23 24 28 30 32 38 39
24 3 4 5 6 8 9 12 14 16 17 18 19 21 22 25 27 29 31 33 34 35 36 37 40
6 6 12 20 25 33 36
14 2 3 4 7 15 18 22 23 24 29 30 32 34 37
20 1 5 8 9 10 11 13 14 16 17 19 21 26 27 28 31 35 38 39 40
2 16 30
21 2 3 6 10 17 18 19 20 21 23 24 25 26 28 29 31 32 34 35 36 37
17 1 4 5 7 8 9 11 12 13 14 15 22 27 33 38 39 40
