40 16
0 1000 1000
1000 0 1000
1000 1000 0
9 5 9 13 14 23 25 26 33 40
15 1 2 8 16 18 21 24 27 28 29 30 31 32 34 36
16 3 4 6 7 10 11 12 15 17 19 20 22 35 37 38 39
12 6 14 15 16 25 28 31 34 35 37 39 40
21 1 2 3 4 5 8 9 12 13 17 19 22 23 24 26 29 30 32 33 36 38
7 7 10 11 18 20 21 27
13 10 13 14 18 19 22 24 26 28 29 30 33 39
15 1 3 4 6 9 11 12 15 17 23 25 35 36 37 40
12 2 5 7 8 16 20 21 27 31 32 34 38
15 5 6 7 8 10 21 22 24 25 28 33 35 37 38 40
13 2 12 13 14 15 16 17 26 29 30 32 34 39
12 1 3 4 9 11 18 19 20 23 27 31 36
19 2 3 4 5 6 9 10 16 17 21 23 28 30 33 34 35 36 37 38
8 1 13 20 24 26 27 31 40
13 7 8 11 12 14 15 18 19 22 25 29 32 39
16 3 4 5 8 11 14 16 19 24 25 26 27 29 30 32 40
14 1 6 9 13 15 17 18 20 21 28 31 33 35 37
10 2 7 10 12 22 23 34 36 38 39
14 3 4 6 8 11 12 18 19 23 30 31 32 38 39
14 1 2 5 9 10 17 22 24 25 26 28 29 34 40
12 7 13 14 15 16 20 21 27 33 35 36 37
15 1 2 4 6 7 16 18 19 23 25 32 34 35 36 40
12 3 8 12 15 17 20 22 29 30 37 38 39
13 5 9 10 11 13 14 21 24 26 27 28 31 33
12 7 8 9 13 19 20 22 23 25 31 33 38
14 1 2 3 5 6 11 14 17 26 30 34 35 37 40
14 4 10 12 15 16 18 21 24 27 28 29 32 36 39
10 2 4 7 8 16 22 23 33 34 40
18 1 5 11 12 13 17 18 19 20 21 27 29 30 32 36 37 38 39
12 3 6 9 10 14 15 24 25 26 28 31 35
11 5 8 9 18 20 22 27 31 33 35 38
13 2 3 6 7 10 14 19 21 23 25 29 37 39
16 1 4 11 12 13 15 16 17 24 26 28 30 32 34 36 40
11 5 7 9 15 26 30 32 33 38 39 40
15 1 3 4 10 12 16 18 19 22 25 27 28 29 34 37
14 2 6 8 11 13 14 17 20 21 23 24 31 35 36
19 1 3 5 7 10 14 15 16 17 22 24 25 27 28 29 30 33 36 38
10 2 4 6 8 9 19 31 34 35 39
11 11 12 13 18 20 21 23 26 32 37 40
18 1 5 10 13 14 16 17 20 26 27 28 29 30 31 34 35 37 40
12 2 6 7 8 11 12 18 21 25 32 38 39
10 3 4 9 15 19 22 23 24 33 36
15 1 3 5 7 8 14 16 19 22 23 24 27 31 34 38
13 2 6 9 15 17 20 21 29 32 33 35 37 40
12 4 10 11 12 13 18 25 26 28 30 36 39
12 9 11 15 17 19 23 25 30 31 34 35 36
18 1 4 6 8 12 13 14 16 18 21 22 24 26 29 32 37 38 40
10 2 3 5 7 10 20 27 28 33 39
15 2 3 7 8 10 14 17 19 21 26 28 30 32 34 36
13 6 9 12 13 15 20 23 24 25 31 33 35 39
12 1 4 5 11 16 18 22 27 29 37 38 40
