40 4
0 300 380
20 0 720
29 352 0
27 1 2 3 4 5 6 7 8 10 12 13 14 18 20 21 22 24 25 26 27 28 30 33 35 36 37 38
0
13 9 11 15 16 17 19 23 29 31 32 34 39 40
34 2 3 4 5 6 7 9 11 13 14 15 16 17 18 19 20 21 22 23 25 26 27 28 29 30 31 32 33 34 35 37 38 39 40
0
6 1 8 10 12 24 36
30 1 2 5 7 9 10 11 12 13 14 15 16 19 20 21 22 23 24 25 27 28 29 30 31 32 33 34 35 37 39
0
10 3 4 6 8 17 18 26 36 38 40
28 1 2 4 5 6 7 9 10 11 14 15 16 18 19 20 21 24 26 27 29 30 31 32 33 34 35 37 38
0
12 3 8 12 13 17 22 23 25 28 36 39 40
26 1 4 8 9 12 14 15 16 17 18 19 20 21 24 25 27 28 30 31 32 34 35 36 37 39 40
0
14 2 3 5 6 7 10 11 13 22 23 26 29 33 38
