40 16
0 1000 1000
1000 0 1000
1000 1000 0
16 3 6 7 11 12 13 14 17 20 21 23 29 34 36 39 40
13 2 4 9 10 15 19 24 26 27 28 33 35 38
11 1 5 8 16 18 22 25 30 31 32 37
13 1 2 6 9 16 17 21 22 23 28 29 39 40
15 4 5 7 8 11 13 14 19 20 24 25 31 32 35 38
12 3 10 12 15 18 26 27 30 33 34 36 37
15 1 2 3 5 6 16 19 21 22 23 25 28 31 37 39
13 4 7 9 10 11 12 13 14 17 29 33 38 40
12 8 15 18 20 24 26 27 30 32 34 35 36
15 1 2 5 7 9 16 17 22 23 25 29 30 32 34 36
8 6 8 15 19 20 24 37 39
17 3 4 10 11 12 13 14 18 21 26 27 28 31 33 35 38 40
14 2 3 4 5 8 12 14 18 19 21 24 29 34 40
12 1 10 11 13 15 16 17 20 22 26 35 37
14 6 7 9 23 25 27 28 30 31 32 33 36 38 39
16 2 9 12 17 18 21 22 25 28 29 33 34 36 38 39 40
10 1 3 8 14 15 16 20 27 31 35
14 4 5 6 7 10 11 13 19 23 24 26 30 32 37
20 1 2 3 5 8 11 13 14 17 20 22 24 26 27 29 30 35 37 38 40
10 6 9 10 15 16 18 19 21 32 39
10 4 7 12 23 25 28 31 33 34 36
14 4 5 12 13 15 18 19 21 22 26 27 33 37 38
10 6 9 10 11 16 20 25 30 34 39
16 1 2 3 7 8 14 17 23 24 28 29 31 32 35 36 40
17 1 3 7 8 14 15 16 18 19 22 26 28 32 35 36 38 39
12 4 6 9 11 13 20 21 27 31 33 37 40
11 2 5 10 12 17 23 24 25 29 30 34
13 1 5 7 9 12 18 21 22 23 25 31 32 34
18 2 3 4 6 11 13 14 15 16 19 20 24 29 30 35 36 37 40
9 8 10 17 26 27 28 33 38 39
10 6 15 17 18 21 24 28 30 32 34
9 1 3 8 9 14 16 19 22 33
21 2 4 5 7 10 11 12 13 20 23 25 26 27 29 31 35 36 37 38 39 40
17 6 7 8 9 13 14 18 21 22 24 25 27 28 30 31 33 40
12 1 3 12 16 17 23 29 32 34 35 36 37
11 2 4 5 10 11 15 19 20 26 38 39
13 1 3 6 7 13 20 24 26 29 31 32 35 36
16 2 8 9 10 11 14 19 21 22 27 28 30 34 37 38 39
11 4 5 12 15 16 17 18 23 25 33 40
15 5 6 8 9 10 12 13 16 18 26 32 33 34 35 37
11 1 2 20 22 25 28 30 31 36 38 40
14 3 4 7 11 14 15 17 19 21 23 24 27 29 39
10 5 6 9 13 23 33 35 37 38 40
17 1 2 4 10 11 16 18 19 20 21 24 26 27 28 31 34 36
13 3 7 8 12 14 15 17 22 25 29 30 32 39
10 1 4 9 10 11 18 29 32 33 36
17 5 6 13 14 15 17 20 21 22 24 27 30 31 35 37 38 39
13 2 3 7 8 12 16 19 23 25 26 28 34 40
10 1 3 4 9 13 20 23 26 29 38
16 5 6 7 8 11 12 16 18 19 27 28 31 33 34 35 39
14 2 10 14 15 17 21 22 24 25 30 32 36 37 40
