40 16
0 36 380
438 0 797
882 27 0
4 4 9 17 23
0
36 1 2 3 5 6 7 8 10 11 12 13 14 15 16 18 19 20 21 22 24 25 26 27 28 29 30 31 32 33 34 35 36 37 38 39 40
31 1 2 4 5 6 7 9 10 11 12 13 14 16 17 18 19 20 21 22 23 24 25 26 28 29 30 31 34 36 38 40
9 3 8 15 27 32 33 35 37 39
0
18 1 2 9 10 12 18 21 22 23 24 25 27 30 34 35 36 37 40
22 3 4 5 6 7 8 11 13 14 15 16 17 19 20 26 28 29 31 32 33 38 39
0
15 1 4 5 6 10 13 15 20 22 24 26 29 30 31 40
3 25 28 37
22 2 3 7 8 9 11 12 14 16 17 18 19 21 23 27 32 33 34 35 36 38 39
8 2 9 11 13 17 18 22 38
12 1 4 15 19 24 25 28 30 34 35 36 40
20 3 5 6 7 8 10 12 14 16 20 21 23 26 27 29 31 32 33 37 39
31 1 3 4 6 7 8 9 10 12 14 15 18 19 20 21 22 24 25 26 27 28 29 32 33 34 35 36 37 38 39 40
4 2 5 13 31
5 11 16 17 23 30
33 1 2 3 4 5 6 8 9 10 11 12 13 14 15 16 17 18 20 22 23 24 25 26 28 30 32 33 34 35 36 37 38 40
7 7 19 21 27 29 31 39
0
12 7 11 17 18 23 24 26 28 31 33 37 38
6 2 8 22 25 34 39
22 1 3 4 5 6 9 10 12 13 14 15 16 19 20 21 27 29 30 32 35 36 40
5 3 13 29 34 40
3 18 32 39
32 1 2 4 5 6 7 8 9 10 11 12 14 15 16 17 19 20 21 22 23 24 25 26 27 28 30 31 33 35 36 37 38
0
6 2 7 14 26 30 33
34 1 3 4 5 6 8 9 10 11 12 13 15 16 17 18 19 20 21 22 23 24 25 27 28 29 31 32 34 35 36 37 38 39 40
19 1 2 4 6 8 9 10 14 18 20 22 24 27 29 31 35 37 39 40
21 3 5 7 11 12 13 15 16 17 19 21 23 25 26 28 30 32 33 34 36 38
0
4 2 5 10 19
28 1 3 4 7 8 9 11 12 13 16 17 20 21 23 24 25 26 27 28 29 30 32 33 34 35 38 39 40
8 6 14 15 18 22 31 36 37
0
26 1 2 3 4 8 10 11 12 15 16 17 18 19 21 23 25 26 27 29 32 33 35 36 38 39 40
14 5 6 7 9 13 14 20 22 24 28 30 31 34 37
19 1 2 3 6 8 10 11 13 17 18 20 22 23 24 25 28 30 31 36
12 5 7 9 12 14 15 16 19 27 35 38 40
9 4 21 26 29 32 33 34 37 39
10 1 8 12 14 16 24 25 30 35 38
0
30 2 3 4 5 6 7 9 10 11 13 15 17 18 19 20 21 22 23 26 27 28 29 31 32 33 34 36 37 39 40
25 2 3 4 7 8 9 12 13 14 16 18 19 20 21 23 24 25 26 28 30 31 33 36 38 40
0
15 1 5 6 10 11 15 17 22 27 29 32 34 35 37 39
0
11 3 6 7 8 13 14 27 30 32 36 37
29 1 2 4 5 9 10 11 12 15 16 17 18 19 20 21 22 23 24 25 26 28 29 31 33 34 35 38 39 40
