40 16
0 583 7
774 0 596
856 808 0
13 1 2 3 13 15 18 25 26 29 30 35 37 38
13 6 7 8 10 11 19 20 22 23 24 32 33 39
14 4 5 9 12 14 16 17 21 27 28 31 34 36 40
14 5 7 9 11 14 20 21 24 27 28 29 31 38 40
11 3 13 16 17 22 25 26 35 36 37 39
15 1 2 4 6 8 10 12 15 18 19 23 30 32 33 34
13 2 5 8 12 13 18 25 26 31 32 33 36 37
11 7 10 14 15 17 19 20 21 27 29 35
16 1 3 4 6 9 11 16 22 23 24 28 30 34 38 39 40
13 1 6 12 13 14 17 18 24 26 28 29 33 34
14 2 4 8 16 21 23 25 27 30 31 32 35 37 40
13 3 5 7 9 10 11 15 19 20 22 36 38 39
16 2 6 7 11 15 16 17 21 23 24 28 29 30 32 34 37
10 1 5 12 22 25 26 27 35 36 40
14 3 4 8 9 10 13 14 18 19 20 31 33 38 39
7 4 13 15 20 28 33 40
9 5 9 11 21 25 31 32 34 36
24 1 2 3 6 7 8 10 12 14 16 17 18 19 22 23 24 26 27 29 30 35 37 38 39
14 3 5 8 12 14 17 26 29 30 32 33 36 37 39
10 1 2 4 6 10 19 24 34 38 40
16 7 9 11 13 15 16 18 20 21 22 23 25 27 28 31 35
12 1 3 12 16 18 19 22 27 28 32 33 40
12 5 8 9 17 20 21 25 26 29 31 37 39
16 2 4 6 7 10 11 13 14 15 23 24 30 34 35 36 38
19 1 3 7 8 11 15 16 17 20 25 26 27 30 31 33 35 36 39 40
9 4 5 6 12 13 18 21 22 29
12 2 9 10 14 19 23 24 28 32 34 37 38
13 5 12 13 15 19 20 21 25 27 30 31 34 39
16 4 8 9 14 16 17 22 23 24 26 29 32 33 36 37 40
11 1 2 3 6 7 10 11 18 28 35 38
13 2 3 4 6 7 14 16 20 21 23 30 33 40
15 1 5 8 9 12 17 19 22 24 25 29 31 35 36 37
12 10 11 13 15 18 26 27 28 32 34 38 39
16 1 2 5 6 8 9 14 17 19 24 25 27 29 34 35 37
13 4 7 10 11 13 15 18 23 26 33 36 38 40
11 3 12 16 20 21 22 28 30 31 32 39
15 3 6 10 13 14 15 18 19 20 23 24 32 36 37 40
12 1 2 7 11 12 16 22 27 29 33 34 38
13 4 5 8 9 17 21 25 26 28 30 31 35 39
13 6 9 11 14 20 21 23 27 31 35 36 37 39
12 1 2 7 13 15 16 17 18 19 22 29 30
15 3 4 5 8 10 12 24 25 26 28 32 33 34 38 40
15 3 5 6 8 10 11 17 22 25 28 29 30 31 33 39
11 1 2 9 12 20 27 32 34 36 37 38
14 4 7 13 14 15 16 18 19 21 23 24 26 35 40
12 1 3 6 11 15 16 20 33 37 38 39 40
13 4 5 7 9 10 13 18 21 24 25 28 29 36
15 2 8 12 14 17 19 22 23 26 27 30 31 32 34 35
14 4 8 10 11 13 17 22 23 24 27 30 33 35 38
9 2 5 6 9 19 20 21 34 39
17 1 3 7 12 14 15 16 18 25 26 28 29 31 32 36 37 40
