40 16
0 37 983
764 0 62
141 92 0
22 1 4 5 6 10 11 12 13 14 18 20 21 22 24 25 27 29 30 36 37 38 40
18 2 3 7 8 9 15 16 17 19 23 26 28 31 32 33 34 35 39
0
16 5 9 11 13 18 19 21 22 23 24 27 28 29 30 34 37
0
24 1 2 3 4 6 7 8 10 12 14 15 16 17 20 25 26 31 32 33 35 36 38 39 40
0
19 2 3 6 7 9 11 14 15 17 18 20 22 25 28 29 31 35 36 38
21 1 4 5 8 10 12 13 16 19 21 23 24 26 27 30 32 33 34 37 39 40
0
40 1 2 3 4 5 6 7 8 9 10 11 12 13 14 15 16 17 18 19 20 21 22 23 24 25 26 27 28 29 30 31 32 33 34 35 36 37 38 39 40
0
0
0
40 1 2 3 4 5 6 7 8 9 10 11 12 13 14 15 16 17 18 19 20 21 22 23 24 25 26 27 28 29 30 31 32 33 34 35 36 37 38 39 40
40 1 2 3 4 5 6 7 8 9 10 11 12 13 14 15 16 17 18 19 20 21 22 23 24 25 26 27 28 29 30 31 32 33 34 35 36 37 38 39 40
0
0
20 1 4 6 7 8 12 16 17 18 21 22 23 25 26 28 29 33 35 36 40
20 2 3 5 9 10 11 13 14 15 19 20 24 27 30 31 32 34 37 38 39
0
20 2 6 11 13 14 15 16 17 18 19 21 23 27 28 29 30 31 32 38 40
0
20 1 3 4 5 7 8 9 10 12 20 22 24 25 26 33 34 35 36 37 39
0
17 1 2 3 4 5 6 8 9 16 19 26 27 29 30 33 36 37
23 7 10 11 12 13 14 15 17 18 20 21 22 23 24 25 28 31 32 34 35 38 39 40
0
40 1 2 3 4 5 6 7 8 9 10 11 12 13 14 15 16 17 18 19 20 21 22 23 24 25 26 27 28 29 30 31 32 33 34 35 36 37 38 39 40
0
0
0
40 1 2 3 4 5 6 7 8 9 10 11 12 13 14 15 16 17 18 19 20 21 22 23 24 25 26 27 28 29 30 31 32 33 34 35 36 37 38 39 40
40 1 2 3 4 5 6 7 8 9 10 11 12 13 14 15 16 17 18 19 20 21 22 23 24 25 26 27 28 29 30 31 32 33 34 35 36 37 38 39 40
0
0
21 1 3 7 9 13 16 17 20 21 22 23 27 29 30 31 34 35 36 38 39 40
19 2 4 5 6 8 10 11 12 14 15 18 19 24 25 26 28 32 33 37
0
23 3 4 6 7 8 10 11 12 13 14 18 19 20 22 23 25 26 27 28 31 37 38 40
0
17 1 2 5 9 15 16 17 21 24 29 30 32 33 34 35 36 39
0
15 2 3 5 7 8 12 13 20 21 25 26 32 36 37 39
25 1 4 6 9 10 11 14 15 16 17 18 19 22 23 24 27 28 29 30 31 33 34 35 38 40
0
40 1 2 3 4 5 6 7 8 9 10 11 12 13 14 15 16 17 18 19 20 21 22 23 24 25 26 27 28 29 30 31 32 33 34 35 36 37 38 39 40
0
0
0
40 1 2 3 4 5 6 7 8 9 10 11 12 13 14 15 16 17 18 19 20 21 22 23 24 25 26 27 28 29 30 31 32 33 34 35 36 37 38 39 40
