40 10
0 912 586
618 0 570
550 177 0
10 3 4 9 11 13 15 18 24 27 38
30 1 2 5 6 7 8 10 12 14 16 17 19 20 21 22 23 25 26 28 29 30 31 32 33 34 35 36 37 39 40
0
9 2 8 10 16 17 18 22 36 39
31 1 3 4 5 6 7 9 11 12 13 14 15 19 20 21 23 24 25 26 27 28 29 30 31 32 33 34 35 37 38 40
0
12 1 2 10 14 20 21 22 29 33 36 38 39
28 3 4 5 6 7 8 9 11 12 13 15 16 17 18 19 23 24 25 26 27 28 30 31 32 34 35 37 40
0
13 1 2 4 7 12 13 21 22 27 28 30 37 40
27 3 5 6 8 9 10 11 14 15 16 17 18 19 20 23 24 25 26 29 31 32 33 34 35 36 38 39
0
13 2 3 9 11 12 13 15 19 20 26 29 34 38
27 1 4 5 6 7 8 10 14 16 17 18 21 22 23 24 25 27 28 30 31 32 33 35 36 37 39 40
0
10 2 3 8 10 14 15 18 20 31 33
30 1 4 5 6 7 9 11 12 13 16 17 19 21 22 23 24 25 26 27 28 29 30 32 34 35 36 37 38 39 40
0
12 3 4 7 10 12 20 21 25 31 33 36 40
28 1 2 5 6 8 9 11 13 14 15 16 17 18 19 22 23 24 26 27 28 29 30 32 34 35 37 38 39
0
15 3 4 7 9 17 18 19 20 21 26 27 28 30 38 40
25 1 2 5 6 8 10 11 12 13 14 15 16 22 23 24 25 29 31 32 33 34 35 36 37 39
0
10 2 4 10 12 15 21 27 33 34 37
30 1 3 5 6 7 8 9 11 13 14 16 17 18 19 20 22 23 24 25 26 28 29 30 31 32 35 36 38 39 40
0
12 1 4 12 17 24 27 29 30 32 33 35 38
28 2 3 5 6 7 8 9 10 11 13 14 15 16 18 19 20 21 22 23 25 26 28 31 34 36 37 39 40
0
9 8 10 11 16 17 33 36 38 40
31 1 2 3 4 5 6 7 9 12 13 14 15 18 19 20 21 22 23 24 25 26 27 28 29 30 31 32 34 35 37 39
0
