40 16
0 868 177
750 0 771
839 80 0
13 2 12 14 20 21 23 26 29 30 31 32 33 36
15 1 5 9 10 13 17 19 22 24 25 28 35 37 38 39
12 3 4 6 7 8 11 15 16 18 27 34 40
15 4 5 6 8 12 17 18 19 20 24 28 31 34 37 40
10 1 2 3 10 11 13 15 23 30 36
15 7 9 14 16 21 22 25 26 27 29 32 33 35 38 39
10 7 22 25 26 28 30 32 35 36 40
17 1 6 8 9 12 13 14 15 16 20 21 24 27 33 34 37 38
13 2 3 4 5 10 11 17 18 19 23 29 31 39
14 1 3 5 9 14 19 23 25 27 29 32 34 36 39
14 4 6 7 8 10 16 17 18 20 21 24 31 33 38
12 2 11 12 13 15 22 26 28 30 35 37 40
11 5 8 10 13 20 24 29 34 36 37 39
14 1 2 3 6 9 11 14 17 18 21 25 26 31 32
15 4 7 12 15 16 19 22 23 27 28 30 33 35 38 40
13 1 3 6 13 17 18 20 21 25 26 29 32 36
14 2 4 5 9 10 11 12 15 19 22 23 24 33 37
13 7 8 14 16 27 28 30 31 34 35 38 39 40
13 3 7 9 12 15 20 23 24 25 27 31 32 33
11 2 5 8 10 11 14 28 29 34 35 37
16 1 4 6 13 16 17 18 19 21 22 26 30 36 38 39 40
19 1 2 6 7 12 14 16 18 19 20 27 28 30 32 34 35 36 38 39
13 3 4 5 8 10 13 17 21 22 23 29 33 37
8 9 11 15 24 25 26 31 40
14 1 3 4 10 14 15 16 17 20 24 28 30 34 39
14 2 5 6 7 12 13 21 22 23 31 33 36 37 40
12 8 9 11 18 19 25 26 27 29 32 35 38
12 8 11 18 23 24 26 30 31 32 33 35 39
14 2 3 5 13 15 16 20 21 25 27 34 36 37 40
14 1 4 6 7 9 10 12 14 17 19 22 28 29 38
12 2 6 7 18 22 26 27 31 32 33 34 35
8 3 9 15 20 21 24 38 39
20 1 4 5 8 10 11 12 13 14 16 17 19 23 25 28 29 30 36 37 40
14 5 7 12 13 14 16 18 20 21 29 32 35 37 39
12 1 4 11 15 22 27 28 30 31 36 38 40
14 2 3 6 8 9 10 17 19 23 24 25 26 33 34
10 1 4 8 9 18 19 24 34 36 39
16 5 10 12 13 14 16 17 20 21 22 23 28 29 31 33 35
14 2 3 6 7 11 15 25 26 27 30 32 37 38 40
13 4 6 8 10 11 14 15 17 18 23 24 32 39
14 2 9 12 19 21 22 25 26 27 30 33 34 37 40
13 1 3 5 7 13 16 20 28 29 31 35 36 38
15 2 3 8 11 12 13 14 16 17 18 20 22 25 33 38
12 5 6 9 10 23 24 26 28 34 37 39 40
13 1 4 7 15 19 21 27 29 30 31 32 35 36
9 3 6 8 13 15 17 19 23 30
13 1 2 5 9 14 21 22 26 28 33 34 36 39
18 4 7 10 11 12 16 18 20 24 25 27 29 31 32 35 37 38 40
12 10 15 16 20 22 23 26 27 36 38 39 40
11 2 3 6 7 9 14 17 19 24 34 37
17 1 4 5 8 11 12 13 18 21 25 28 29 30 31 32 33 35
