40 16
0 527 934
830 0 904
367 465 0
12 1 13 14 17 18 19 21 25 26 27 31 39
17 2 3 4 5 6 11 16 22 23 28 29 30 32 33 35 36 38
11 7 8 9 10 12 15 20 24 34 37 40
16 4 6 8 10 11 12 18 19 25 26 27 29 30 32 33 39
15 1 2 3 7 14 17 20 21 22 23 24 31 34 35 38
9 5 9 13 15 16 28 36 37 40
12 3 12 13 16 18 19 22 23 29 32 38 39
15 1 2 4 5 7 8 9 15 17 24 25 28 33 34 40
13 6 10 11 14 20 21 26 27 30 31 35 36 37
13 3 6 8 11 14 15 16 18 21 23 27 35 38
10 5 10 22 26 28 31 33 34 37 39
17 1 2 4 7 9 12 13 17 19 20 24 25 29 30 32 36 40
8 1 4 9 12 19 20 22 30
12 5 8 14 15 17 18 21 23 27 28 35 38
20 2 3 6 7 10 11 13 16 24 25 26 29 31 32 33 34 36 37 39 40
15 5 8 11 12 13 15 19 21 22 23 25 26 30 35 40
14 6 7 9 14 17 18 20 24 27 28 29 31 37 38
11 1 2 3 4 10 16 32 33 34 36 39
17 2 4 5 7 9 12 13 14 15 17 18 19 20 21 31 37 40
16 1 3 6 11 16 22 23 24 28 29 30 33 34 35 36 39
7 8 10 25 26 27 32 38
16 10 12 13 14 16 18 20 22 25 29 32 33 35 36 39 40
9 1 7 8 11 21 23 24 28 30
15 2 3 4 5 6 9 15 17 19 26 27 31 34 37 38
12 3 4 13 15 16 18 22 28 31 32 33 35
14 2 7 10 11 12 17 21 24 25 26 30 37 38 40
14 1 5 6 8 9 14 19 20 23 27 29 34 36 39
12 7 9 11 13 15 16 22 23 24 33 34 35
17 2 3 5 8 14 17 18 20 27 28 29 30 31 32 37 39 40
11 1 4 6 10 12 19 21 25 26 36 38
14 1 2 3 5 7 8 11 15 16 24 27 36 37 39
12 12 14 19 20 21 23 26 28 29 30 33 38
14 4 6 9 10 13 17 18 22 25 31 32 34 35 40
11 1 4 5 6 8 9 11 16 18 20 34
15 2 3 7 13 14 15 17 19 21 22 27 33 35 37 39
14 10 12 23 24 25 26 28 29 30 31 32 36 38 40
12 3 10 11 14 18 20 24 28 34 35 38 40
13 1 5 6 17 22 23 27 29 30 31 36 37 39
15 2 4 7 8 9 12 13 15 16 19 21 25 26 32 33
13 2 5 7 16 19 21 22 25 29 32 37 38 39
10 1 6 11 15 23 27 28 30 36 40
17 3 4 8 9 10 12 13 14 17 18 20 24 26 31 33 34 35
18 1 6 7 8 10 13 19 20 23 24 25 27 31 33 34 35 36 39
11 4 5 14 17 21 28 30 32 37 38 40
11 2 3 9 11 12 15 16 18 22 26 29
17 1 3 8 10 14 16 17 18 22 25 26 28 31 33 36 38 39
12 4 5 6 11 12 13 15 21 27 32 35 37
11 2 7 9 19 20 23 24 29 30 34 40
11 8 13 25 27 29 31 32 34 35 38 40
13 2 5 6 9 11 16 17 19 24 28 30 33 36
16 1 3 4 7 10 12 14 15 18 20 21 22 23 26 37 39
