40 16
0 128 630
687 0 26
876 717 0
30 1 2 4 5 6 8 9 10 11 13 14 15 16 18 19 20 21 22 23 24 25 26 28 29 31 32 33 35 39 40
3 12 30 38
7 3 7 17 27 34 36 37
27 1 5 6 10 11 13 14 15 17 19 20 21 22 23 24 25 27 28 29 30 33 35 36 37 38 39 40
2 4 31
11 2 3 7 8 9 12 16 18 26 32 34
30 2 3 4 5 7 9 11 12 14 15 16 18 19 20 21 22 23 24 25 26 27 28 29 30 32 33 35 36 37 40
3 8 10 31
7 1 6 13 17 34 38 39
29 2 3 4 5 6 10 12 14 15 16 17 20 21 22 24 25 26 27 28 30 31 32 33 34 35 36 37 38 39
3 1 8 18
8 7 9 11 13 19 23 29 40
26 1 2 4 7 8 9 10 11 12 13 14 15 18 19 20 21 22 23 28 29 32 33 34 36 37 40
5 5 24 27 30 31
9 3 6 16 17 25 26 35 38 39
25 4 6 7 8 10 11 12 14 16 17 18 20 21 22 23 25 26 27 28 29 30 32 33 34 38
4 2 15 19 24
11 1 3 5 9 13 31 35 36 37 39 40
24 1 2 6 7 8 12 15 16 17 19 20 21 26 27 29 30 31 32 34 35 36 37 38 40
2 3 10
14 4 5 9 11 13 14 18 22 23 24 25 28 33 39
23 1 4 5 7 9 10 12 13 15 16 18 19 22 23 24 25 27 29 30 33 34 37 40
6 17 20 28 36 38 39
11 2 3 6 8 11 14 21 26 31 32 35
26 1 2 4 5 6 7 11 13 14 15 16 17 20 22 23 24 25 26 27 31 32 33 34 35 37 39
3 18 29 38
11 3 8 9 10 12 19 21 28 30 36 40
26 1 5 6 7 8 10 11 14 15 16 18 19 20 21 23 25 26 27 28 29 30 32 34 35 38 40
4 3 4 13 33
10 2 9 12 17 22 24 31 36 37 39
29 1 3 4 5 6 8 9 10 11 12 13 14 18 19 21 22 25 26 28 29 30 31 32 33 34 36 37 38 39
3 7 15 16
8 2 17 20 23 24 27 35 40
26 2 3 4 5 9 10 11 13 14 15 16 18 20 21 22 23 24 25 26 29 31 33 35 36 37 39
3 8 27 32
11 1 6 7 12 17 19 28 30 34 38 40
24 1 4 7 9 10 11 12 14 15 17 20 21 22 23 25 26 27 30 32 34 35 36 38 39
6 6 13 16 19 29 31
10 2 3 5 8 18 24 28 33 37 40
24 1 3 6 7 8 10 11 13 15 16 20 23 24 25 27 28 29 30 32 35 36 37 38 39
2 21 26
14 2 4 5 9 12 14 17 18 19 22 31 33 34 40
31 2 3 4 5 6 7 9 10 11 12 13 14 17 18 19 20 21 22 24 26 27 28 29 31 32 34 35 36 37 39 40
2 15 25
7 1 8 16 23 30 33 38
27 1 2 3 4 5 6 7 8 9 11 12 13 14 15 16 17 18 19 20 23 27 29 30 31 34 38 39
2 22 25
11 10 21 24 26 28 32 33 35 36 37 40
31 3 4 5 6 7 8 10 11 14 15 16 17 19 20 22 23 24 25 26 27 28 29 30 31 33 34 35 36 37 39 40
4 1 2 9 38
5 12 13 18 21 32
