40 5
0 544 410
193 0 460
752 670 0
5 10 17 19 33 39
16 1 2 5 12 13 15 21 22 23 25 26 27 29 32 36 40
19 3 4 6 7 8 9 11 14 16 18 20 24 28 30 31 34 35 37 38
0
14 1 3 8 9 14 17 20 22 23 27 30 31 33 36
26 2 4 5 6 7 10 11 12 13 15 16 18 19 21 24 25 26 28 29 32 34 35 37 38 39 40
3 8 11 23
22 2 3 5 6 9 10 12 14 16 17 21 22 24 26 27 28 29 32 33 34 38 40
15 1 4 7 13 15 18 19 20 25 30 31 35 36 37 39
1 30
17 2 5 6 9 10 15 19 25 26 27 28 29 31 35 36 38 39
22 1 3 4 7 8 11 12 13 14 16 17 18 20 21 22 23 24 32 33 34 37 40
3 2 4 30
19 7 8 10 11 15 16 21 22 23 26 28 29 33 34 35 36 37 38 39
18 1 3 5 6 9 12 13 14 17 18 19 20 24 25 27 31 32 40
7 5 24 26 30 33 36 38
17 3 7 10 12 13 16 17 20 21 23 25 27 32 34 35 39 40
16 1 2 4 6 8 9 11 14 15 18 19 22 28 29 31 37
