40 10
0 925 840
41 0 781
79 393 0
14 3 8 9 11 15 16 19 24 25 28 29 37 38 40
13 1 6 10 12 14 20 22 26 27 31 34 35 36
13 2 4 5 7 13 17 18 21 23 30 32 33 39
6 1 5 8 14 27 33
8 7 20 25 28 30 32 34 38
26 2 3 4 6 9 10 11 12 13 15 16 17 18 19 21 22 23 24 26 29 31 35 36 37 39 40
19 1 3 5 6 13 17 18 19 21 23 24 26 28 31 35 36 38 39 40
9 4 8 9 11 15 20 32 33 34
12 2 7 10 12 14 16 22 25 27 29 30 37
12 1 2 7 10 13 18 21 28 29 30 32 39
17 4 5 6 8 9 11 12 14 15 16 19 23 24 26 33 38 40
11 3 17 20 22 25 27 31 34 35 36 37
11 3 11 18 20 22 23 25 27 30 33 39
13 2 6 8 13 14 15 19 26 32 34 35 37 40
16 1 4 5 7 9 10 12 16 17 21 24 28 29 31 36 38
14 2 3 4 7 9 10 11 16 17 19 21 22 24 28
12 1 8 12 13 15 18 20 29 33 34 36 38
14 5 6 14 23 25 26 27 30 31 32 35 37 39 40
17 8 9 12 14 15 16 18 24 25 28 29 30 31 32 34 37 40
11 1 2 3 10 13 20 22 23 26 36 39
12 4 5 6 7 11 17 19 21 27 33 35 38
12 1 4 6 7 10 16 26 27 31 38 39 40
11 2 5 8 9 11 12 15 23 25 28 36
17 3 13 14 17 18 19 20 21 22 24 29 30 32 33 34 35 37
16 2 5 6 10 11 14 15 23 24 26 28 29 32 34 35 37
5 4 9 13 33 38
19 1 3 7 8 12 16 17 18 19 20 21 22 25 27 30 31 36 39 40
9 7 10 19 21 22 26 31 34 35
14 3 14 15 17 18 20 23 27 28 30 36 37 38 39
17 1 2 4 5 6 8 9 11 12 13 16 24 25 29 32 33 40
10 7 11 15 18 26 30 32 33 35 40
16 2 5 6 8 9 10 13 17 19 22 24 28 29 34 38 39
14 1 3 4 12 14 16 20 21 23 25 27 31 36 37
