40 16
0 1000 1000
1000 0 1000
1000 1000 0
12 2 5 11 13 14 22 23 27 32 33 37 39
15 4 6 8 12 17 19 21 24 25 28 30 34 35 38 40
13 1 3 7 9 10 15 16 18 20 26 29 31 36
15 1 2 4 7 8 13 14 16 22 31 33 35 36 38 40
12 5 6 9 10 11 15 18 19 20 21 37 39
13 3 12 17 23 24 25 26 27 28 29 30 32 34
13 2 5 6 13 14 15 20 23 24 25 29 32 33
16 4 7 9 10 11 12 17 19 22 26 27 28 30 34 35 39
11 1 3 8 16 18 21 31 36 37 38 40
14 1 2 9 10 11 13 17 23 24 25 26 27 32 40
16 5 8 14 15 19 20 21 22 28 29 31 34 36 37 38 39
10 3 4 6 7 12 16 18 30 33 35
18 2 7 8 9 10 11 13 14 16 17 19 28 32 33 34 35 37 38
11 1 5 6 12 23 24 26 27 29 30 36
11 3 4 15 18 20 21 22 25 31 39 40
15 1 3 4 12 16 17 21 22 24 25 30 31 37 38 39
10 8 10 15 18 27 28 32 33 36 40
15 2 5 6 7 9 11 13 14 19 20 23 26 29 34 35
13 3 8 10 14 19 20 21 23 31 32 33 36 37
14 2 6 7 22 25 26 27 28 29 30 34 35 39 40
13 1 4 5 9 11 12 13 15 16 17 18 24 38
13 5 6 7 9 13 16 23 24 28 34 38 39 40
9 10 12 15 20 25 26 27 31 36
18 1 2 3 4 8 11 14 17 18 19 21 22 29 30 32 33 35 37
12 1 3 6 10 12 16 18 19 20 21 30 40
16 2 4 5 8 11 15 17 24 25 26 28 29 33 34 36 38
12 7 9 13 14 22 23 27 31 32 35 37 39
15 1 3 4 6 8 9 13 16 22 30 32 33 37 38 39
12 5 7 10 14 15 18 19 23 26 27 31 36
13 2 11 12 17 20 21 24 25 28 29 34 35 40
11 1 7 10 12 13 16 25 32 34 38 39
14 2 3 4 5 14 17 18 19 24 26 29 36 37 40
15 6 8 9 11 15 20 21 22 23 27 28 30 31 33 35
14 4 9 10 12 17 19 28 29 31 33 34 35 39 40
14 2 3 8 13 14 15 18 20 21 22 24 32 37 38
12 1 5 6 7 11 16 23 25 26 27 30 36
9 2 3 7 13 20 23 35 39 40
18 6 8 9 10 12 14 18 19 24 25 26 28 29 32 33 36 37 38
13 1 4 5 11 15 16 17 21 22 27 30 31 34
8 1 4 7 11 13 22 26 40
18 3 6 9 10 15 16 18 19 21 27 28 30 31 32 33 37 38 39
14 2 5 8 12 14 17 20 23 24 25 29 34 35 36
17 3 4 6 7 9 11 12 18 20 21 22 23 28 29 31 38 39
13 1 2 5 8 10 14 15 17 26 27 30 32 35
10 13 16 19 24 25 33 34 36 37 40
12 1 2 4 6 9 10 24 25 28 34 38 39
11 7 11 13 17 18 19 20 23 30 33 36
17 3 5 8 12 14 15 16 21 22 26 27 29 31 32 35 37 40
14 3 5 6 9 10 14 16 18 22 24 26 33 35 37
12 7 8 12 13 17 23 27 28 29 30 31 38
14 1 2 4 11 15 19 20 21 25 32 34 36 39 40
