40 16
0 744 808
869 0 599
35 471 0
0
40 1 2 3 4 5 6 7 8 9 10 11 12 13 14 15 16 17 18 19 20 21 22 23 24 25 26 27 28 29 30 31 32 33 34 35 36 37 38 39 40
0
27 2 4 5 7 8 10 11 12 14 15 16 17 18 19 20 21 24 27 28 29 30 31 32 33 34 37 39
0
13 1 3 6 9 13 22 23 25 26 35 36 38 40
0
21 1 3 8 9 11 12 13 14 16 17 21 22 26 28 29 30 32 33 35 36 40
19 2 4 5 6 7 10 15 18 19 20 23 24 25 27 31 34 37 38 39
24 1 2 4 7 8 10 11 12 13 14 15 16 20 21 22 23 26 27 31 32 34 36 38 39
16 3 5 6 9 17 18 19 24 25 28 29 30 33 35 37 40
0
0
0
40 1 2 3 4 5 6 7 8 9 10 11 12 13 14 15 16 17 18 19 20 21 22 23 24 25 26 27 28 29 30 31 32 33 34 35 36 37 38 39 40
40 1 2 3 4 5 6 7 8 9 10 11 12 13 14 15 16 17 18 19 20 21 22 23 24 25 26 27 28 29 30 31 32 33 34 35 36 37 38 39 40
0
0
0
40 1 2 3 4 5 6 7 8 9 10 11 12 13 14 15 16 17 18 19 20 21 22 23 24 25 26 27 28 29 30 31 32 33 34 35 36 37 38 39 40
0
19 2 5 6 9 10 15 17 18 19 20 21 22 23 24 28 30 31 32 38
0
21 1 3 4 7 8 11 12 13 14 16 25 26 27 29 33 34 35 36 37 39 40
0
19 1 2 3 4 6 7 8 9 11 14 17 21 26 28 29 32 33 35 36
21 5 10 12 13 15 16 18 19 20 22 23 24 25 27 30 31 34 37 38 39 40
21 6 7 9 10 11 13 15 17 18 21 26 27 28 32 33 34 35 36 37 38 39
19 1 2 3 4 5 8 12 14 16 19 20 22 23 24 25 29 30 31 40
0
0
0
40 1 2 3 4 5 6 7 8 9 10 11 12 13 14 15 16 17 18 19 20 21 22 23 24 25 26 27 28 29 30 31 32 33 34 35 36 37 38 39 40
40 1 2 3 4 5 6 7 8 9 10 11 12 13 14 15 16 17 18 19 20 21 22 23 24 25 26 27 28 29 30 31 32 33 34 35 36 37 38 39 40
0
0
0
40 1 2 3 4 5 6 7 8 9 10 11 12 13 14 15 16 17 18 19 20 21 22 23 24 25 26 27 28 29 30 31 32 33 34 35 36 37 38 39 40
0
19 2 3 5 6 11 12 14 16 18 19 21 23 24 25 29 33 35 38 39
0
21 1 4 7 8 9 10 13 15 17 20 22 26 27 28 30 31 32 34 36 37 40
0
26 1 2 3 4 5 7 10 12 13 14 16 17 19 20 21 27 28 29 30 32 33 34 35 38 39 40
14 6 8 9 11 15 18 22 23 24 25 26 31 36 37
19 2 6 8 10 11 12 13 18 19 21 22 25 26 29 30 32 38 39 40
21 1 3 4 5 7 9 14 15 16 17 20 23 24 27 28 31 33 34 35 36 37
0
0
0
40 1 2 3 4 5 6 7 8 9 10 11 12 13 14 15 16 17 18 19 20 21 22 23 24 25 26 27 28 29 30 31 32 33 34 35 36 37 38 39 40
