40 16
0 382 983
62 0 868
444 887 0
15 3 5 9 12 17 18 19 21 23 29 31 32 36 38 39
12 1 2 8 10 16 20 22 24 25 33 34 35
13 4 6 7 11 13 14 15 26 27 28 30 37 40
13 4 6 10 14 15 16 19 21 26 31 34 38 40
16 1 2 5 7 9 11 13 18 20 24 25 27 30 32 35 36
11 3 8 12 17 22 23 28 29 33 37 39
17 4 6 11 13 14 16 19 21 22 23 30 32 33 35 36 38 40
13 2 5 7 10 12 15 18 20 28 29 34 37 39
10 1 3 8 9 17 24 25 26 27 31
13 3 4 8 9 10 11 21 24 28 31 33 35 40
16 1 2 5 12 13 15 18 19 20 23 25 29 30 32 34 36
11 6 7 14 16 17 22 26 27 37 38 39
16 2 4 5 7 8 9 12 13 16 20 21 28 31 36 38 39
12 6 11 15 17 18 19 23 30 32 33 34 37
12 1 3 10 14 22 24 25 26 27 29 35 40
11 1 3 8 9 12 13 15 18 22 24 29
22 2 4 5 7 11 17 19 21 23 25 26 27 28 30 31 32 33 34 35 36 39 40
7 6 10 14 16 20 37 38
16 2 3 8 9 11 17 18 20 21 22 32 34 37 38 39 40
11 1 4 7 12 13 19 23 27 29 31 35
13 5 6 10 14 15 16 24 25 26 28 30 33 36
13 2 3 7 11 14 16 21 25 28 31 34 35 40
10 4 6 8 9 10 17 18 20 22 24
17 1 5 12 13 15 19 23 26 27 29 30 32 33 36 37 38 39
10 3 6 8 9 10 13 27 29 38 39
15 2 7 14 17 18 19 20 21 24 25 28 30 33 35 36
15 1 4 5 11 12 15 16 22 23 26 31 32 34 37 40
14 1 2 6 7 8 10 11 15 17 29 31 33 35 37
19 3 4 9 13 14 16 19 20 21 22 25 26 27 28 30 32 34 38 40
7 5 12 18 23 24 36 39
11 2 4 6 10 14 22 26 31 32 38 39
16 5 11 12 13 18 23 24 25 27 29 33 34 35 36 37 40
13 1 3 7 8 9 15 16 17 19 20 21 28 30
15 5 10 12 17 18 19 20 24 26 29 31 32 33 35 39
14 2 3 4 6 7 8 9 11 21 23 28 37 38 40
11 1 13 14 15 16 22 25 27 30 34 36
12 2 11 14 16 17 20 22 25 27 30 32 33
14 3 4 6 7 8 9 10 19 21 28 29 31 36 38
14 1 5 12 13 15 18 23 24 26 34 35 37 39 40
12 2 3 6 7 22 24 27 30 34 36 37 40
14 4 8 11 13 14 15 17 19 21 26 29 31 38 39
14 1 5 9 10 12 16 18 20 23 25 28 32 33 35
17 1 7 9 11 19 20 22 23 24 25 27 31 32 33 34 35 36
10 2 3 8 13 15 17 29 30 37 40
13 4 5 6 10 12 14 16 18 21 26 28 38 39
15 1 2 5 7 10 13 16 19 20 24 28 29 38 39 40
11 8 9 11 15 21 23 25 30 31 34 35
14 3 4 6 12 14 17 18 22 26 27 32 33 36 37
20 2 3 4 5 11 12 13 18 19 20 25 26 27 28 29 30 34 36 37 38
11 7 8 10 14 16 17 22 24 31 35 40
9 1 6 9 15 21 23 32 33 39
