40 16
0 1000 1000
1000 0 1000
1000 1000 0
10 1 2 5 6 11 20 34 37 38 39
16 3 4 12 13 14 15 16 17 19 21 25 26 28 32 36 40
14 7 8 9 10 18 22 23 24 27 29 30 31 33 35
16 4 5 7 8 10 11 14 18 19 25 26 29 32 35 39 40
11 1 3 6 12 13 15 16 22 31 33 37
13 2 9 17 20 21 23 24 27 28 30 34 36 38
13 7 9 12 15 19 20 21 23 25 29 31 35 38
15 2 3 4 6 8 10 11 16 18 24 27 33 36 39 40
12 1 5 13 14 17 22 26 28 30 32 34 37
13 1 2 5 6 7 10 18 19 20 23 24 25 40
13 4 8 13 14 17 22 26 29 32 33 35 36 38
14 3 9 11 12 15 16 21 27 28 30 31 34 37 39
20 2 3 9 12 15 16 18 19 21 22 24 25 26 27 28 33 34 35 36 37
8 5 14 17 23 30 31 32 38
12 1 4 6 7 8 10 11 13 20 29 39 40
13 1 4 6 8 9 10 11 13 16 28 30 31 35
13 3 5 17 20 21 22 25 26 27 32 33 36 40
14 2 7 12 14 15 18 19 23 24 29 34 37 38 39
17 1 4 5 6 10 16 17 19 23 24 26 29 31 32 33 34 35
12 2 8 11 12 13 14 20 22 25 30 39 40
11 3 7 9 15 18 21 27 28 36 37 38
13 1 2 6 15 16 17 22 23 26 27 32 34 37
24 3 4 5 8 9 10 11 12 13 14 18 19 20 21 24 25 29 30 31 35 36 38 39 40
3 7 28 33
15 1 7 8 10 17 18 19 22 24 25 26 27 28 35 36
15 2 6 11 14 15 20 23 29 30 32 33 34 38 39 40
10 3 4 5 9 12 13 16 21 31 37
14 1 2 8 10 11 13 19 21 27 33 36 37 38 40
14 5 6 7 9 14 20 22 24 28 30 31 32 34 35
12 3 4 12 15 16 17 18 23 25 26 29 39
14 3 4 7 8 9 10 12 13 14 18 19 23 27 30
11 6 16 24 26 31 32 33 34 35 37 39
15 1 2 5 11 15 17 20 21 22 25 28 29 36 38 40
13 1 3 8 10 17 19 20 22 23 32 36 37 38
12 2 6 9 12 18 21 26 27 28 29 31 39
15 4 5 7 11 13 14 15 16 24 25 30 33 34 35 40
15 3 4 10 13 15 16 17 19 23 24 27 33 34 36 37
15 1 5 6 12 14 18 20 22 25 28 29 30 31 38 40
10 2 7 8 9 11 21 26 32 35 39
6 8 13 19 23 27 31
17 2 4 6 9 11 12 14 16 17 20 21 29 33 34 35 39 40
17 1 3 5 7 10 15 18 22 24 25 26 28 30 32 36 37 38
15 4 9 10 11 14 15 16 22 26 30 31 33 34 38 39
15 5 6 8 12 17 19 20 21 23 25 27 29 35 36 37
10 1 2 3 7 13 18 24 28 32 40
17 1 3 8 9 11 13 21 23 25 26 28 31 34 35 37 38 40
12 5 7 10 12 16 17 18 27 29 33 36 39
11 2 4 6 14 15 19 20 22 24 30 32
14 1 2 3 7 9 11 14 16 19 25 31 37 38 39
8 4 5 10 12 23 24 27 29
18 6 8 13 15 17 18 20 21 22 26 28 30 32 33 34 35 36 40
