40 6
0 37 925
903 0 960
482 98 0
3 10 25 31
0
37 1 2 3 4 5 6 7 8 9 11 12 13 14 15 16 17 18 19 20 21 22 23 24 26 27 28 29 30 32 33 34 35 36 37 38 39 40
9 4 7 9 18 29 33 36 39 40
0
31 1 2 3 5 6 8 10 11 12 13 14 15 16 17 19 20 21 22 23 24 25 26 27 28 30 31 32 34 35 37 38
6 3 11 13 18 25 31
0
34 1 2 4 5 6 7 8 9 10 12 14 15 16 17 19 20 21 22 23 24 26 27 28 29 30 32 33 34 35 36 37 38 39 40
1 16
0
39 1 2 3 4 5 6 7 8 9 10 11 12 13 14 15 17 18 19 20 21 22 23 24 25 26 27 28 29 30 31 32 33 34 35 36 37 38 39 40
5 5 23 27 29 34
0
35 1 2 3 4 6 7 8 9 10 11 12 13 14 15 16 17 18 19 20 21 22 24 25 26 28 30 31 32 33 35 36 37 38 39 40
3 8 35 40
0
37 1 2 3 4 5 6 7 9 10 11 12 13 14 15 16 17 18 19 20 21 22 23 24 25 26 27 28 29 30 31 32 33 34 36 37 38 39
2 11 31
0
38 1 2 3 4 5 6 7 8 9 10 12 13 14 15 16 17 18 19 20 21 22 23 24 25 26 27 28 29 30 32 33 34 35 36 37 38 39 40
