40 16
0 315 255
532 0 620
660 408 0
0
40 1 2 3 4 5 6 7 8 9 10 11 12 13 14 15 16 17 18 19 20 21 22 23 24 25 26 27 28 29 30 31 32 33 34 35 36 37 38 39 40
0
40 1 2 3 4 5 6 7 8 9 10 11 12 13 14 15 16 17 18 19 20 21 22 23 24 25 26 27 28 29 30 31 32 33 34 35 36 37 38 39 40
0
0
20 2 4 5 6 8 10 11 15 16 18 20 21 22 23 25 29 34 36 39 40
20 1 3 7 9 12 13 14 17 19 24 26 27 28 30 31 32 33 35 37 38
0
0
0
40 1 2 3 4 5 6 7 8 9 10 11 12 13 14 15 16 17 18 19 20 21 22 23 24 25 26 27 28 29 30 31 32 33 34 35 36 37 38 39 40
22 2 4 6 7 8 9 10 13 16 17 20 21 27 28 29 31 33 34 35 36 38 40
0
18 1 3 5 11 12 14 15 18 19 22 23 24 25 26 30 32 37 39
0
26 2 4 5 6 7 9 10 11 12 15 16 17 19 20 21 24 27 28 29 30 31 32 35 36 38 39
14 1 3 8 13 14 18 22 23 25 26 33 34 37 40
0
40 1 2 3 4 5 6 7 8 9 10 11 12 13 14 15 16 17 18 19 20 21 22 23 24 25 26 27 28 29 30 31 32 33 34 35 36 37 38 39 40
0
40 1 2 3 4 5 6 7 8 9 10 11 12 13 14 15 16 17 18 19 20 21 22 23 24 25 26 27 28 29 30 31 32 33 34 35 36 37 38 39 40
0
0
23 1 2 4 5 6 8 9 10 12 13 14 15 19 26 28 29 31 32 33 35 37 38 40
17 3 7 11 16 17 18 20 21 22 23 24 25 27 30 34 36 39
0
0
0
40 1 2 3 4 5 6 7 8 9 10 11 12 13 14 15 16 17 18 19 20 21 22 23 24 25 26 27 28 29 30 31 32 33 34 35 36 37 38 39 40
13 6 8 11 12 15 19 26 27 34 35 36 39 40
0
27 1 2 3 4 5 7 9 10 13 14 16 17 18 20 21 22 23 24 25 28 29 30 31 32 33 37 38
0
23 1 2 3 6 7 9 10 11 14 15 16 22 23 24 25 26 28 29 30 31 35 37 38
17 4 5 8 12 13 17 18 19 20 21 27 32 33 34 36 39 40
0
40 1 2 3 4 5 6 7 8 9 10 11 12 13 14 15 16 17 18 19 20 21 22 23 24 25 26 27 28 29 30 31 32 33 34 35 36 37 38 39 40
0
40 1 2 3 4 5 6 7 8 9 10 11 12 13 14 15 16 17 18 19 20 21 22 23 24 25 26 27 28 29 30 31 32 33 34 35 36 37 38 39 40
0
0
17 1 2 3 5 6 8 10 12 13 15 16 20 22 23 33 37 39
23 4 7 9 11 14 17 18 19 21 24 25 26 27 28 29 30 31 32 34 35 36 38 40
0
0
0
40 1 2 3 4 5 6 7 8 9 10 11 12 13 14 15 16 17 18 19 20 21 22 23 24 25 26 27 28 29 30 31 32 33 34 35 36 37 38 39 40
25 2 4 8 9 10 11 12 13 16 17 19 21 24 25 26 28 29 31 33 34 36 37 38 39 40
0
15 1 3 5 6 7 14 15 18 20 22 23 27 30 32 35
