40 6
0 850 133
472 0 283
243 985 0
14 2 6 8 9 16 18 19 20 23 24 27 28 29 32
0
26 1 3 4 5 7 10 11 12 13 14 15 17 21 22 25 26 30 31 33 34 35 36 37 38 39 40
12 1 2 4 9 10 18 19 20 21 33 36 38
0
28 3 5 6 7 8 11 12 13 14 15 16 17 22 23 24 25 26 27 28 29 30 31 32 34 35 37 39 40
10 5 7 19 22 23 27 32 33 36 38
0
30 1 2 3 4 6 8 9 10 11 12 13 14 15 16 17 18 20 21 24 25 26 28 29 30 31 34 35 37 39 40
12 4 7 13 15 16 19 24 27 30 33 35 39
0
28 1 2 3 5 6 8 9 10 11 12 14 17 18 20 21 22 23 25 26 28 29 31 32 34 36 37 38 40
15 1 2 6 7 10 12 13 15 16 25 26 27 34 35 38
0
25 3 4 5 8 9 11 14 17 18 19 20 21 22 23 24 28 29 30 31 32 33 36 37 39 40
12 4 5 9 11 12 16 21 24 30 31 39 40
0
28 1 2 3 6 7 8 10 13 14 15 17 18 19 20 22 23 25 26 27 28 29 32 33 34 35 36 37 38
15 2 3 5 10 12 16 19 23 25 26 29 31 34 37 40
0
25 1 4 6 7 8 9 11 13 14 15 17 18 20 21 22 24 27 28 30 32 33 35 36 38 39
