40 14
0 264 546
472 0 260
812 146 0
0
4 1 10 37 40
36 2 3 4 5 6 7 8 9 11 12 13 14 15 16 17 18 19 20 21 22 23 24 25 26 27 28 29 30 31 32 33 34 35 36 38 39
0
5 9 15 27 35 37
35 1 2 3 4 5 6 7 8 10 11 12 13 14 16 17 18 19 20 21 22 23 24 25 26 28 29 30 31 32 33 34 36 38 39 40
0
5 18 24 28 36 40
35 1 2 3 4 5 6 7 8 9 10 11 12 13 14 15 16 17 19 20 21 22 23 25 26 27 29 30 31 32 33 34 35 37 38 39
0
1 15
39 1 2 3 4 5 6 7 8 9 10 11 12 13 14 16 17 18 19 20 21 22 23 24 25 26 27 28 29 30 31 32 33 34 35 36 37 38 39 40
0
2 9 34
38 1 2 3 4 5 6 7 8 10 11 12 13 14 15 16 17 18 19 20 21 22 23 24 25 26 27 28 29 30 31 32 33 35 36 37 38 39 40
0
4 6 10 17 39
36 1 2 3 4 5 7 8 9 11 12 13 14 15 16 18 19 20 21 22 23 24 25 26 27 28 29 30 31 32 33 34 35 36 37 38 40
0
3 10 11 36
37 1 2 3 4 5 6 7 8 9 12 13 14 15 16 17 18 19 20 21 22 23 24 25 26 27 28 29 30 31 32 33 34 35 37 38 39 40
0
3 2 5 10
37 1 3 4 6 7 8 9 11 12 13 14 15 16 17 18 19 20 21 22 23 24 25 26 27 28 29 30 31 32 33 34 35 36 37 38 39 40
0
4 11 15 17 31
36 1 2 3 4 5 6 7 8 9 10 12 13 14 16 18 19 20 21 22 23 24 25 26 27 28 29 30 32 33 34 35 36 37 38 39 40
0
2 1 36
38 2 3 4 5 6 7 8 9 10 11 12 13 14 15 16 17 18 19 20 21 22 23 24 25 26 27 28 29 30 31 32 33 34 35 37 38 39 40
0
1 6
39 1 2 3 4 5 7 8 9 10 11 12 13 14 15 16 17 18 19 20 21 22 23 24 25 26 27 28 29 30 31 32 33 34 35 36 37 38 39 40
0
3 4 29 37
37 1 2 3 5 6 7 8 9 10 11 12 13 14 15 16 17 18 19 20 21 22 23 24 25 26 27 28 30 31 32 33 34 35 36 38 39 40
0
2 19 28
38 1 2 3 4 5 6 7 8 9 10 11 12 13 14 15 16 17 18 20 21 22 23 24 25 26 27 29 30 31 32 33 34 35 36 37 38 39 40
0
3 6 13 25
37 1 2 3 4 5 7 8 9 10 11 12 14 15 16 17 18 19 20 21 22 23 24 26 27 28 29 30 31 32 33 34 35 36 37 38 39 40
0
2 23 30
38 1 2 3 4 5 6 7 8 9 10 11 12 13 14 15 16 17 18 19 20 21 22 24 25 26 27 28 29 31 32 33 34 35 36 37 38 39 40
