40 8
0 987 652
842 0 9
764 35 0
0
28 3 4 5 6 8 9 10 12 14 15 16 17 22 25 26 27 28 29 30 31 32 33 34 35 36 37 39 40
12 1 2 7 11 13 18 19 20 21 23 24 38
2 38 40
29 1 2 3 4 5 7 8 9 10 11 12 14 15 16 17 18 19 21 22 24 25 26 27 30 32 33 34 35 37
9 6 13 20 23 28 29 31 36 39
3 9 13 16
31 1 2 3 4 5 6 7 10 12 14 15 17 18 19 21 22 23 24 25 27 28 29 30 31 32 35 36 37 38 39 40
6 8 11 20 26 33 34
6 4 6 14 19 26 30
28 1 2 3 5 7 8 9 10 12 15 16 17 18 20 21 23 24 25 27 28 29 31 32 33 35 37 38 39
6 11 13 22 34 36 40
6 4 16 19 29 35 38
25 1 2 3 5 7 8 9 10 11 12 13 14 15 18 20 21 22 23 25 26 28 30 33 36 39
9 6 17 24 27 31 32 34 37 40
4 2 9 18 30
27 1 3 4 5 8 10 11 12 13 15 16 17 19 20 21 23 24 25 28 29 31 32 33 34 37 39 40
9 6 7 14 22 26 27 35 36 38
4 11 14 23 27
29 1 2 4 5 6 7 8 9 10 12 13 16 17 18 19 20 21 22 28 29 30 31 32 33 34 35 36 38 40
7 3 15 24 25 26 37 39
2 22 35
28 1 3 4 5 6 7 9 11 12 15 16 19 20 21 23 24 25 26 27 29 30 31 32 34 36 37 39 40
10 2 8 10 13 14 17 18 28 33 38
4 1 6 7 26
25 3 4 9 10 11 12 13 14 15 16 17 19 20 21 22 23 27 28 29 30 32 33 36 37 40
11 2 5 8 18 24 25 31 34 35 38 39
