40 4
0 682 916
557 0 122
534 143 0
28 2 3 4 5 6 7 8 12 14 15 16 17 19 20 21 23 24 25 26 27 28 30 34 35 37 38 39 40
12 1 9 10 11 13 18 22 29 31 32 33 36
0
19 3 5 11 12 13 14 17 19 20 21 22 23 25 27 28 29 30 32 40
21 1 2 4 6 7 8 9 10 15 16 18 24 26 31 33 34 35 36 37 38 39
0
23 1 3 6 13 14 16 17 18 20 21 22 23 24 25 26 27 28 32 33 34 35 37 38
17 2 4 5 7 8 9 10 11 12 15 19 29 30 31 36 39 40
0
20 2 5 6 11 17 19 20 23 25 26 27 29 30 32 34 35 36 38 39 40
20 1 3 4 7 8 9 10 12 13 14 15 16 18 21 22 24 28 31 33 37
0
18 3 5 6 7 9 13 14 15 18 24 25 27 29 30 31 35 38 39
22 1 2 4 8 10 11 12 16 17 19 20 21 22 23 26 28 32 33 34 36 37 40
0
