40 16
0 890 145
506 0 132
141 449 0
0
11 1 8 18 20 22 30 33 34 36 38 40
29 2 3 4 5 6 7 9 10 11 12 13 14 15 16 17 19 21 23 24 25 26 27 28 29 31 32 35 37 39
14 1 6 9 11 12 15 16 18 23 24 25 27 31 38
18 3 8 10 13 14 17 19 26 28 29 30 32 33 34 35 36 37 39
8 2 4 5 7 20 21 22 40
17 1 2 4 5 6 7 8 10 11 12 18 20 21 23 28 29 33
23 3 9 13 14 15 16 17 19 22 24 25 26 27 30 31 32 34 35 36 37 38 39 40
0
23 3 4 5 6 8 12 14 15 16 18 20 21 22 24 25 27 28 29 30 33 34 35 39
17 1 2 7 9 10 11 13 17 19 23 26 31 32 36 37 38 40
0
24 5 6 7 8 11 12 15 16 19 20 21 22 23 24 25 26 27 29 31 32 33 37 38 40
1 9
15 1 2 3 4 10 13 14 17 18 28 30 34 35 36 39
4 1 6 27 29
4 13 17 34 39
32 2 3 4 5 7 8 9 10 11 12 14 15 16 18 19 20 21 22 23 24 25 26 28 30 31 32 33 35 36 37 38 40
5 13 19 22 23 40
24 5 8 9 11 14 15 16 17 18 21 24 25 26 27 28 29 30 31 32 33 34 37 38 39
11 1 2 3 4 6 7 10 12 20 35 36
37 1 2 3 4 5 7 8 9 10 11 12 13 14 15 16 17 18 19 20 21 22 23 25 26 28 29 30 31 32 33 34 35 36 37 38 39 40
0
3 6 24 27
0
0
40 1 2 3 4 5 6 7 8 9 10 11 12 13 14 15 16 17 18 19 20 21 22 23 24 25 26 27 28 29 30 31 32 33 34 35 36 37 38 39 40
2 9 38
38 1 2 3 4 5 6 7 8 10 11 12 13 14 15 16 17 18 19 20 21 22 23 24 25 26 27 28 29 30 31 32 33 34 35 36 37 39 40
0
3 2 19 32
0
37 1 3 4 5 6 7 8 9 10 11 12 13 14 15 16 17 18 20 21 22 23 24 25 26 27 28 29 30 31 33 34 35 36 37 38 39 40
31 1 2 3 4 5 7 9 10 11 12 13 14 15 16 17 18 19 20 22 23 24 26 30 31 33 34 35 36 38 39 40
0
9 6 8 21 25 27 28 29 32 37
0
37 1 2 3 4 5 6 8 9 10 11 12 13 14 15 16 18 19 20 21 22 23 24 25 27 28 29 30 31 32 33 34 35 36 37 38 39 40
3 7 17 26
0
6 9 14 24 31 37 40
34 1 2 3 4 5 6 7 8 10 11 12 13 15 16 17 18 19 20 21 22 23 25 26 27 28 29 30 32 33 34 35 36 38 39
3 2 16 29
31 1 3 5 6 7 9 10 11 12 13 14 15 17 18 19 20 21 22 25 26 27 30 31 33 34 35 36 37 38 39 40
6 4 8 23 24 28 32
12 1 5 8 15 16 24 27 28 33 34 38 39
16 2 3 4 6 9 10 13 14 17 21 22 23 30 31 36 40
12 7 11 12 18 19 20 25 26 29 32 35 37
12 2 8 9 14 19 20 21 22 32 34 36 39
28 1 3 4 5 6 7 10 11 12 13 15 16 17 18 23 24 25 26 27 28 29 30 31 33 35 37 38 40
0
