40 13
0 685 186
416 0 956
836 197 0
0
19 1 2 3 5 6 7 11 12 13 15 17 22 24 26 28 29 30 35 39
21 4 8 9 10 14 16 18 19 20 21 23 25 27 31 32 33 34 36 37 38 40
0
24 1 5 7 9 13 14 15 16 17 18 19 22 23 24 25 26 28 30 32 33 35 36 38 40
16 2 3 4 6 8 10 11 12 20 21 27 29 31 34 37 39
0
18 6 7 8 10 11 13 15 24 25 29 30 31 32 33 34 36 37 38
22 1 2 3 4 5 9 12 14 16 17 18 19 20 21 22 23 26 27 28 35 39 40
0
21 6 8 9 10 11 15 16 17 18 20 21 22 23 26 27 29 30 31 33 34 37
19 1 2 3 4 5 7 12 13 14 19 24 25 28 32 35 36 38 39 40
0
24 1 2 3 4 5 6 7 8 12 15 16 17 18 19 23 24 25 26 28 31 33 34 36 38
16 9 10 11 13 14 20 21 22 27 29 30 32 35 37 39 40
0
22 1 4 5 8 9 10 11 12 13 17 18 19 22 23 24 25 26 27 30 31 35 36
18 2 3 6 7 14 15 16 20 21 28 29 32 33 34 37 38 39 40
0
22 1 3 4 5 6 8 11 12 14 17 18 19 21 22 23 25 26 30 32 33 34 36
18 2 7 9 10 13 15 16 20 24 27 28 29 31 35 37 38 39 40
0
19 2 3 5 7 8 13 16 21 22 24 25 26 27 28 29 30 34 36 39
21 1 4 6 9 10 11 12 14 15 17 18 19 20 23 31 32 33 35 37 38 40
0
18 2 4 5 6 8 9 11 14 15 21 22 24 25 30 31 33 35 39
22 1 3 7 10 12 13 16 17 18 19 20 23 26 27 28 29 32 34 36 37 38 40
0
21 2 5 6 7 9 12 13 15 18 21 23 24 25 26 30 31 32 34 36 37 38
19 1 3 4 8 10 11 14 16 17 19 20 22 27 28 29 33 35 39 40
0
18 3 4 5 6 7 8 15 17 19 21 23 27 31 32 34 35 37 38
22 1 2 9 10 11 12 13 14 16 18 20 22 24 25 26 28 29 30 33 36 39 40
0
20 1 3 6 7 14 15 16 17 21 22 23 24 25 29 31 32 34 35 36 39
20 2 4 5 8 9 10 11 12 13 18 19 20 26 27 28 30 33 37 38 40
0
18 2 3 4 5 6 8 10 11 12 14 16 19 23 27 29 31 37 38
22 1 7 9 13 15 17 18 20 21 22 24 25 26 28 30 32 33 34 35 36 39 40
0
16 2 3 4 6 8 10 12 17 18 21 24 29 31 33 38 39
24 1 5 7 9 11 13 14 15 16 19 20 22 23 25 26 27 28 30 32 34 35 36 37 40
