40 16
0 798 541
934 0 78
930 780 0
10 3 6 10 14 20 24 27 31 36 39
15 1 4 5 9 15 16 17 21 22 25 28 30 32 33 35
15 2 7 8 11 12 13 18 19 23 26 29 34 37 38 40
15 1 7 8 10 14 15 20 24 30 31 32 34 36 39 40
11 2 3 4 11 22 25 27 29 35 37 38
14 5 6 9 12 13 16 17 18 19 21 23 26 28 33
15 3 5 6 8 16 22 24 25 27 28 29 31 35 37 38
13 2 4 9 10 11 12 15 17 18 26 34 36 40
12 1 7 13 14 19 20 21 23 30 32 33 39
11 7 8 9 12 13 16 20 26 34 37 38
17 1 2 4 6 10 15 19 21 22 23 27 30 33 35 36 39 40
12 3 5 11 14 17 18 24 25 28 29 31 32
14 2 3 5 15 16 17 20 21 23 25 37 38 39 40
16 4 6 7 8 11 12 13 14 19 22 24 27 29 32 34 36
10 1 9 10 18 26 28 30 31 33 35
17 7 8 11 13 17 18 19 20 21 26 28 31 33 35 36 37 38
13 2 3 6 9 10 12 14 16 24 29 30 32 40
10 1 4 5 15 22 23 25 27 34 39
13 2 5 6 14 15 17 19 23 25 27 29 38 40
14 3 9 12 18 20 21 26 28 30 31 32 35 36 37
13 1 4 7 8 10 11 13 16 22 24 33 34 39
13 1 4 6 10 11 16 28 30 32 34 35 36 39
16 3 5 7 14 17 18 20 21 22 23 25 27 29 31 33 37
11 2 8 9 12 13 15 19 24 26 38 40
10 3 9 10 13 19 21 22 29 30 33
17 1 2 4 5 6 8 12 15 16 18 23 24 26 27 35 38 39
13 7 11 14 17 20 25 28 31 32 34 36 37 40
8 1 5 11 16 19 21 34 35
16 7 9 13 15 17 18 20 23 24 25 29 30 32 33 37 40
16 2 3 4 6 8 10 12 14 22 26 27 28 31 36 38 39
11 1 7 8 10 11 16 27 33 35 36 39
18 2 4 9 12 13 14 15 17 20 22 23 24 25 28 29 32 34 37
11 3 5 6 18 19 21 26 30 31 38 40
7 1 7 12 30 33 34 38
13 2 14 15 17 18 20 25 26 27 28 31 37 39
20 3 4 5 6 8 9 10 11 13 16 19 21 22 23 24 29 32 35 36 40
11 2 3 9 10 12 23 29 30 31 35 38
13 5 6 7 14 15 17 21 22 24 32 33 36 39
16 1 4 8 11 13 16 18 19 20 25 26 27 28 34 37 40
14 1 3 5 12 13 16 22 25 26 33 34 36 37 40
15 4 7 8 10 11 18 19 20 24 27 28 30 32 35 39
11 2 6 9 14 15 17 21 23 29 31 38
12 4 6 7 10 11 13 15 16 21 25 26 39
17 1 5 8 9 18 19 22 24 28 29 31 34 35 36 37 38 40
11 2 3 12 14 17 20 23 27 30 32 33
10 4 8 11 12 13 14 17 18 29 31
14 5 6 7 9 16 19 20 24 27 30 32 36 39 40
16 1 2 3 10 15 21 22 23 25 26 28 33 34 35 37 38
17 3 8 13 15 17 18 19 21 23 25 27 31 32 35 36 38 40
14 1 4 5 7 10 14 16 24 26 28 29 34 37 39
9 2 6 9 11 12 20 22 30 33
