40 9
0 517 981
947 0 272
310 338 0
19 5 6 7 9 14 15 18 19 22 23 25 28 30 31 34 36 37 38 39
0
21 1 2 3 4 8 10 11 12 13 16 17 20 21 24 26 27 29 32 33 35 40
17 3 4 6 9 11 13 14 16 18 21 23 24 25 27 32 33 38
0
23 1 2 5 7 8 10 12 15 17 19 20 22 26 28 29 30 31 34 35 36 37 39 40
17 2 5 9 16 20 21 22 23 24 25 26 28 31 32 35 37 39
0
23 1 3 4 6 7 8 10 11 12 13 14 15 17 18 19 27 29 30 33 34 36 38 40
17 2 4 9 12 14 15 22 23 25 28 30 31 32 33 36 37 39
0
23 1 3 5 6 7 8 10 11 13 16 17 18 19 20 21 24 26 27 29 34 35 38 40
18 2 4 7 9 12 14 15 18 20 21 24 26 28 31 34 35 37 38
0
22 1 3 5 6 8 10 11 13 16 17 19 22 23 25 27 29 30 32 33 36 39 40
23 1 2 4 5 8 9 11 12 14 15 18 19 20 23 24 29 30 33 34 35 37 39 40
0
17 3 6 7 10 13 16 17 21 22 25 26 27 28 31 32 36 38
21 5 6 9 10 11 13 16 21 22 24 26 27 28 29 30 31 33 34 38 39 40
0
19 1 2 3 4 7 8 12 14 15 17 18 19 20 23 25 32 35 36 37
25 4 7 8 9 10 12 13 14 15 17 18 20 21 23 24 25 26 29 30 32 34 36 37 39 40
0
15 1 2 3 5 6 11 16 19 22 27 28 31 33 35 38
23 2 3 5 6 10 14 15 17 18 20 21 25 26 27 28 30 32 33 34 35 36 37 39
0
17 1 4 7 8 9 11 12 13 16 19 22 23 24 29 31 38 40
16 2 4 8 10 11 16 19 22 27 29 31 32 35 36 38 39
0
24 1 3 5 6 7 9 12 13 14 15 17 18 20 21 23 24 25 26 28 30 33 34 37 40
