40 14
0 104 931
815 0 109
602 53 0
26 1 4 5 7 8 9 12 13 15 16 17 20 21 23 25 26 27 28 30 32 33 34 35 38 39 40
14 2 3 6 10 11 14 18 19 22 24 29 31 36 37
0
30 1 2 3 4 5 6 7 8 10 11 12 14 15 16 17 19 21 22 23 26 27 28 29 34 35 36 37 38 39 40
10 9 13 18 20 24 25 30 31 32 33
0
27 1 2 3 4 5 6 7 8 9 10 13 15 16 20 21 24 27 29 30 31 32 33 34 35 38 39 40
13 11 12 14 17 18 19 22 23 25 26 28 36 37
0
28 1 4 5 6 7 8 9 10 11 12 14 15 16 18 19 22 23 24 26 28 29 30 31 32 34 35 36 40
12 2 3 13 17 20 21 25 27 33 37 38 39
0
27 1 2 4 5 6 8 10 11 12 13 14 18 22 23 24 25 26 28 29 31 32 33 35 37 38 39 40
13 3 7 9 15 16 17 19 20 21 27 30 34 36
0
25 1 3 8 9 10 11 12 13 14 15 16 19 21 23 24 25 26 29 33 34 35 36 37 38 40
15 2 4 5 6 7 17 18 20 22 27 28 30 31 32 39
0
24 4 5 6 7 8 10 11 12 13 16 18 19 21 23 24 27 28 29 30 31 32 33 35 39
16 1 2 3 9 14 15 17 20 22 25 26 34 36 37 38 40
0
31 1 2 3 4 5 7 9 10 11 12 13 14 15 16 17 18 19 20 21 23 24 25 26 27 28 29 33 36 37 38 40
9 6 8 22 30 31 32 34 35 39
0
30 1 2 4 6 7 8 9 10 12 13 16 17 18 19 20 22 24 25 27 28 29 31 32 33 34 35 36 38 39 40
10 3 5 11 14 15 21 23 26 30 37
0
30 1 5 7 8 9 10 11 12 13 15 17 18 19 20 21 22 23 24 25 26 27 28 29 30 32 36 37 38 39 40
10 2 3 4 6 14 16 31 33 34 35
0
25 2 3 6 7 8 10 12 14 15 17 18 19 20 21 22 24 25 27 28 30 32 33 36 38 40
15 1 4 5 9 11 13 16 23 26 29 31 34 35 37 39
0
28 1 2 3 5 7 9 11 12 13 17 18 20 21 22 23 24 25 26 27 28 29 32 33 35 36 37 38 40
12 4 6 8 10 14 15 16 19 30 31 34 39
0
26 1 2 6 7 8 9 10 11 12 14 17 18 19 20 21 22 23 24 25 27 33 35 36 38 39 40
14 3 4 5 13 15 16 26 28 29 30 31 32 34 37
0
33 1 3 4 5 6 7 9 11 12 13 14 15 16 17 18 19 20 21 22 23 24 25 27 28 29 31 32 33 34 35 36 37 40
7 2 8 10 26 30 38 39
0
28 1 2 6 7 8 9 10 12 14 16 17 18 19 20 21 22 23 24 25 27 28 32 33 35 36 37 39 40
12 3 4 5 11 13 15 26 29 30 31 34 38
0
