40 13
0 876 485
433 0 98
947 34 0
0
17 2 4 5 11 15 17 18 22 24 25 26 27 29 33 35 37 40
23 1 3 6 7 8 9 10 12 13 14 16 19 20 21 23 28 30 31 32 34 36 38 39
0
10 5 7 9 13 18 26 27 31 35 39
30 1 2 3 4 6 8 10 11 12 14 15 16 17 19 20 21 22 23 24 25 28 29 30 32 33 34 36 37 38 40
0
10 3 5 6 9 20 27 30 34 35 37
30 1 2 4 7 8 10 11 12 13 14 15 16 17 18 19 21 22 23 24 25 26 28 29 31 32 33 36 38 39 40
0
10 1 7 8 10 16 18 19 28 31 37
30 2 3 4 5 6 9 11 12 13 14 15 17 20 21 22 23 24 25 26 27 29 30 32 33 34 35 36 38 39 40
0
9 8 11 14 15 17 22 24 26 39
31 1 2 3 4 5 6 7 9 10 12 13 16 18 19 20 21 23 25 27 28 29 30 31 32 33 34 35 36 37 38 40
0
9 1 3 5 6 9 13 25 29 40
31 2 4 7 8 10 11 12 14 15 16 17 18 19 20 21 22 23 24 26 27 28 30 31 32 33 34 35 36 37 38 39
0
8 6 8 18 21 22 24 26 34
32 1 2 3 4 5 7 9 10 11 12 13 14 15 16 17 19 20 23 25 27 28 29 30 31 32 33 35 36 37 38 39 40
0
7 11 12 15 23 28 29 35
33 1 2 3 4 5 6 7 8 9 10 13 14 16 17 18 19 20 21 22 24 25 26 27 30 31 32 33 34 36 37 38 39 40
0
16 1 2 3 4 7 14 17 20 22 26 29 33 34 36 37 40
24 5 6 8 9 10 11 12 13 15 16 18 19 21 23 24 25 27 28 30 31 32 35 38 39
0
16 4 5 6 9 12 15 17 18 20 21 23 24 27 29 35 38
24 1 2 3 7 8 10 11 13 14 16 19 22 25 26 28 30 31 32 33 34 36 37 39 40
0
12 2 5 10 11 12 15 18 19 25 28 31 40
28 1 3 4 6 7 8 9 13 14 16 17 20 21 22 23 24 26 27 29 30 32 33 34 35 36 37 38 39
0
11 2 3 6 8 13 16 19 22 32 35 38
29 1 4 5 7 9 10 11 12 14 15 17 18 20 21 23 24 25 26 27 28 29 30 31 33 34 36 37 39 40
0
11 1 5 6 10 13 18 20 29 34 39 40
29 2 3 4 7 8 9 11 12 14 15 16 17 19 21 22 23 24 25 26 27 28 30 31 32 33 35 36 37 38
0
13 2 3 4 7 12 14 17 21 29 32 36 37 40
27 1 5 6 8 9 10 11 13 15 16 18 19 20 22 23 24 25 26 27 28 30 31 33 34 35 38 39
