40 11
0 447 196
322 0 685
791 186 0
0
40 1 2 3 4 5 6 7 8 9 10 11 12 13 14 15 16 17 18 19 20 21 22 23 24 25 26 27 28 29 30 31 32 33 34 35 36 37 38 39 40
0
0
37 2 3 4 5 6 7 8 9 10 11 12 13 14 15 17 18 19 20 21 22 23 24 25 26 27 28 30 31 32 33 34 35 36 37 38 39 40
3 1 16 29
0
36 1 2 5 6 7 8 9 10 11 13 14 15 16 17 18 19 20 21 22 23 24 25 26 27 28 29 30 31 32 33 35 36 37 38 39 40
4 3 4 12 34
0
35 1 2 3 4 5 6 7 8 9 10 13 14 15 16 18 19 20 21 22 23 24 25 27 28 29 31 32 33 34 35 36 37 38 39 40
5 11 12 17 26 30
0
38 1 2 3 4 5 6 7 8 9 10 11 12 13 14 15 16 17 18 19 20 21 22 24 25 26 27 28 29 30 31 33 34 35 36 37 38 39 40
2 23 32
0
35 1 2 3 4 5 6 7 8 9 11 12 14 15 16 17 19 20 22 23 25 26 27 28 29 30 31 32 33 34 35 36 37 38 39 40
5 10 13 18 21 24
0
34 1 2 3 4 5 6 7 9 10 12 13 14 15 16 17 18 19 20 23 24 25 26 27 28 29 30 32 33 34 35 36 37 39 40
6 8 11 21 22 31 38
0
38 1 2 3 4 5 6 7 8 9 10 11 12 13 14 15 16 17 18 19 20 22 23 24 25 26 27 28 29 30 31 32 33 34 35 36 37 38 39
2 21 40
0
35 1 2 3 4 5 6 7 9 10 11 12 14 15 17 18 20 22 23 24 25 26 27 28 29 30 31 32 33 34 35 36 37 38 39 40
5 8 13 16 19 21
0
36 1 2 3 4 5 6 7 9 10 11 12 13 14 15 16 17 18 19 21 22 23 24 25 26 27 28 29 30 31 32 35 36 37 38 39 40
4 8 20 33 34
0
36 1 2 3 4 5 6 8 9 10 11 12 13 14 15 16 17 18 19 20 21 23 24 25 26 27 28 30 31 32 33 34 36 37 38 39 40
4 7 22 29 35
0
37 1 2 3 4 5 6 7 8 9 10 12 13 14 15 16 17 18 19 20 21 23 25 26 27 28 29 30 31 32 33 34 35 36 37 38 39 40
3 11 22 24
