40 8
0 473 272
570 0 475
700 102 0
27 1 2 5 6 7 8 11 12 15 16 17 18 19 20 21 22 23 24 25 27 29 30 33 34 35 38 40
9 3 4 13 26 28 31 32 36 39
4 9 10 14 37
20 1 3 8 9 13 14 15 22 24 25 27 28 31 33 34 35 36 38 39 40
14 2 4 5 10 11 16 17 18 19 20 21 26 29 37
6 6 7 12 23 30 32
21 1 2 3 4 5 6 8 9 10 11 16 17 20 21 30 31 32 34 35 36 39
10 7 14 15 19 23 26 29 33 38 40
9 12 13 18 22 24 25 27 28 37
23 1 2 3 4 6 7 13 14 16 17 19 20 22 23 24 28 29 32 34 35 37 39 40
11 10 11 12 15 21 25 26 30 33 36 38
6 5 8 9 18 27 31
21 1 3 5 7 9 12 15 18 19 21 23 24 26 28 29 30 31 34 35 37 40
12 4 6 8 10 11 14 16 22 25 32 38 39
7 2 13 17 20 27 33 36
21 1 3 7 8 10 12 13 14 17 18 19 20 22 25 26 28 31 34 36 37 39
15 2 4 5 6 9 11 15 16 23 24 29 30 32 33 40
4 21 27 35 38
23 3 4 6 7 8 9 13 16 19 20 21 22 24 27 29 32 33 34 35 36 37 38 40
10 1 5 12 15 17 18 23 26 31 39
7 2 10 11 14 25 28 30
22 1 2 5 7 8 10 12 15 17 19 21 22 23 24 25 28 34 35 36 38 39 40
14 4 6 9 11 14 16 18 20 27 29 30 32 33 37
4 3 13 26 31
20 2 3 5 7 8 9 13 16 17 19 20 21 22 25 26 29 30 31 34 38
15 1 10 11 14 15 23 24 27 28 32 33 35 36 37 40
5 4 6 12 18 39
