78
57 69
47 66
52 70
74 19
45 5
69 37
1 44
29 66
62 46
23 11
59 8
41 37
7 9
12 48
13 23
5 51
77 65
2 78
37 61
67 45
76 25
57 29
30 59
50 8
69 36
75 48
58 61
65 16
39 63
71 15
67 53
33 47
69 10
48 8
11 30
57 31
66 60
9 70
4 59
68 66
78 62
33 1
73 64
46 28
5 17
32 27
55 60
70 24
26 3
35 33
14 20
43 60
69 30
60 65
45 29
9 31
38 26
56 1
57 63
66 22
14 53
60 76
63 78
15 64
61 32
61 74
72 63
34 67
40 57
71 54
61 38
67 49
74 54
22 18
61 42
67 21
6 49
157
10 6 12 40 27 63 32 31 50 9 53
29 58 16 48 37 39 69 26 21 67 11 71 24 14 18 13 8 22 32 61 57 15 3 43 73 23 63 74 30 47
18 72 52 24 23 74 50 55 67 8 12 16 77 19 8 38 67 8 21
35 42 72 77 43 21 24 10 56 7 41 35 20 75 44 2 75 24 75 34 20 4 77 3 7 21 4 68 40 39 3 4 4 34 20 20
13 25 29 42 71 76 74 32 56 31 5 64 8 72
49 74 4 77 13 62 47 40 26 50 20 11 54 20 3 58 35 73 22 39 10 54 60 74 70 54 10 26 10 44 18 10 74 24 12 50 75 8 2 7 74 10 4 6 6 29 51 47 13 58
6 23 29 45 16 28 5
15 78 68 46 45 67 38 21 43 65 64 39 25 43 38 60
11 59 26 53 45 60 30 12 13 50 49 61
35 35 21 49 33 45 1 37 76 62 60 12 65 77 22 70 58 38 69 64 54 23 63 10 11 57 30 28 13 59 25 26 48 53 78 47
34 34 75 55 72 18 41 16 1 27 70 19 56 33 35 40 57 74 25 13 37 70 8 72 18 18 42 50 78 36 68 13 62 35 65
46 75 68 2 36 55 7 27 6 25 36 12 17 10 58 2 13 34 43 50 75 3 2 36 4 18 56 77 6 72 21 58 19 42 21 68 28 20 68 4 10 3 41 51 4 13 21
21 49 31 14 67 48 74 65 70 30 57 30 31 53 26 49 14 37 8 46 47 69
19 70 9 49 49 11 66 30 59 1 5 8 59 29 33 5 22 1 69 33
49 68 30 14 67 67 43 6 31 5 24 30 65 68 64 51 9 46 59 47 46 70 44 32 49 27 41 35 64 39 47 53 78 11 56 23 14 38 65 52 2 5 59 7 44 38 53 9 8 63
10 8 14 22 70 26 26 63 45 71 9
14 19 25 14 53 4 1 22 15 67 63 46 64 31 76
41 31 78 4 4 65 76 8 16 76 71 39 34 21 30 17 69 38 22 63 45 25 7 50 15 3 2 22 60 25 52 51 35 6 27 58 5 76 78 24 6 73
10 3 18 7 6 73 51 6 50 36 3
21 69 59 26 31 37 76 71 57 62 48 68 63 66 30 38 41 74 11 23 24 22
4 71 30 20 49
50 45 44 78 62 49 43 1 74 23 60 38 5 63 64 52 26 50 44 41 58 15 69 57 13 62 53 27 66 74 52 42 33 67 19 67 25 63 5 60 77 10 23 55 35 42 22 76 18 60 64
24 7 71 54 46 45 59 33 45 57 71 75 63 32 52 10 8 67 48 21 38 49 49 75 35
11 15 61 78 67 67 8 62 64 47 48 48
3 16 31 63
23 61 8 8 62 33 23 22 54 33 67 48 62 38 57 30 60 22 11 57 70 45 5 60
21 29 58 12 10 71 12 71 39 6 29 70 11 54 63 60 16 20 22 57 63 36
21 17 28 18 42 36 75 12 10 36 2 50 58 10 16 6 3 73 4 43 24 4
5 52 51 40 52 25
5 1 9 50 65 61
35 55 63 46 53 22 78 25 54 20 76 18 2 16 48 32 69 58 14 11 5 52 59 65 49 71 51 38 67 64 3 35 1 34 26 74
23 57 68 65 72 22 49 47 29 8 45 52 18 68 68 20 76 56 4 78 55 54 5 72
11 51 4 28 12 73 13 72 52 52 10 20
12 74 65 21 74 35 62 72 45 20 38 56 20
39 62 14 9 45 22 6 57 71 27 78 31 32 66 68 52 33 48 76 34 30 20 58 44 10 1 56 39 53 70 5 60 65 59 29 74 37 8 23 41
14 76 14 49 39 73 29 66 7 70 47 32 74 32 76
8 9 51 30 33 41 71 45 18
46 57 7 52 31 11 37 3 33 32 47 58 47 3 34 36 20 63 77 50 54 29 34 66 23 75 59 22 49 55 59 23 44 55 7 37 76 28 24 22 73 13 41 15 5 50 21
36 38 63 39 11 67 56 19 71 51 54 13 1 9 30 66 31 72 61 15 65 12 37 52 75 29 59 24 18 14 46 78 73 49 45 48 8
15 66 7 51 72 9 48 48 25 6 72 34 15 21 21 21
12 61 55 9 50 73 14 48 36 72 21 77 26
3 17 17 6
4 49 69 57 5
31 27 10 6 27 75 25 3 52 52 58 6 19 13 13 4 13 20 10 2 2 4 27 68 42 73 10 35 55 18 44 2
40 58 36 44 6 29 64 15 68 11 15 70 67 55 7 37 22 42 43 67 5 73 22 21 2 54 69 50 75 59 34 25 48 13 55 37 21 10 70 4 36
44 32 38 49 71 45 64 74 30 54 70 8 66 46 65 5 30 8 30 63 1 33 62 8 62 30 30 69 54 69 65 48 65 49 70 76 38 76 48 49 64 29 22 45 66
49 7 28 36 10 25 3 43 42 18 58 24 16 24 72 77 52 50 40 55 24 12 34 6 12 19 36 16 56 40 40 2 72 36 34 19 36 20 2 25 40 21 24 17 35 73 40 16 10 56
21 3 18 20 77 68 34 51 12 20 27 18 39 44 19 51 77 35 40 25 21 52
36 34 25 65 8 37 48 11 53 57 52 62 63 46 49 56 32 36 38 66 7 59 18 45 1 2 42 33 47 73 68 19 60 43 31 76 70
20 27 2 59 12 74 1 40 41 60 77 65 24 24 42 33 46 16 24 76 63
35 37 60 63 77 66 26 41 40 4 46 24 49 8 48 38 76 54 59 13 5 57 11 14 52 9 51 31 2 33 30 42 74 22 58 21
1 72
1 16
43 45 70 1 30 33 78 38 78 1 14 69 48 70 57 65 14 37 76 59 49 64 37 57 63 26 62 49 11 46 46 9 23 65 57 22 66 38 1 32 23 74 65 32
7 30 74 67 8 27 26 17
22 36 46 22 67 47 49 9 64 45 26 50 37 31 14 42 38 61 60 69 71 52 7
49 41 34 48 2 22 2 74 68 62 64 6 75 10 20 31 55 28 74 64 70 14 67 15 75 25 75 43 5 7 56 39 16 8 54 66 61 35 7 46 64 54 60 34 78 43 22 67 45 44
37 46 74 74 14 66 9 31 11 61 57 70 49 54 5 8 29 5 14 5 15 22 46 65 11 22 66 61 67 54 61 69 53 63 47 66 47 54
44 29 69 64 29 30 8 65 22 1 78 76 31 62 14 53 74 60 37 62 37 54 46 66 65 78 65 71 9 65 67 69 5 46 1 1 30 65 22 5 30 14 48 57 60
38 26 45 64 11 27 61 71 58 57 4 48 34 15 53 29 73 60 66 2 59 49 18 46 56 38 70 39 9 35 37 77 31 78 43 19 33 10 20
3 22 65 11
21 77 30 38 72 24 61 46 23 14 65 47 13 20 56 62 6 78 30 71 73 57
28 17 14 49 44 13 42 5 58 57 34 59 21 64 29 35 53 76 38 3 39 25 39 1 36 58 13 54 40
29 24 20 75 28 33 48 56 9 55 39 15 27 76 65 23 3 4 46 46 66 22 32 12 75 15 37 55 2 31
26 58 19 2 36 72 25 42 52 39 56 2 25 68 4 40 27 43 72 41 68 27 73 17 56 42 68
43 52 27 41 44 28 21 50 20 24 55 50 44 73 52 35 72 73 2 27 50 75 7 20 42 73 40 12 40 58 10 17 25 10 77 24 18 42 18 24 72 52 50 7
29 12 37 73 60 27 25 13 61 57 32 73 73 75 45 65 29 35 14 17 55 55 61 39 67 39 40 68 69 29
27 69 65 76 63 60 57 48 14 61 15 11 14 38 54 66 49 26 23 32 64 65 37 1 30 32 60 32
39 17 39 13 39 51 19 72 3 7 7 3 13 28 56 44 75 7 6 4 51 36 4 19 44 6 21 73 25 35 24 52 25 39 72 50 75 27 75 7
32 36 61 73 27 35 38 30 56 33 50 9 69 31 24 41 1 70 24 31 36 34 27 72 20 72 56 54 17 40 64 25 23
41 34 20 55 71 29 25 38 8 66 46 76 37 10 8 47 77 41 60 29 11 70 39 16 36 58 45 23 23 23 70 2 52 8 28 72 41 46 12 31 22 26
36 21 16 10 68 50 42 12 20 10 20 6 75 21 52 4 17 12 55 24 52 51 68 44 36 73 25 43 43 41 2 44 4 43 20 16 35
42 32 37 8 46 54 22 13 1 43 71 21 23 18 66 67 49 64 76 57 9 51 5 69 70 60 73 56 17 31 38 62 45 26 63 59 11 15 14 55 48 40 3
44 21 7 6 73 25 21 28 42 52 36 16 13 72 56 20 36 27 41 16 43 35 27 40 24 27 51 68 4 20 52 19 56 58 52 16 27 36 13 42 39 58 77 24 7
28 74 57 78 51 63 59 38 65 76 62 32 40 23 17 54 60 10 43 71 47 20 21 48 66 33 37 45 68
1 31
2 22 19
4 57 75 33 64
18 50 47 36 74 77 38 54 23 48 15 39 21 45 26 3 67 60 65
49 8 45 19 67 1 38 48 70 54 9 53 66 32 31 14 56 74 22 71 39 62 26 55 13 73 15 78 59 35 76 16 50 30 23 24 69 7 25 21 49 33 46 3 2 61 64 47 58 63
23 44 43 1 39 13 72 4 68 24 45 71 2 22 57 71 46 18 77 2 71 77 19 53
17 40 1 11 15 10 14 48 76 3 20 22 22 5 26 43 23 68
48 29 3 28 3 74 20 9 54 72 41 45 12 60 16 6 20 49 43 63 54 68 71 10 46 15 61 37 65 75 76 36 14 8 33 48 1 66 38 22 27 29 78 12 68 21 7 75 2
50 43 55 35 20 77 18 3 4 43 13 52 55 51 75 17 2 55 42 2 7 42 55 73 4 28 55 43 43 51 75 73 27 16 55 28 12 19 25 52 2 13 73 72 17 43 18 52 41 75 55
28 31 63 49 1 10 73 54 62 61 11 30 18 59 78 67 26 70 77 46 3 2 8 57 53 24 23 14 71
11 35 30 55 56 13 34 10 11 9 8 47
41 25 19 6 41 4 43 60 8 36 10 22 48 23 17 27 44 62 8 24 69 17 19 21 28 72 27 49 78 37 25 69 57 59 24 16 76 76 33 4 51 20
35 28 31 50 9 51 66 7 40 77 40 64 37 70 63 37 35 64 36 42 8 70 24 22 47 38 38 39 12 26 65 38 32 71 60 62
1 55
2 67 61
1 22
30 36 31 24 72 45 67 14 62 21 54 4 29 77 39 67 69 29 48 73 4 15 24 59 25 58 12 2 19 19 6
37 74 47 18 62 71 38 17 6 67 38 12 29 35 5 5 44 44 33 50 54 53 5 29 74 13 28 15 14 11 49 23 75 68 2 43 32 37
38 71 37 54 8 57 48 38 69 8 49 64 47 59 14 63 26 71 9 71 26 23 57 32 48 62 63 62 60 33 71 74 38 37 64 14 29 47 69
23 2 10 72 50 41 41 7 40 12 77 3 72 25 21 3 24 41 19 25 25 35 43 18
42 48 46 60 54 56 6 65 38 75 59 57 39 47 30 45 11 5 9 52 23 35 58 42 76 64 62 53 34 29 78 73 15 19 70 72 33 8 17 68 74 37 14
32 21 20 56 52 57 2 15 15 51 54 3 34 34 14 32 16 59 9 14 59 42 38 33 28 71 76 52 77 22 4 55 61
44 25 74 56 66 54 10 33 30 57 18 65 16 75 46 9 60 72 46 48 12 9 35 74 39 27 58 7 50 19 45 38 71 33 32 14 58 24 63 57 36 9 27 38 47
16 13 67 23 30 77 28 61 64 71 60 45 41 9 69 78 15
37 25 13 55 24 24 4 72 43 44 68 43 34 21 51 55 41 34 51 42 28 4 19 51 42 52 16 17 2 16 58 52 17 40 34 17 27 16
50 43 43 71 12 10 17 36 26 19 42 47 66 44 77 42 9 65 69 31 75 12 78 37 70 35 33 4 72 25 7 25 39 2 18 74 39 42 43 20 50 24 69 10 72 11 49 4 17 49 38
26 75 35 72 19 52 2 27 35 52 3 58 68 72 10 25 34 75 10 34 56 12 6 7 35 40 55
37 65 73 12 20 36 76 52 22 61 32 70 40 47 3 60 14 10 51 69 1 45 68 67 72 18 38 54 57 74 39 11 48 17 64 30 5 16
50 27 6 43 58 6 28 17 25 7 2 6 28 41 12 55 51 36 50 77 34 41 50 56 34 73 35 75 41 6 25 13 12 56 7 3 39 10 28 50 43 13 77 17 35 24 73 77 36 55 34
26 34 22 52 16 57 15 63 46 36 52 22 77 33 11 68 32 75 1 41 55 52 52 36 10 7 46
48 71 70 70 76 8 38 46 8 32 48 78 48 14 30 60 33 45 47 53 32 29 23 30 29 37 22 76 30 67 5 33 37 59 37 31 23 46 26 60 60 74 29 63 62 64 23 5 63
45 71 57 40 67 37 28 9 15 20 26 5 49 31 76 33 78 19 46 63 22 65 29 59 14 7 64 60 35 73 11 45 18 72 6 25 70 36 50 68 12 66 47 23 62 1
23 36 41 21 7 18 28 42 27 24 40 56 21 75 58 6 10 27 52 10 2 16 28 36
22 25 10 34 3 20 75 44 72 50 56 56 6 27 20 58 4 7 10 52 43 73 56
16 65 10 46 26 17 59 76 8 2 13 43 43 17 22 63 21
41 10 66 37 2 49 37 64 13 45 45 1 43 31 33 27 37 25 25 49 58 75 50 69 35 15 62 43 43 14 21 58 34 5 59 3 77 41 3 24 14 32
27 40 52 45 37 73 55 9 40 14 54 68 58 8 1 2 40 57 77 26 31 73 45 19 14 25 5 50
7 33 14 70 46 14 49 62
45 48 22 31 14 64 26 11 56 27 2 33 70 47 5 46 59 78 53 29 35 41 61 58 62 75 57 65 17 69 1 67 15 76 24 77 19 23 45 49 38 8 32 9 40 30
32 40 74 41 23 12 77 60 23 48 31 69 50 69 27 53 69 24 8 26 3 19 69 28 17 62 65 35 73 61 68 40 37
49 20 51 16 39 55 25 12 12 77 28 7 50 50 2 6 20 51 2 68 24 68 13 25 13 17 73 73 24 21 21 73 40 24 18 24 56 3 12 20 51 25 50 10 35 27 58 25 3 18
3 35 9 73
27 55 7 2 65 26 49 50 18 46 62 6 74 66 59 69 56 20 52 4 15 74 16 72 49 3 20 45
26 44 20 34 44 44 36 58 2 19 24 27 50 18 51 55 3 18 19 44 10 44 21 75 4 36 25
35 43 67 24 35 71 74 57 53 29 34 35 32 69 39 63 46 19 1 41 68 66 69 10 65 5 12 45 6 40 64 38 54 36 66 59
30 12 51 53 17 30 46 3 23 49 35 72 41 12 31 64 29 50 59 49 38 71 16 44 25 25 16 59 52 15 63
2 60 23
2 72 33
29 46 71 73 8 35 26 35 50 26 72 68 20 11 63 17 69 71 68 64 46 73 38 17 57 20 49 65 30 72
12 33 64 48 61 64 64 15 64 9 32 65 57
7 67 70 59 19 41 2 52
49 53 10 11 33 68 9 60 42 3 49 46 64 17 36 74 28 69 66 23 30 76 48 61 32 57 52 40 12 65 73 38 44 45 67 77 26 2 8 37 24 15 22 47 58 43 72 29 51 1
39 61 53 48 49 69 8 60 48 49 54 78 14 1 70 32 71 31 54 1 26 70 8 5 11 48 70 59 61 8 38 29 32 31 67 23 78 29 57 11
27 67 8 34 43 22 7 21 15 44 14 72 20 6 42 77 36 4 68 10 71 76 45 64 69 11 52 48
35 59 14 78 65 26 32 31 76 66 78 47 1 23 33 69 69 64 11 53 30 60 38 38 65 66 62 49 14 45 11 15 11 49 71 38
5 35 8 34 37 12
1 43
17 78 64 49 54 69 74 69 15 57 14 15 31 37 60 1 31 62
23 11 56 16 60 58 15 25 21 34 17 41 18 20 17 29 75 6 62 65 68 13 2 31
24 10 69 48 65 1 62 7 12 15 67 41 46 73 77 56 36 19 2 44 13 45 16 47 44
2 67 11
15 15 59 10 68 64 50 36 59 47 77 34 42 50 12 22
43 64 29 54 22 1 62 22 59 64 14 54 9 31 69 74 53 26 9 22 57 53 69 57 33 78 5 29 54 5 14 48 31 33 69 67 14 29 60 38 8 31 5 71
8 53 31 13 52 54 45 24 22
27 76 56 13 11 6 55 75 23 54 72 73 21 8 11 58 75 45 1 55 25 12 73 27 66 19 25 66
39 16 3 50 50 17 42 18 58 24 12 6 43 19 42 27 13 18 58 3 73 42 34 6 43 41 72 44 20 10 39 7 19 55 7 39 50 55 36 51
5 21 69 17 17 27
19 50 36 27 19 52 20 7 35 2 68 25 58 27 18 7 35 51 19 41
50 11 40 54 5 33 18 40 46 57 77 8 26 38 47 40 6 27 77 71 53 40 61 34 22 11 59 49 63 3 39 62 57 10 77 30 77 72 9 76 36 78 33 63 68 51 71 57 2 56 19
6 18 11 28 18 36 11
42 60 31 11 62 30 49 26 65 16 10 59 8 45 20 61 44 13 15 53 78 33 3 64 54 73 56 70 24 32 46 7 57 14 76 28 63 37 52 48 74 25 69
5 2 3 2 67 6
10 44 6 28 41 33 46 44 57 75 35
41 64 2 45 65 33 18 30 64 50 16 14 7 17 54 31 12 9 40 61 40 42 9 6 69 33 28 55 68 60 17 38 61 78 43 15 20 46 4 50 1 25
15 57 32 71 18 19 7 76 6 66 38 26 59 25 60 74
40 6 41 19 52 75 41 50 20 36 2 41 55 77 56 3 20 40 50 27 17 16 34 20 50 72 3 43 39 75 77 72 58 4 27 27 43 56 50 17 51
37 63 76 3 67 19 68 60 62 23 69 22 18 47 70 6 4 75 39 64 58 71 56 17 51 78 14 54 36 66 11 53 38 65 33 37 10 61
47 44 62 72 7 31 26 38 28 13 66 19 15 37 68 63 8 54 53 27 51 40 59 70 41 4 14 50 52 49 3 36 22 76 5 61 71 75 77 47 65 55 67 12 69 23 2 42
16 76 52 22 12 11 67 59 19 21 44 17 51 13 72 36 18
14 50 66 33 37 31 67 65 26 68 37 71 24 56 25
26 47 68 33 75 1 69 23 11 74 40 49 57 29 46 72 16 30 71 55 20 17 37 34 58 48 41
2 5 29
