166
16 36
35 76
24 146
18 149
103 9
75 113
25 34
18 136
124 107
125 150
65 14
150 148
124 128
22 76
116 5
3 57
140 58
95 1
134 26
87 158
19 137
156 11
61 52
127 17
32 68
39 73
105 91
106 23
26 71
9 21
76 98
145 93
91 44
93 112
40 37
158 134
84 66
58 154
3 153
161 75
119 78
162 56
57 118
18 121
116 158
68 80
60 111
146 57
69 113
105 140
21 31
57 145
92 11
83 147
156 142
158 7
61 62
114 150
114 117
155 40
108 27
89 133
31 129
82 90
143 8
100 114
60 74
133 18
57 76
124 66
164 147
92 28
150 144
96 84
51 3
14 149
129 41
120 57
38 53
156 127
97 43
98 160
101 33
2 150
76 125
117 15
76 48
67 6
81 44
93 55
39 141
105 70
18 116
114 152
2 64
75 45
96 166
38 68
78 12
19 92
146 63
79 92
35 109
4 133
156 57
120 110
21 30
66 130
108 17
46 127
104 31
19 162
66 126
59 90
39 102
165 37
86 7
31 115
33 46
84 76
49 3
84 36
2 42
76 32
123 100
122 24
113 3
89 159
88 46
139 127
19 10
34 39
94 133
62 76
131 146
105 92
111 21
22 67
76 143
83 84
11 132
84 18
14 77
135 157
35 99
17 90
32 20
84 163
72 35
116 34
97 47
50 46
78 133
23 66
57 37
121 95
151 98
85 36
54 2
57 138
29 21
97 11
13 116
31 11
157 106
312
25 28 112 95 8 147 95 112 99 50 128 125 129 99 22 89 42 149 2 151 125 42 41 53 153 80
26 26 89 157 38 58 67 17 105 129 2 21 24 26 116 68 134 140 162 19 46 91 46 124 78 21 44
35 81 96 85 73 145 9 60 59 152 97 92 152 78 74 142 62 96 107 147 71 58 111 65 11 70 29 162 107 41 104 32 103 116 14 141
4 116 83 93 39
40 2 129 98 162 31 22 121 36 117 58 111 127 117 140 39 18 105 46 75 37 93 19 95 96 33 149 7 111 78 100 117 35 7 114 117 31 68 21 44 39
44 121 120 124 17 9 129 134 96 125 76 58 19 78 117 44 156 106 120 39 38 60 158 157 97 37 36 140 134 11 156 93 32 98 68 21 125 117 7 106 32 121 57 162 19
27 16 152 13 110 43 151 142 86 152 63 55 56 48 12 104 130 110 42 136 64 88 103 85 135 69 1 41
42 6 50 42 157 28 73 7 113 143 27 124 12 103 137 48 157 52 93 162 16 43 111 108 68 50 38 110 18 47 160 28 121 14 157 36 155 137 135 137 3 5 7
11 140 117 13 158 149 15 118 82 108 50 133
8 59 89 110 32 4 14 30 66
26 160 28 164 65 164 47 154 161 12 15 141 151 119 43 64 30 80 12 47 64 155 82 63 59 1 56
27 91 68 76 5 67 146 117 37 57 33 149 41 129 147 112 139 38 19 93 43 92 135 56 162 83 154 58
16 83 31 37 137 120 126 97 38 100 164 82 146 46 109 11 25
14 146 51 94 90 59 27 22 33 23 54 130 147 87 66
26 2 107 83 62 96 133 105 71 56 116 156 95 84 129 106 125 7 50 160 103 78 36 153 51 89 162
41 102 124 109 90 20 40 117 35 29 116 58 2 143 19 100 163 96 67 95 21 145 80 147 43 27 98 159 26 106 157 14 137 37 84 45 89 62 23 54 7 156
33 29 60 31 75 10 101 23 102 105 21 147 66 60 46 35 73 89 69 149 62 72 21 136 26 18 78 101 6 21 52 27 36 4
45 73 6 123 8 61 11 141 50 145 17 137 124 58 40 131 46 106 66 33 24 117 88 88 126 35 61 95 155 37 5 80 102 159 36 123 35 156 118 156 128 93 143 23 148 58
38 71 12 16 64 126 52 103 59 135 28 161 131 80 115 41 65 74 160 45 29 47 54 144 43 110 1 74 103 64 4 73 88 99 56 161 112 48 107
3 127 135 76
4 137 77 53 139
40 38 97 57 6 72 35 98 117 82 48 39 103 93 123 43 77 14 131 134 127 31 44 36 111 101 118 142 12 9 107 26 133 32 84 132 120 161 144 100 59
5 118 15 103 65 18
19 52 65 25 69 76 110 64 136 105 132 165 137 22 77 114 89 37 89 161
38 105 41 100 110 95 109 75 156 28 163 5 58 14 7 51 68 73 98 37 91 36 39 120 133 33 49 60 117 158 101 114 76 127 66 155 46 122 38
4 35 127 93 66
37 4 79 79 25 74 115 80 122 166 128 138 16 15 63 10 159 131 144 142 151 16 119 59 52 79 163 55 15 25 15 94 12 138 141 104 144 27
36 1 27 137 107 109 126 80 141 72 69 85 135 28 153 50 73 107 80 104 99 94 115 94 80 152 42 13 141 53 63 94 64 107 43 52 30
33 62 39 76 157 90 136 135 3 125 149 84 117 57 58 134 105 133 92 26 140 23 144 51 16 21 97 36 22 111 93 18 31 7
24 32 61 21 31 129 11 97 65 103 68 91 34 125 124 140 111 35 100 121 117 27 158 83 18
8 84 26 160 71 71 96 157 112
16 88 135 99 74 48 8 165 29 104 25 148 152 122 15 6 107
28 97 105 44 108 38 33 32 31 18 108 100 68 76 18 78 40 100 26 58 61 89 22 120 76 75 24 157 111
12 92 59 21 38 138 127 22 151 113 166 51 122
22 166 40 109 125 38 4 92 27 34 78 9 115 164 117 129 26 18 14 86 120 140 2
26 154 61 6 72 78 113 98 58 21 106 30 132 133 47 107 79 84 163 86 164 134 1 94 106 86 45
34 76 91 17 138 111 32 114 81 117 108 55 57 38 100 145 98 140 61 21 95 49 120 9 2 18 110 10 24 96 93 89 78 40 15
45 77 127 116 134 9 50 62 151 97 56 161 108 111 166 95 19 17 83 142 11 48 73 139 96 14 133 145 98 76 120 101 149 150 58 99 117 57 55 39 91 32 114 109 46 125
49 21 17 18 75 108 140 40 90 96 67 60 133 111 7 146 84 9 67 17 111 114 68 156 66 37 97 106 100 96 18 145 26 116 32 114 90 18 158 149 89 125 38 44 37 36 78 68 11 113
2 115 88
6 156 89 46 166 111 147
34 160 46 126 28 105 131 67 154 135 120 157 157 44 2 61 80 49 14 2 163 111 108 115 113 156 43 121 13 142 115 23 163 78 117
13 16 19 157 154 119 129 100 27 46 119 35 134 91
14 36 48 101 55 43 88 17 134 43 126 122 65 73 50
40 33 163 36 35 80 83 15 31 157 139 129 46 2 55 9 21 158 11 91 161 105 68 160 140 37 124 120 7 96 40 3 89 84 125 97 145 10 32 132 144
4 143 83 139 6
6 20 166 29 87 68 113
9 24 14 6 161 164 73 160 142 34
23 96 22 74 156 1 91 161 88 107 9 140 46 35 75 162 57 76 71 40 65 32 52 84
49 107 87 52 101 103 132 85 64 29 41 20 73 144 151 10 115 81 59 82 107 123 82 55 53 13 71 45 139 13 159 51 159 88 155 25 25 154 77 30 154 55 16 122 50 86 81 88 77 87
23 71 166 4 28 12 163 63 72 4 102 45 6 53 163 47 110 101 73 154 161 63 85 53
19 49 159 166 164 115 70 115 73 42 4 63 74 1 5 25 16 45 160 166
23 121 135 116 133 39 38 91 55 26 126 32 78 58 147 33 163 106 44 36 95 74 76 9
25 2 63 72 145 119 70 45 21 146 119 5 135 32 21 26 137 81 163 73 158 30 15 112 80 12
26 135 83 47 82 64 10 50 42 40 62 6 113 28 87 36 113 105 87 15 68 48 56 90 48 126 18
42 142 165 148 74 166 131 109 73 101 10 126 102 53 74 42 85 13 141 5 88 29 136 20 69 132 144 144 123 86 119 16 163 80 103 80 144 12 8 13 135 99 64
11 15 109 160 99 123 65 42 144 73 101 131
21 72 83 135 160 117 82 102 158 129 56 71 57 110 121 137 72 75 91 103 86 88
31 163 83 36 100 69 6 49 32 43 114 157 58 24 95 8 99 44 111 143 5 104 157 11 10 89 164 79 155 40 63 149
42 144 114 137 61 100 14 45 97 4 8 100 142 147 151 47 138 29 51 130 55 112 45 40 152 9 40 57 17 132 82 122 150 142 109 41 152 5 93 48 148 32 119
11 17 153 12 93 57 104 20 162 30 25 96
44 96 36 95 103 14 51 46 51 59 104 157 156 1 3 55 18 6 104 71 61 76 120 110 115 119 138 142 49 149 15 88 111 116 4 105 36 110 35 108 43 3 91 154 75
3 88 69 74
18 152 93 91 85 2 147 35 98 127 118 78 37 95 62 13 33 103 27
35 107 56 84 127 58 95 107 99 152 146 77 56 40 129 51 111 41 89 136 16 24 129 136 42 147 132 117 135 9 73 62 160 115 135 57
21 42 65 80 161 56 56 64 20 69 123 102 30 154 164 74 13 15 53 5 49 15
20 89 109 37 134 129 41 44 97 13 98 62 88 158 68 46 83 157 70 61 42
44 76 165 111 107 132 134 166 43 48 75 128 28 116 92 120 23 87 141 106 90 5 16 138 4 36 138 165 18 85 50 96 124 108 43 152 36 7 112 102 136 69 121 149 20
49 166 90 32 36 37 17 28 16 105 94 118 102 53 9 134 38 82 101 29 7 19 139 2 129 33 111 145 159 23 70 130 144 54 109 57 96 120 141 165 143 126 11 132 77 58 1 153 22 137
50 18 76 117 46 35 38 105 124 24 34 18 83 19 84 117 91 32 147 76 44 114 67 84 129 14 21 17 150 156 36 95 146 158 23 95 2 76 33 36 96 98 140 93 106 98 44 89 146 44 40
9 127 27 67 19 144 26 118 68 26
46 64 148 147 39 103 123 121 145 16 55 55 96 54 77 105 108 17 165 157 47 123 153 57 157 149 114 8 118 45 121 8 48 144 102 56 72 53 104 19 82 129 132 101 65 132 27
6 5 42 30 134 97 96
28 1 15 163 109 59 10 59 163 131 54 137 10 110 102 148 47 5 27 70 64 130 148 161 63 27 165 59 13
38 158 91 76 11 57 149 58 21 32 134 60 2 31 39 117 35 66 7 62 116 146 62 108 61 111 150 114 46 91 91 83 19 7 11 23 150 95 19
7 137 80 13 159 79 54 41
10 117 83 112 48 154 77 121 25 92 114
42 137 10 31 102 56 24 1 90 38 8 135 113 154 51 153 130 8 155 164 88 96 157 4 148 119 10 75 95 2 29 31 130 1 40 84 128 44 64 16 68 157 85
18 159 5 71 80 137 59 16 153 136 130 126 48 159 118 69 28 70 70
22 142 153 48 37 117 95 133 59 48 55 67 70 136 1 142 126 52 32 77 26 79 103
33 138 29 11 122 15 50 63 115 22 103 112 158 7 128 127 144 10 95 71 164 12 62 4 32 30 144 107 138 155 31 72 77 148
43 31 17 46 113 147 145 111 35 114 127 37 78 108 117 36 44 21 89 111 124 145 61 90 26 140 17 147 34 37 38 35 76 91 24 95 91 46 34 162 157 117 58 114
13 95 119 163 11 162 161 131 104 65 23 128 114 164
23 162 27 157 51 53 2 86 28 18 150 104 141 157 10 47 5 152 54 58 84 151 45 40
23 41 37 118 67 61 71 104 114 87 11 53 110 134 108 67 25 64 154 14 16 100 43 88
5 116 89 103 157 52
29 11 113 35 162 22 106 11 117 147 90 23 66 35 19 108 105 98 95 78 24 147 129 37 116 37 66 60 98 34
33 117 118 153 153 160 28 73 93 143 20 39 101 165 15 32 90 164 128 111 122 79 148 70 6 74 74 155 67 38 51 58 54 97
50 124 125 108 106 92 89 67 31 11 95 129 97 57 98 35 19 89 17 23 162 32 89 76 149 157 40 157 149 89 57 38 34 68 75 92 156 105 22 149 46 76 36 89 35 60 157 149 21 9 111
20 23 62 93 111 114 76 146 106 125 90 157 149 97 140 83 143 33 31 134 76
16 151 45 10 20 166 30 27 144 41 70 159 151 77 77 10 45
10 11 78 44 1 27 33 69 66 87 119
43 102 124 153 119 117 139 146 125 152 78 112 21 108 1 34 54 102 53 104 104 94 68 99 103 127 56 139 5 82 123 16 87 128 53 159 151 102 133 149 67 5 42 48
38 16 123 110 64 166 52 25 1 139 164 155 12 118 161 27 6 80 141 118 151 151 27 79 51 110 119 43 47 85 6 29 163 164 110 49 128 153 87
39 15 101 126 73 87 4 42 20 79 110 99 73 154 153 152 65 102 144 5 109 153 69 51 52 122 20 137 47 165 109 56 107 163 142 165 152 136 123 43
6 11 14 144 137 149 19
8 95 17 165 67 11 146 77 120
33 22 140 95 151 73 122 67 114 58 144 132 82 129 73 152 53 26 155 71 54 92 13 156 98 137 92 27 76 7 111 124 20 99
1 75
11 129 125 34 31 146 19 44 34 106 36 14
16 143 34 74 32 142 133 56 71 5 99 29 33 61 92 122 119
31 81 105 43 141 117 33 62 115 149 28 145 159 26 83 20 83 35 102 45 6 125 45 90 16 163 89 134 63 48 151 113
12 35 18 149 66 120 111 21 127 9 140 150 84
8 60 78 134 117 36 65 122 19
42 114 145 127 36 129 95 90 23 146 11 116 19 91 7 7 26 22 146 134 156 120 100 121 40 19 145 32 23 22 113 78 114 117 143 84 40 108 78 162 127 133 36
25 15 90 37 121 39 111 47 59 105 159 149 134 19 143 5 49 117 125 82 113 95 21 12 152 16
38 160 57 104 137 36 86 119 17 12 84 44 45 61 14 153 111 7 162 159 98 82 49 79 140 58 60 59 104 40 132 2 87 13 1 124 22 110 79
46 10 126 47 130 10 103 135 151 115 164 12 28 155 144 153 101 160 77 132 29 99 132 104 56 151 153 50 112 99 155 65 70 16 69 28 107 119 70 148 5 112 13 79 104 128 28
2 57 11
20 148 20 33 13 12 77 89 134 45 21 88 1 164 107 109 4 151 138 39 78
26 70 118 142 122 93 52 136 138 4 139 115 145 38 38 36 85 16 149 39 59 139 41 4 72 50 67
24 98 76 133 34 113 34 117 44 106 32 34 113 150 83 78 156 35 149 11 129 89 100 108 40
7 49 94 51 148 79 50 135
18 45 58 34 141 28 64 103 128 163 4 96 90 112 43 20 129 104 63
13 154 123 47 48 148 128 13 103 30 131 139 71 104
44 30 65 45 147 73 124 58 46 41 28 111 72 94 151 50 83 139 151 109 43 96 96 65 46 116 99 48 44 90 45 163 33 50 91 110 157 14 150 1 108 165 94 95 73
6 106 17 107 112 149 119
39 143 140 23 131 124 120 34 114 102 71 55 166 47 50 151 13 127 60 125 93 62 78 84 144 33 110 66 36 146 5 44 19 9 115 150 149 138 57 69
21 110 118 89 100 45 162 165 39 83 55 68 142 18 21 119 121 146 67 116 131 5
20 82 73 25 49 109 8 115 128 5 144 161 5 110 104 41 94 141 10 59 4
47 25 73 150 83 12 54 6 74 39 119 150 89 34 93 29 128 127 122 106 71 9 161 51 70 130 40 86 141 75 25 51 149 134 139 61 58 112 66 151 20 123 105 13 96 159 87 33
27 62 41 8 84 140 77 117 71 2 147 115 44 139 92 61 145 31 36 11 105 46 101 116 153 57 65 154
34 147 26 58 150 66 105 38 92 116 140 37 108 113 149 133 36 62 46 133 34 26 23 31 117 14 93 129 83 22 98 11 22 100 57
37 37 3 96 68 22 34 50 83 128 15 111 149 67 140 157 163 134 121 27 90 9 46 14 17 66 133 105 2 44 19 7 112 61 11 156 119 49
3 103 155 115
19 161 95 157 135 22 146 121 23 116 150 67 92 61 78 18 152 140 60 165
34 76 100 124 61 127 157 95 26 2 146 62 159 66 90 126 96 10 40 145 63 149 17 67 72 31 6 140 57 111 133 116 105 143 55
36 91 111 129 33 113 62 95 147 68 22 114 120 22 44 96 106 9 108 83 75 162 23 46 36 116 22 19 17 7 36 14 117 90 125 24 93
21 97 70 19 97 69 28 164 75 23 156 29 71 64 111 84 73 99 116 143 60 137
38 48 4 138 102 55 8 138 85 55 59 43 104 154 45 4 109 5 54 13 115 51 59 104 5 101 69 12 12 126 48 70 119 118 10 112 141 56 126
2 84 72
24 62 65 13 69 113 71 27 39 105 155 97 64 46 48 104 57 100 3 99 59 21 163 13 80
36 160 31 135 139 150 128 92 78 68 108 91 39 114 105 136 96 75 83 140 147 109 143 17 24 37 22 144 130 103 89 113 62 158 100 138 84
26 109 29 123 119 148 10 6 77 82 135 80 141 80 119 47 70 154 74 101 85 29 109 53 144 56 107
23 10 31 10 14 17 33 158 60 115 68 143 67 134 55 137 31 166 51 24 75 23 160 77
16 13 134 135 134 42 65 15 54 155 42 59 70 32 112 111 37
3 21 157 75
44 48 149 23 67 22 20 164 81 152 145 141 147 7 103 95 55 35 7 122 158 97 129 146 86 129 38 155 124 153 25 49 103 63 99 95 38 137 59 74 24 163 47 147 58
2 66 152
16 14 76 141 75 106 48 134 164 122 21 97 55 142 4 93 85
18 39 33 3 162 19 39 106 60 106 11 117 97 34 36 145 76 92 66
48 33 114 21 125 113 141 117 73 132 108 131 149 151 87 44 39 100 126 98 58 14 31 27 83 1 11 115 22 163 70 66 133 75 19 94 13 72 61 118 60 24 103 35 96 158 69 144 62
26 24 21 23 98 147 39 113 7 57 84 117 147 157 95 100 40 36 147 111 143 14 90 121 33 35 83
10 31 24 24 152 115 84 94 59 7 135
37 151 128 109 122 116 10 94 85 54 57 155 96 156 12 159 3 158 125 96 112 71 32 58 114 110 72 124 126 117 122 2 76 41 46 54 18 112
19 159 106 118 118 43 113 48 140 32 18 25 104 17 45 129 90 33 20 160
42 117 40 97 38 91 162 23 135 6 38 129 4 53 60 41 121 29 23 42 97 166 42 131 160 27 80 166 30 144 153 115 78 114 107 149 159 113 46 12 71 107 17
32 40 34 140 58 117 129 21 121 76 91 129 140 120 150 9 111 39 7 38 111 67 91 17 93 134 32 58 129 108 116 97 156
43 16 6 4 41 126 45 28 141 30 8 128 86 166 139 69 16 138 65 135 56 55 119 123 94 65 80 81 118 151 16 107 86 69 82 118 55 80 53 85 135 107 151 153
16 86 153 162 62 164 21 147 3 155 76 130 40 161 67 74 17
8 9 22 39 37 40 61 90 91
13 40 114 76 129 160 47 133 153 89 57 110 49 35
18 66 29 86 58 62 61 19 120 35 152 140 81 89 3 147 23 51 47
36 68 50 44 11 47 69 21 162 35 106 57 31 145 140 97 144 124 33 71 83 7 143 17 67 46 90 125 149 120 133 89 156 9 142 18 30
28 44 102 98 131 154 97 26 157 151 87 95 28 12 100 61 53 143 3 40 148 70 110 57 160 159 154 147 51
43 46 18 89 47 156 127 116 14 35 58 52 26 62 105 120 5 32 93 87 15 27 33 22 101 81 163 24 66 9 67 40 115 17 34 23 157 124 122 38 114 80 100 152
23 61 36 32 39 89 40 32 33 37 114 7 158 156 97 162 22 9 117 143 11 14 75 157
28 52 43 12 39 127 165 145 151 32 79 150 141 95 38 38 106 129 71 107 65 8 53 157 41 102 106 122 32
6 70 86 139 25 104 39
29 137 89 65 15 106 156 147 99 74 111 54 36 57 96 95 122 9 89 72 36 40 88 64 12 39 157 18 119 9
35 13 124 22 53 34 153 87 92 72 57 114 8 77 138 53 46 148 31 56 150 32 143 61 51 146 148 165 160 32 11 150 112 51 155 150
7 27 154 161 128 25 153 56
43 33 106 147 78 91 106 58 62 57 100 84 32 31 14 140 113 92 89 127 89 116 19 93 61 78 146 127 117 44 133 95 37 17 95 24 96 114 124 114 114 46 120 157
17 121 125 130 93 139 1 33 83 34 99 95 79 83 161 9 95 130
25 145 81 108 63 122 37 151 47 153 67 9 73 139 24 93 38 23 160 4 31 90 23 160 92 142
48 34 27 156 22 26 145 108 36 24 158 119 32 102 75 7 1 28 152 151 117 12 146 62 147 105 82 33 92 121 140 46 69 14 124 144 5 143 18 139 97 2 19 111 104 120 137 17 106
47 125 103 86 97 145 63 2 9 48 127 25 51 121 154 1 106 67 4 39 86 84 25 121 133 142 19 13 156 30 46 17 87 147 134 94 66 39 101 148 95 2 146 121 73 146 129 105
4 89 95 145 162
1 160
44 115 72 121 114 122 13 102 35 76 74 156 151 102 134 62 66 116 124 74 70 117 166 1 31 61 147 153 160 97 69 35 133 95 95 153 104 10 157 91 51 77 127 32 58
16 144 13 110 77 109 107 119 6 70 103 103 12 136 163 25 69
25 34 128 151 40 96 48 2 154 145 13 130 117 11 42 77 160 39 76 81 57 152 95 101 27 38
11 83 83 60 121 145 35 89 33 146 98 92
19 5 39 132 123 96 11 126 65 40 92 27 158 100 157 38 60 152 129 145
19 144 64 118 58 50 160 12 48 113 134 49 79 121 24 73 45 69 155 51
49 15 102 112 138 88 28 109 137 65 110 28 65 55 69 71 166 109 41 122 138 132 77 25 142 82 1 12 47 138 142 52 141 65 6 115 103 13 82 85 144 13 112 69 1 155 136 20 152 81
15 130 33 33 20 60 137 89 135 96 123 103 165 23 163 49
43 117 74 44 40 45 56 132 146 137 109 14 67 70 79 56 146 83 69 26 26 87 152 109 31 146 72 70 53 19 129 103 142 144 79 103 22 24 22 104 5 17 63 20
47 14 150 160 62 85 38 60 71 84 161 42 12 23 79 88 102 69 36 144 80 5 141 50 123 9 60 71 150 131 76 163 108 75 164 101 58 128 134 106 138 147 134 69 10 15 153 126
35 77 95 8 92 43 39 21 123 66 78 75 47 127 3 67 7 153 129 150 44 37 27 61 70 148 22 84 14 6 94 157 121 81 36 100
1 3
31 99 76 71 57 92 151 66 115 165 72 107 137 53 117 48 1 55 37 2 59 149 59 53 77 76 143 10 95 44 137 66
48 13 123 29 131 55 131 112 135 69 136 123 141 49 138 153 94 155 5 16 73 130 123 110 123 119 77 94 163 126 54 139 45 4 79 56 5 63 154 47 5 110 160 13 52 12 155 88 81
11 73 160 74 1 128 77 141 118 85 54 70
25 84 126 59 40 68 124 34 55 18 91 90 62 113 60 89 149 88 46 121 37 145 140 97 76 165
4 100 97 140 96
45 60 127 78 38 61 84 158 156 108 83 33 36 9 150 26 22 90 97 143 9 124 44 33 145 125 66 19 133 156 113 96 91 100 143 114 114 111 100 76 39 67 90 93 117 66
45 81 16 86 141 130 43 151 152 161 77 160 137 8 142 122 126 65 142 65 30 27 15 144 55 73 137 45 51 160 81 29 1 142 51 151 59 49 110 165 28 28 160 160 155 51
7 81 36 33 119 98 3 56
2 36 109
2 63 115
36 138 74 28 10 132 104 107 144 74 65 73 155 154 73 49 118 69 10 82 80 94 112 27 87 29 101 85 122 166 131 153 41 69 102 51 53
43 87 95 50 128 57 38 63 9 118 53 20 121 36 80 154 84 94 16 160 89 51 134 1 29 128 51 18 131 56 28 146 137 64 153 69 64 29 83 100 94 91 56 66
1 16
33 59 115 10 27 6 47 144 144 53 154 47 29 28 86 20 138 20 87 99 50 99 65 20 118 130 63 51 144 107 71 131 87 122
44 91 98 56 25 100 101 50 64 90 29 13 59 29 39 161 96 153 105 108 158 52 156 97 162 116 121 154 83 135 40 139 73 50 79 134 27 87 108 10 93 49 12 159 121
34 14 65 20 155 1 64 57 108 117 13 112 89 102 78 140 114 139 21 2 119 103 116 129 92 124 113 35 144 111 97 105 23 7 43
32 66 36 116 18 63 58 75 25 92 68 46 94 86 148 69 143 79 101 47 26 119 159 31 37 114 93 44 121 98 35 81 39
14 26 108 124 124 114 14 83 39 97 58 133 62 34 78
21 76 146 32 89 117 124 145 113 120 129 133 157 39 78 39 106 145 92 44 78 156
4 134 10 89 70
12 91 2 70 17 124 72 130 52 114 71 60 8
20 48 107 163 48 148 148 86 13 99 12 87 54 94 65 50 130 88 20 154 15
22 109 74 64 29 133 136 144 154 95 56 157 61 122 21 23 72 97 154 62 1 40 124
30 158 146 74 150 81 75 61 130 133 124 109 106 116 154 41 104 32 55 38 13 122 89 18 166 23 37 123 14 141 156
30 70 150 100 95 133 98 1 32 157 159 39 93 129 134 105 66 53 106 114 162 33 30 117 11 149 36 9 94 21 75
4 126 107 164 16
43 90 110 29 132 114 159 91 10 129 7 66 147 99 46 79 42 18 120 75 160 23 56 71 70 97 68 28 89 14 40 146 39 84 93 2 60 95 83 32 24 148 92 15
48 65 24 14 55 98 158 55 89 87 144 53 3 28 29 163 107 66 104 62 23 73 1 103 24 1 161 149 115 8 8 98 1 155 81 53 141 87 62 119 91 126 46 99 115 16 112 141 48
37 124 108 153 152 13 86 40 3 5 48 34 43 1 62 22 65 6 44 10 157 52 127 150 138 144 91 152 67 129 104 150 143 95 81 22 10 13
34 97 128 140 76 135 112 141 95 156 58 13 115 21 145 37 78 134 27 137 164 117 127 96 150 114 139 85 121 106 46 126 26 14 83
41 102 136 29 130 157 91 56 95 133 47 40 8 7 64 30 33 96 162 42 67 160 98 80 135 88 99 97 94 92 105 34 125 59 68 114 140 159 12 46 115 93
3 23 131 104
32 81 159 166 22 147 84 44 157 136 23 91 67 2 38 108 19 21 141 35 32 131 62 96 58 34 14 48 95 27 98 24 68
45 76 140 128 2 141 100 16 59 5 112 156 63 60 151 24 29 18 135 16 117 158 99 101 151 42 49 47 64 44 43 79 111 30 1 152 119 50 106 89 104 6 129 126 1 51
48 91 18 91 69 76 127 21 110 2 8 138 89 128 40 76 120 49 135 16 69 136 105 25 71 96 42 106 77 35 64 56 15 8 145 139 155 52 141 67 144 148 89 30 122 125 17 40 163
42 53 85 72 86 88 165 132 148 12 63 141 30 54 141 87 85 71 159 163 135 118 5 109 70 43 16 119 104 101 115 85 16 5 126 138 49 28 94 70 164 86 12
27 75 38 110 60 154 158 83 134 116 156 46 54 105 143 1 44 51 36 79 66 76 96 130 62 142 15 33
35 102 75 15 67 124 32 83 21 57 132 166 58 114 120 84 143 11 40 157 42 36 112 66 90 24 53 34 76 105 116 96 89 61 107 127
34 43 155 50 32 150 106 95 155 160 106 119 44 118 138 42 63 112 72 161 31 28 35 99 53 130 165 7 54 73 152 163 126 35 131
32 1 109 4 99 1 27 12 64 63 135 6 103 43 20 42 56 161 30 15 8 28 148 135 141 13 118 25 53 8 49 48 128
4 57 121 160 157
29 89 81 116 60 86 101 47 85 72 44 111 150 94 83 4 61 89 149 124 147 165 156 142 49 71 33 52 47 30
17 5 1 35 151 40 80 78 5 39 89 163 72 111 9 85 102 88
11 29 32 155 4 99 26 36 59 19 60 23
21 96 150 83 125 61 89 158 121 120 92 95 37 7 106 62 124 58 61 147 17 58
18 128 11 20 66 7 163 82 84 3 40 39 62 33 9 147 36 79 67
39 7 147 151 124 93 94 70 107 41 141 27 133 98 65 5 20 91 151 114 135 105 130 34 121 128 61 9 14 108 132 35 31 67 74 45 158 121 63 45
34 39 125 33 121 113 24 46 133 46 156 66 92 113 24 111 83 40 116 116 121 39 106 125 89 58 9 127 32 21 158 147 162 150 146
38 30 82 82 141 142 132 64 42 99 85 99 154 148 49 43 28 27 136 81 104 86 53 136 161 104 141 69 16 126 139 50 123 126 126 82 20 56 70
22 22 84 76 140 78 23 150 9 89 146 149 121 23 117 84 40 22 98 3 91 7 91
23 142 55 86 94 165 99 154 54 165 155 87 42 6 6 148 15 54 85 53 122 4 152 164
44 104 101 104 112 72 73 43 154 70 70 29 52 141 64 43 86 132 73 122 142 144 59 142 165 119 104 88 131 52 64 119 160 81 118 51 77 69 27 13 80 45 148 81 101
49 91 40 76 165 26 8 116 115 148 46 97 33 58 85 56 66 142 148 145 70 147 12 68 24 61 121 51 166 151 102 137 157 162 5 86 121 120 112 157 88 137 158 65 50 142 62 24 149 125
11 155 13 5 121 151 121 83 116 129 84 101
25 99 120 95 5 27 63 95 69 113 46 31 65 38 37 3 125 161 130 154 130 62 19 145 53 106
14 104 119 83 143 149 150 6 146 135 62 54 143 21 4
42 55 118 24 124 162 111 124 33 66 77 71 59 47 79 58 116 19 85 55 30 31 129 77 32 57 132 98 65 107 94 118 106 2 114 74 38 144 66 85 150 71 111
48 7 133 17 2 133 113 113 57 66 149 157 145 116 2 149 92 2 61 37 14 125 44 157 96 98 114 9 157 67 11 46 39 66 21 95 158 66 143 124 121 114 158 133 78 114 33 67 97
21 55 54 63 129 9 151 85 42 113 46 10 21 160 58 146 71 53 74 83 54 91
49 133 61 60 35 12 151 48 145 93 21 20 155 39 159 123 164 137 77 72 45 111 71 51 2 147 98 56 121 126 117 105 78 166 68 76 17 44 71 144 4 128 50 103 76 86 136 123 31 136
50 58 58 90 111 134 116 11 105 120 145 116 44 121 40 67 129 34 57 106 95 40 117 93 46 44 26 111 125 113 133 150 35 32 66 113 19 129 14 18 46 127 23 129 9 75 95 157 158 95 26
4 89 79 42 93
10 129 44 57 112 60 72 107 35 12 15
20 91 157 97 150 21 105 60 96 17 146 106 36 17 44 146 75 106 145 61 147
27 152 90 17 57 109 3 134 34 130 113 68 78 87 96 142 28 90 150 47 58 78 155 30 150 156 103 63
50 157 29 113 134 145 144 100 108 99 32 11 24 84 47 13 128 11 73 106 129 100 108 105 107 23 10 121 105 11 65 28 46 34 112 162 103 159 37 74 113 107 60 161 112 7 41 16 146 59 123
11 66 98 62 21 84 61 19 143 89 78 19
30 141 158 117 133 106 92 101 111 156 166 32 97 147 120 90 38 15 100 66 81 159 87 82 75 121 51 80 85 131 67
16 27 73 128 77 107 45 103 87 4 160 104 15 141 160 42 8
6 128 12 136 151 48 118
22 51 118 10 41 131 122 131 122 43 64 112 115 87 86 136 148 27 103 137 4 118 71
26 84 133 26 151 156 129 165 105 124 74 35 160 48 44 56 145 137 157 16 106 54 37 153 109 135 32
3 80 109 80
43 126 16 152 166 85 13 21 29 110 35 64 96 33 128 55 46 150 132 159 106 60 22 155 77 64 113 6 151 92 126 75 94 135 150 92 16 89 117 114 82 45 140 125
12 41 118 97 87 110 164 89 88 98 91 34 112
14 54 82 99 99 163 163 132 73 160 132 104 25 6 151
10 48 1 28 136 25 126 59 15 119 29
10 74 7 74 93 164 122 156 9 105 119
30 29 66 47 32 48 51 4 12 44 111 122 155 126 149 64 88 101 137 84 150 113 113 39 71 125 3 93 132 70 125
4 27 99 129 103
39 76 157 32 84 34 39 62 95 58 3 100 90 76 38 105 11 90 14 78 149 67 62 100 124 114 34 133 127 83 75 61 11 35 44 105 129 35 9 91
5 8 152 3 164 38
45 105 15 80 70 145 36 45 12 57 153 14 76 33 114 24 2 46 16 150 21 1 79 11 117 84 139 39 54 10 65 98 121 28 81 40 49 72 26 29 162 143 163 100 86 93
32 73 97 62 131 77 68 149 160 31 103 50 52 50 99 25 61 84 29 151 13 89 85 66 93 135 124 92 121 112 3 117 47
30 48 6 160 63 74 28 135 112 126 104 13 94 42 12 41 85 107 109 160 80 70 82 131 59 28 135 109 8 16 4
48 163 146 94 5 114 164 68 97 4 53 18 147 33 140 90 15 92 23 145 7 158 28 84 138 3 17 129 61 105 115 121 73 93 151 67 48 87 141 39 80 59 113 108 21 91 14 143 96
25 31 117 67 87 121 156 40 88 82 105 150 143 6 7 122 58 11 76 108 80 18 21 78 33 93
27 43 71 145 150 39 99 108 128 160 92 20 110 152 24 25 156 38 68 160 10 21 147 1 136 6 7 29
14 56 92 147 103 53 25 154 139 103 30 145 113 78 118
3 38 110 114
37 55 142 159 128 86 51 41 48 30 27 144 132 164 28 77 104 148 28 130 63 136 135 74 72 155 6 109 101 54 94 88 28 59 151 64 41 132
14 32 5 62 22 75 76 155 55 83 81 8 64 25 22
6 76 124 9 89 11 97
24 34 105 97 36 97 19 23 92 35 9 2 124 158 149 114 44 149 75 92 35 34 14 2 100
33 142 65 152 154 101 142 126 19 121 153 121 22 82 15 8 64 32 116 45 131 150 90 109 89 112 83 8 46 118 23 63 69 132
18 39 129 68 8 31 11 97 140 73 164 131 149 125 123 15 102 89 86
45 32 31 50 10 107 126 89 148 78 26 18 164 154 37 76 16 130 82 165 61 41 33 103 104 76 9 139 5 9 32 91 111 74 45 118 146 166 160 9 23 51 70 142 58 94
21 92 8 4 94 75 85 114 3 6 5 127 110 2 124 150 84 21 25 35 2 12
24 35 95 125 162 162 106 147 121 108 46 111 105 120 124 150 57 34 24 36 2 100 162 162 111
2 51 50
24 92 150 141 105 116 97 91 122 158 29 158 71 126 141 136 121 128 126 60 5 51 117 47 47
38 86 24 19 143 49 29 66 53 166 64 138 11 41 108 95 76 93 105 126 94 46 89 116 136 26 75 140 20 104 131 111 112 68 42 35 61 149 71
10 128 70 40 160 103 164 112 133 90 127
40 42 160 107 138 155 112 137 141 122 99 102 79 81 152 63 1 16 30 69 81 86 70 99 123 155 123 141 166 94 45 72 107 109 70 141 144 128 71 144 166
23 51 123 3 68 94 25 33 146 103 133 127 36 143 9 2 113 11 37 120 159 45 87 155
28 57 61 112 164 113 21 105 117 111 129 121 87 127 19 78 137 49 142 59 156 84 24 46 145 39 6 8 7
38 20 136 27 56 16 152 42 154 131 112 56 74 123 122 99 6 139 6 165 41 165 69 88 64 165 48 56 65 142 49 77 73 55 141 144 165 47 148
41 98 166 124 143 11 128 113 3 88 38 140 18 82 16 133 156 65 32 157 66 17 110 114 60 25 19 40 150 75 108 93 138 162 51 158 68 71 132 101 37 26
47 75 34 8 108 141 166 11 8 114 6 72 89 102 91 99 151 23 137 114 122 144 60 100 35 98 166 72 160 72 133 89 3 105 153 52 154 13 45 75 55 121 3 16 1 34 120 141
16 28 128 126 92 37 14 113 99 111 84 34 31 160 35 36 100
6 111 9 84 66 100 129
28 77 72 18 160 45 135 22 12 102 35 30 46 131 20 35 105 59 7 150 23 128 153 36 115 114 71 143 4
3 60 142 31
45 115 124 90 146 21 91 62 120 163 60 35 144 49 88 127 11 74 17 111 7 32 26 78 57 31 76 37 156 99 161 84 28 75 83 125 160 162 61 103 36 5 118 22 92 58
35 21 75 46 26 35 1 157 97 61 9 124 106 14 76 151 149 162 64 155 48 51 92 36 89 91 32 127 137 102 99 3 44 108 145 142
27 116 27 69 63 78 121 147 124 34 101 91 2 58 143 122 23 112 51 146 166 32 162 97 135 20 157 26
43 94 98 7 92 6 120 58 26 21 97 123 99 157 91 41 36 69 68 162 67 149 95 70 75 116 32 82 20 119 140 118 14 117 89 44 151 66 40 129 148 9 53 46
43 164 149 66 117 11 88 108 123 122 104 136 79 39 36 27 96 52 145 58 157 121 155 52 48 87 13 146 69 84 139 89 16 162 74 161 63 9 121 145 80 99 89 121
34 21 85 42 19 161 10 106 150 19 131 8 141 92 144 59 28 88 11 158 147 93 70 118 93 19 150 121 77 90 124 92 51 98 3
11 130 93 18 21 98 163 50 148 67 142 113
44 158 27 145 19 119 74 27 62 36 91 143 98 41 66 110 9 162 93 164 6 61 44 54 152 158 10 6 102 55 65 93 23 129 56 94 6 84 29 20 33 79 103 156 149
35 53 139 25 150 47 140 83 154 86 80 165 76 148 119 145 56 116 98 132 101 37 45 10 95 60 28 13 5 77 123 100 20 57 43 24
21 55 123 8 41 102 72 137 15 8 50 5 13 1 70 128 137 8 51 119 104 88
31 3 37 118 58 21 23 7 156 43 73 92 91 117 132 86 14 47 26 134 18 150 147 140 66 129 126 9 162 108 36 56
31 21 75 162 7 7 84 62 100 11 114 90 33 114 145 140 134 3 145 111 121 120 37 129 113 23 21 40 31 38 162 75
35 136 110 136 123 99 51 163 88 8 23 86 147 21 162 20 130 2 142 65 108 163 77 115 53 34 75 82 70 69 41 106 74 114 53 147
28 24 36 75 93 116 40 106 157 36 67 124 7 11 89 35 32 37 37 90 111 93 17 140 2 145 83 31 105
18 48 103 16 41 99 110 16 50 6 4 10 165 81 165 15 104 77 87
50 30 22 124 143 160 127 153 98 109 132 141 48 129 96 55 92 101 97 108 41 75 80 91 66 161 49 149 62 65 7 72 142 58 145 158 140 3 9 11 39 33 21 150 117 74 17 6 83 105 73
18 146 21 113 56 38 158 58 166 76 33 98 63 118 103 17 127 39 114
20 68 149 90 35 117 143 83 22 111 134 33 7 14 114 18 26 114 24 75 127
