48
25 38
17 11
36 43
37 17
14 22
11 22
21 33
38 17
41 32
19 40
1 8
22 12
12 16
29 17
11 46
11 13
14 15
42 8
47 44
15 4
28 12
12 39
7 24
42 43
31 43
20 10
2 48
34 45
28 26
30 36
44 17
35 44
12 24
18 43
3 13
19 27
17 21
32 22
15 6
38 34
48 47
18 5
40 32
38 23
20 32
8 9
43 40
76
24 8 19 13 17 38 14 21 34 26 19 28 7 7 9 23 6 34 11 36 46 47 25 20 1
41 34 21 8 20 20 48 43 42 32 48 11 19 28 15 34 34 38 19 48 8 44 22 44 36 36 22 11 24 18 11 36 18 42 34 8 8 22 18 28 19 21
28 2 23 44 41 39 5 38 9 21 45 31 44 15 45 31 39 2 46 9 19 41 30 9 15 2 10 34 9
22 29 25 35 7 41 39 27 27 3 26 26 4 46 5 5 1 10 45 5 27 35 37
25 9 36 24 29 8 32 36 40 3 23 6 27 9 1 38 11 2 3 40 46 15 25 35 5 8
12 21 13 14 45 38 42 2 31 12 18 15 5
2 16 1
36 36 41 37 2 21 3 34 48 43 45 33 14 31 19 41 40 29 15 10 31 6 16 25 31 1 20 41 35 17 18 26 34 19 35 45 1
19 35 29 9 45 6 46 16 13 44 12 24 12 20 18 27 2 36 28 22
21 26 37 40 43 12 21 31 8 48 13 15 47 28 9 46 16 32 44 11 34 22
5 1 36 44 6 34
43 39 4 30 39 9 26 27 31 16 16 35 2 10 9 37 16 29 31 26 41 1 35 2 9 10 27 7 6 39 30 16 35 2 5 5 16 1 10 10 23 31 2 35
28 18 42 21 11 4 17 19 39 9 35 13 43 24 26 14 34 27 38 44 37 12 40 22 47 46 20 48 32
26 21 20 20 8 42 15 44 18 44 17 47 48 42 11 12 13 14 14 17 43 12 17 12 40 21 48
3 12 34 34
10 34 5 15 22 32 12 24 9 1 28
1 9
47 3 30 37 8 2 15 13 21 20 7 47 32 14 29 36 28 9 36 4 3 38 1 11 47 11 9 19 9 15 27 48 38 41 11 35 18 27 9 19 8 5 11 39 27 2 27 11
38 10 46 2 45 16 3 7 4 25 46 5 30 37 29 2 29 39 33 29 31 3 45 4 23 30 39 27 10 29 10 16 30 10 33 1 4 29 4
4 28 42 14 40
6 27 41 30 7 45 3
24 42 13 20 18 36 11 34 36 38 15 11 40 42 47 48 14 32 20 18 18 13 38 28 19
29 4 7 30 30 33 27 45 3 31 10 41 25 35 5 39 10 7 41 31 3 31 6 45 5 10 30 5 5 46
4 23 38 42 2
2 16 4
9 35 3 34 7 47 10 12 7 25
14 6 1 46 37 35 46 46 30 10 29 16 5 10 5
13 7 27 45 46 45 10 23 7 26 6 41 16 16
34 11 47 6 14 36 14 21 47 6 10 12 7 12 24 8 31 12 44 35 31 7 7 11 9 7 30 44 25 31 15 43 44 18 43
27 10 43 6 13 18 10 12 29 38 7 3 36 31 20 4 30 25 14 19 31 33 3 14 22 44 18 36
1 23
23 32 17 47 47 22 12 11 40 40 21 38 19 47 11 36 8 38 28 42 21 44 11 42
13 9 13 25 36 35 47 20 39 46 38 21 31 28
26 34 47 32 19 47 3 13 20 25 14 46 29 36 14 3 32 22 13 40 18 34 10 7 32 22 41
8 10 44 31 2 19 12 10 18
9 20 22 15 45 11 8 44 37 28
6 39 13 2 15 19 45
23 18 34 28 9 42 8 46 19 48 20 15 21 40 22 31 30 44 14 2 38 17 23 32
19 48 24 18 18 43 15 36 24 20 21 38 12 15 19 42 47 18 22 17
36 15 11 12 38 4 19 33 25 37 14 8 46 9 23 43 24 28 22 35 32 10 18 6 48 36 47 34 3 40 42 41 44 21 13 17 20
11 2 44 36 37 40 36 16 44 14 19 26
45 20 36 22 22 20 43 14 18 32 18 24 34 47 18 21 44 36 24 34 12 44 44 21 42 20 17 13 22 32 32 36 36 48 47 17 14 8 34 32 47 18 18 47 11 13
37 15 11 21 20 38 46 18 35 31 43 14 29 17 13 34 7 32 42 28 2 40 16 26 19 48 12 36 22 5 27 8 41 47 44 3 37 24
12 6 41 35 20 19 12 47 42 32 30 28 24
17 37 30 36 40 34 28 48 37 43 32 16 24 3 23 38 16 24
16 30 16 10 34 23 3 11 31 22 32 45 8 15 13 48 17
5 20 36 24 42 13
6 38 28 2 2 23 38
17 17 41 27 35 41 18 44 11 21 2 33 14 9 9 36 7 8
42 34 14 19 47 34 28 48 42 13 44 19 28 28 42 22 13 47 44 18 18 43 20 36 40 20 21 11 13 32 8 32 28 43 42 22 36 28 21 43 43 38 21
18 31 12 38 9 35 24 21 29 42 25 1 11 18 23 46 17 27 40
44 10 1 40 15 29 23 44 21 36 22 19 26 44 5 37 8 16 32 40 1 21 13 12 10 15 26 28 48 44 36 22 40 30 43 4 34 3 20 9 6 20 18 26 46
3 35 8 16
6 8 32 38 15 18 13
43 38 17 28 11 12 36 13 32 36 21 11 47 24 17 24 43 38 44 44 18 11 47 12 19 24 43 32 21 38 44 28 19 20 11 44 13 44 38 24 13 12 44 48
39 8 41 36 28 43 22 48 1 24 40 13 10 7 12 38 26 5 3 9 11 39 32 37 20 2 21 23 17 15 16 18 4 44 19 34 6 14 47 42
23 6 47 30 36 14 48 47 32 47 2 24 22 42 34 30 10 32 47 19 18 29 48 31
8 47 3 18 13 8 31 26 34
9 32 11 24 40 38 22 42 34 22
13 20 40 43 34 28 15 29 48 26 22 14 38 32
45 26 33 10 39 1 1 41 3 25 6 5 7 27 46 5 29 10 23 3 1 39 23 35 9 2 3 5 5 31 1 10 9 2 1 27 33 35 16 10 16 10 35 33 33 35
4 12 31 47 18
3 27 24 17
30 39 41 23 30 3 1 39 31 37 45 37 29 30 37 33 46 1 41 39 23 31 2 30 26 23 1 7 16 46 7
40 18 36 14 18 1 19 6 27 20 11 4 27 39 44 9 14 35 1 25 14 28 7 16 18 3 39 4 19 47 39 27 36 27 43 6 46 33 6 21 5
39 17 12 43 7 27 35 18 31 21 45 6 39 47 19 37 3 20 24 46 42 44 5 28 14 33 34 11 36 15 48 16 30 1 2 13 41 8 32 22
29 25 34 23 4 15 16 2 2 40 22 19 42 45 27 44 2 36 11 4 20 29 12 19 32 7 9 22 12 24
12 17 37 3 15 9 42 10 33 10 48 40 17
30 19 20 42 26 27 22 36 41 23 13 24 7 8 7 21 9 29 30 47 14 28 45 41 2 48 38 45 14 42 9
37 5 2 41 25 10 26 35 26 6 16 26 35 26 25 29 46 2 23 26 4 37 27 26 27 33 3 41 39 26 46 25 1 41 25 46 9 2
18 6 7 41 38 5 44 33 22 48 17 20 30 39 10 23 31 16 18
47 21 18 35 40 44 25 26 31 47 33 30 46 36 12 10 17 20 29 15 3 23 2 4 16 34 32 24 7 14 45 48 9 19 22 8 27 6 1 28 11 5 41 38 13 42 37 43
21 32 1 2 46 47 20 31 1 28 31 19 9 8 37 43 36 10 34 36 39 5
17 20 18 22 44 29 9 47 44 22 24 36 27 31 38 18 17 4
10 27 4 46 33 39 33 35 2 10 33
25 9 42 44 21 11 22 13 24 14 47 36 45 12 8 16 17 38 35 18 15 43 48 6 10 34
