74
48 69
13 63
19 12
34 71
57 73
50 49
1 16
50 40
13 56
59 42
70 4
44 65
27 59
23 14
74 67
47 52
61 52
58 5
16 26
36 28
62 13
35 70
29 43
52 50
55 8
33 5
64 49
31 4
62 54
32 47
11 71
51 6
9 17
6 14
2 16
20 37
48 14
18 24
12 70
20 23
12 62
10 31
12 41
6 24
46 42
2 60
62 16
72 25
38 44
12 6
59 50
22 33
39 50
14 55
9 29
59 25
30 7
25 45
34 32
68 52
9 68
66 73
28 69
46 3
16 53
21 12
5 38
15 16
67 48
33 46
73 4
73 7
47 6
66
40 39 17 33 9 27 37 14 20 70 19 32 52 37 20 3 11 66 37 54 6 8 65 73 45 58 50 44 24 57 8 69 51 55 37 41 17 17 74 72 64
31 21 22 62 13 48 66 72 27 63 18 42 53 46 73 65 66 63 54 50 34 67 34 57 35 55 32 74 9 48 55 72
10 17 59 57 26 2 25 12 4 10 62
5 42 57 16 64 31
28 61 18 30 56 22 56 15 1 30 36 3 53 40 64 3 74 36 30 36 61 64 65 60 41 15 40 8 57
27 27 25 18 2 47 48 67 14 64 56 59 54 46 52 73 10 8 37 61 45 3 23 42 13 63 15 31
8 42 46 69 18 36 35 16 29
19 43 26 1 66 64 19 3 53 51 64 17 66 51 72 60 61 58 72 1
37 55 45 64 19 12 36 62 44 43 39 19 46 46 5 43 26 46 68 66 45 71 14 26 65 15 2 16 23 72 71 16 23 67 39 74 11 12
49 29 73 68 38 42 71 50 23 49 16 32 28 44 7 46 2 28 52 4 67 12 48 32 12 49 34 14 67 47 67 16 5 4 12 20 25 62 2 16 52 2 33 7 44 52 29 52 7 42
37 28 7 65 4 38 29 36 66 58 59 48 72 42 50 44 20 70 8 49 68 55 64 41 9 24 34 23 71 12 56 62 5 43 13 35 33 47
6 6 54 65 5 21 12
30 59 63 32 55 11 66 28 28 31 34 73 39 49 49 5 47 63 61 40 39 71 64 23 29 1 8 67 20 33 63
10 33 21 52 68 18 4 20 10 69 13
2 7 49
25 60 41 72 52 41 7 1 21 15 43 41 48 42 42 25 2 15 69 28 59 60 43 35 13 38
29 11 22 64 30 60 51 43 66 10 45 43 53 54 63 66 18 41 8 35 37 40 26 30 3 1 51 53 43 30
26 61 51 73 63 21 18 2 56 17 35 50 5 58 4 26 30 5 33 3 18 71 74 67 58 8 24
24 48 20 34 2 48 59 52 12 32 73 29 23 4 49 62 5 4 16 2 52 46 71 44 68
7 14 59 22 54 61 44 65
31 60 41 10 17 60 1 51 27 56 18 60 66 41 3 58 11 39 18 11 61 21 21 11 18 11 65 39 57 43 26 26
5 10 71 72 38 47
39 72 19 63 23 2 52 7 49 3 58 23 44 70 21 35 48 55 35 9 66 44 61 63 9 43 52 51 35 39 28 9 20 66 46 10 54 13 25 38
15 19 59 17 28 53 2 67 31 13 54 11 7 42 33 39
14 51 21 10 17 61 74 51 63 1 58 22 36 57 65
14 29 20 12 39 59 5 18 58 46 17 66 12 69 68
25 32 71 48 46 5 70 55 13 73 28 42 68 4 68 71 4 73 20 13 14 47 12 29 68 73
32 53 10 19 74 54 27 15 72 39 40 74 37 3 17 10 40 58 10 72 66 63 41 39 27 41 41 53 74 53 10 51 21
8 63 57 15 60 2 33 21 61
35 13 64 34 9 53 52 29 19 70 14 73 51 8 1 65 49 39 10 16 25 67 44 32 23 7 45 6 31 33 63 48 4 24 42 2
12 47 42 20 71 9 25 69 7 50 48 16 25
26 61 69 46 65 16 29 6 33 42 68 32 12 49 25 18 72 64 11 35 70 50 59 13 51 31 39
36 19 15 41 1 19 37 19 19 11 36 15 35 27 58 41 51 56 63 39 43 8 3 35 72 3 10 74 22 26 19 15 8 65 64 43 22
20 53 44 63 38 51 21 74 41 21 71 16 57 66 33 59 72 71 70 42 11
26 21 74 10 1 36 13 70 47 9 45 25 24 43 64 41 55 60 74 64 31 72 19 32 72 62 30
11 15 18 45 48 42 13 62 9 10 38 34
15 61 41 26 24 20 59 37 22 61 53 51 55 29 36 60
9 39 60 70 37 55 74 7 38 50
34 69 71 24 50 62 48 23 28 28 28 14 71 52 44 49 32 7 52 5 2 55 5 33 34 12 69 33 50 12 4 67 48 42 6
37 29 16 33 55 25 67 33 25 7 67 9 5 48 7 42 13 7 5 14 16 69 23 9 5 38 44 49 25 9 48 13 49 46 59 6 67 42
10 16 62 68 47 32 20 4 13 24 2
18 24 72 27 67 12 28 47 31 73 13 48 4 34 2 5 26 32 16
10 37 5 59 51 48 43 33 63 47 32
15 74 28 50 48 29 55 4 47 67 17 26 59 43 20 69
13 52 49 63 37 65 13 66 4 67 29 11 7 55
7 4 53 34 23 1 71 62
21 56 10 58 40 22 39 40 57 61 66 36 10 35 74 54 51 72 58 15 40 63
21 15 8 14 9 74 31 12 64 2 17 5 22 23 39 35 73 13 35 65 30 24
44 44 13 2 4 3 41 47 70 20 73 67 5 34 52 14 22 12 62 46 68 50 16 59 63 53 74 30 35 8 54 66 38 55 31 49 42 26 64 36 29 11 32 6 25
8 52 64 59 66 43 60 20 51
9 72 22 25 30 50 46 69 33 62
39 73 66 15 49 51 63 60 50 69 74 37 20 67 1 62 30 38 17 67 6 52 42 6 69 38 47 31 71 67 67 1 52 13 3 70 40 68 14 5
15 4 38 69 25 13 44 7 38 5 50 59 33 2 48 48
33 43 1 3 37 45 43 41 51 10 60 63 11 26 63 64 1 61 64 1 19 56 64 30 51 63 30 10 27 10 58 26 10 51
24 10 53 19 19 10 41 58 17 3 40 8 19 72 65 30 54 51 19 72 41 30 17 11 72
4 42 4 59 26
18 59 23 73 67 59 13 69 70 38 71 24 31 71 59 55 49 16 68
39 48 13 55 71 71 50 32 6 13 47 59 12 6 33 62 25 67 71 20 47 31 42 4 23 6 20 73 34 4 38 38 69 29 9 14 14 20 71 32
24 71 40 40 40 40 68 24 51 8 7 68 18 52 29 64 63 61 9 50 22 52 39 3 44
26 19 60 21 63 61 63 22 30 51 8 10 35 72 26 58 36 74 3 15 72 56 1 63 19 15 22
40 43 43 57 61 3 43 51 54 41 74 10 53 30 66 26 36 51 3 66 72 11 21 53 27 40 37 54 51 39 54 22 21 57 21 58 11 3 51 41 35
24 32 9 73 8 20 28 23 6 27 70 59 31 3 55 45 25 44 49 72 48 61 67 58 52
48 45 6 58 29 52 50 44 57 67 74 38 58 4 9 63 37 15 57 30 49 36 8 36 60 63 45 9 55 65 16 1 34 17 41 70 37 16 33 21 74 20 44 43 17 64 8 46 57
40 62 33 53 16 68 49 31 34 59 46 23 37 9 25 54 52 13 42 58 69 38 7 32 27 47 5 67 73 55 2 4 20 63 48 24 17 6 12 35 71
19 38 14 42 7 50 38 71 29 22 71 14 22 54 11 15 42 55 12 68
7 70 69 53 10 57 59 4
