74
26 50
48 31
23 8
7 58
11 69
35 4
56 32
46 32
22 29
42 55
35 74
10 35
19 56
43 61
23 33
42 47
70 23
49 15
13 34
51 44
52 9
15 47
50 30
35 14
9 53
64 5
47 32
47 3
29 9
69 37
60 17
32 57
68 62
2 64
56 39
25 61
61 18
49 28
45 47
32 11
40 25
28 71
9 6
24 59
64 66
33 47
61 67
2 41
21 32
9 48
41 1
49 44
64 54
50 29
38 5
18 27
13 12
53 20
59 3
29 3
25 16
7 61
60 15
68 23
63 10
61 72
36 43
54 46
74 56
65 60
50 73
67 49
29 13
24
44 50 41 11 60 11 18 68 48 53 35 46 9 32 32 5 50 5 49 9 9 64 54 15 29 60 25 46 59 9 49 11 2 48 7 5 32 67 67 32 47 44 42 68 13
10 14 18 46 32 2 42 46 31 13 54
14 11 67 49 44 68 61 59 67 48 10 7 69 9 32
15 69 7 29 7 59 48 5 2 18 49 13 18 68 2 3
25 27 26 58 24 65 16 19 63 39 40 14 20 12 30 8 27 22 22 39 34 6 52 40 38 36
32 62 10 14 20 47 6 17 2 59 9 42 25 28 36 49 13 71 61 43 50 27 73 54 37 46 48 69 21 19 44 30 45
37 37 8 9 24 65 59 23 21 54 69 72 42 56 30 29 15 13 53 46 35 74 55 49 64 10 68 32 34 51 39 25 26 36 61 52 50 2
2 3 41
38 47 40 30 60 26 46 32 33 49 41 26 13 29 23 46 34 73 38 64 51 3 40 43 41 72 10 56 41 1 68 64 39 36 63 28 67 66 50
24 11 59 5 60 67 58 34 73 17 4 61 56 12 74 44 45 18 25 27 72 69 28 48 35
26 44 73 49 71 10 2 1 20 70 47 68 61 69 15 11 18 54 31 64 57 5 29 23 28 6 34
16 54 44 71 63 49 50 21 37 55 22 20 31 16 26 37 31
14 10 30 35 20 8 52 33 18 34 9 73 53 57 50
1 39
42 59 67 38 68 41 2 54 45 7 13 9 5 56 42 66 33 15 10 50 17 46 30 64 28 47 74 25 22 70 48 16 35 29 72 3 4 32 49 27 44 71 23
38 60 45 50 52 59 20 72 34 4 73 73 47 65 42 45 16 41 46 56 16 13 47 2 33 41 27 55 61 64 51 27 69 37 74 17 7 5 23
9 69 41 69 31 31 6 58 68 67
10 34 6 40 45 19 22 24 16 4 30
12 63 19 20 35 44 74 53 26 22 32 21 53
17 15 66 2 51 11 48 48 63 7 15 61 68 25 26 25 50 15
11 21 29 3 29 61 12 69 70 33 50 42
17 39 12 58 56 11 57 35 3 74 55 52 9 2 49 34 59 63
41 12 62 21 30 4 52 4 55 20 4 65 31 20 27 22 51 62 14 6 66 52 31 27 36 63 40 40 62 20 65 63 39 71 8 66 24 51 70 58 34 70
6 29 65 12 53 69 8
