307
144 30
69 288
192 127
46 216
170 5
204 137
25 307
207 211
34 47
84 170
59 284
83 87
239 146
108 177
303 205
175 136
252 194
10 15
278 233
226 236
76 179
193 215
225 200
178 50
191 115
187 197
129 294
28 80
12 236
87 78
214 87
56 33
242 62
215 17
137 206
238 150
38 9
97 221
16 181
173 99
56 200
134 163
244 205
240 34
255 146
79 57
302 291
247 252
34 199
146 197
228 217
36 93
287 301
63 168
75 118
265 165
149 66
170 27
287 303
257 150
256 95
142 84
151 182
219 235
91 106
22 96
202 181
303 266
294 138
238 294
26 172
54 306
182 26
212 83
282 95
65 24
45 136
59 209
232 147
111 119
46 223
26 230
165 148
63 71
193 294
291 66
11 149
196 56
86 202
157 168
16 14
123 250
169 196
24 117
281 63
186 185
125 55
197 117
26 198
70 14
171 288
220 303
112 3
19 285
78 107
169 73
233 70
32 120
124 260
90 218
181 289
212 47
136 47
22 49
180 95
165 274
41 153
210 217
34 164
288 21
292 71
236 98
228 63
53 197
70 264
37 78
136 266
72 170
94 16
173 146
280 140
176 70
97 4
234 243
298 197
108 125
136 251
93 16
232 144
220 132
277 233
286 243
41 172
108 63
22 131
258 35
190 155
195 203
113 146
161 17
141 156
231 172
180 110
108 133
286 103
166 24
190 103
238 154
97 40
215 143
108 148
219 47
43 249
136 81
184 294
4 144
20 91
246 186
175 273
201 180
18 158
152 304
272 270
155 192
300 263
74 78
233 211
26 39
32 232
55 1
48 23
89 250
63 223
16 126
247 170
136 290
102 191
195 18
236 266
27 47
260 134
160 249
253 223
114 75
245 99
63 47
251 121
238 63
296 211
139 47
276 137
233 283
294 105
7 212
229 108
8 197
24 270
174 29
224 241
266 224
141 259
37 35
92 306
180 31
48 168
64 118
162 181
303 269
272 135
111 303
149 229
33 209
76 163
195 85
128 275
294 285
294 101
218 77
47 14
164 89
207 130
70 137
267 90
88 86
261 196
144 223
51 94
284 262
85 117
295 85
42 154
74 183
33 76
248 85
279 270
212 91
122 116
246 236
2 146
47 190
145 220
268 152
189 193
103 280
124 208
160 34
152 16
68 210
76 213
117 300
1 222
82 64
299 162
131 28
95 63
237 242
92 61
154 44
164 297
293 63
290 100
63 275
53 67
6 251
247 10
202 52
180 131
155 259
288 227
24 159
13 72
238 188
60 260
294 116
306 175
160 79
123 112
102 53
212 38
21 167
14 33
254 44
215 271
281 242
306 305
118 223
109 275
174 238
238 288
303 26
307 149
178 105
75 90
207 104
58 259
85 190
756
25 291 93 186 34 155 174 109 84 38 225 196 134 175 197 39 97 210 16 271 189 49 158 72 32 187
22 86 47 116 95 170 178 86 175 14 78 86 286 223 116 154 281 53 224 38 141 180 136
21 275 247 295 271 172 129 286 153 229 237 235 76 163 242 58 102 178 35 217 266 173
28 140 295 201 113 42 157 145 258 265 274 201 208 271 138 110 188 80 135 45 6 126 52 11 82 244 171 25 129
46 133 291 285 82 76 51 161 162 152 288 94 238 73 280 77 127 240 34 59 273 275 78 154 157 115 14 237 179 167 150 39 211 108 287 294 282 163 115 179 201 244 78 77 21 3 231
24 20 141 246 200 55 27 11 290 91 122 16 217 213 109 159 59 171 238 187 206 304 63 26 21
7 123 155 57 66 257 283 235
23 198 198 24 146 27 18 110 5 287 19 109 270 188 104 34 169 272 55 202 274 150 251 171
29 77 203 249 143 257 84 123 216 235 215 271 143 8 237 37 166 303 118 261 42 40 249 129 143 255 32 77 257 140
2 41 247
40 158 183 83 227 80 126 111 156 86 222 203 288 230 288 151 78 134 21 99 92 262 291 273 245 294 13 133 90 260 221 283 200 110 186 47 203 302 107 9 187
23 276 306 88 212 232 178 216 191 171 297 15 148 228 97 247 263 86 94 288 118 135 270 298
25 78 197 18 236 196 137 93 207 28 78 163 260 154 53 123 32 195 232 99 90 266 247 211 182 164
4 110 45 15 161
41 231 172 43 261 201 53 277 291 162 105 28 102 41 305 151 48 124 279 212 87 217 148 191 149 103 83 255 292 275 146 119 169 61 122 125 295 47 78 2 226 288
43 83 149 108 190 125 174 280 286 217 26 33 223 291 284 181 17 286 303 87 232 242 300 72 17 152 218 87 134 192 33 249 34 259 205 180 210 92 99 212 24 87 38 197
44 241 238 197 23 189 156 302 111 141 127 292 217 31 30 197 37 216 107 265 263 136 75 149 158 151 236 71 130 303 291 5 159 36 171 105 5 94 70 91 143 223 156 146 113
5 58 198 198 303 190
47 216 296 68 278 204 199 216 11 176 159 254 29 81 67 67 235 68 135 204 262 113 226 222 68 289 282 40 6 187 189 6 11 51 235 13 265 265 142 276 269 132 227 268 292 69 7 140
24 246 153 214 241 290 219 94 263 175 117 5 92 159 306 190 154 196 105 135 101 29 103 278 185
29 174 123 207 157 307 194 49 302 297 12 156 219 296 165 180 110 91 179 13 305 234 268 32 269 59 100 61 138 198
19 239 183 103 89 249 40 46 245 217 117 270 215 227 135 305 103 106 2 46
16 209 230 68 261 293 87 202 38 88 99 33 176 85 233 124 202
8 122 117 10 249 288 34 174 84
25 273 305 40 179 230 151 96 245 139 237 31 206 221 101 199 42 50 57 282 23 240 2 302 231 237
19 161 151 279 139 129 226 12 73 158 241 62 283 98 161 213 153 12 151 113
44 60 62 113 241 240 187 19 114 204 289 52 2 29 12 292 282 230 262 206 50 101 235 299 257 80 214 65 11 81 7 138 133 20 30 167 39 23 234 6 226 122 216 49 19
31 92 38 151 20 115 133 50 6 5 99 23 90 109 40 137 70 45 44 134 145 2 298 191 128 49 200 82 282 209 263 204
45 121 241 107 138 257 268 115 188 304 30 274 299 203 264 177 109 129 187 201 2 262 256 274 301 267 82 145 31 184 80 234 135 65 96 201 101 234 127 25 261 299 77 133 254 42
41 298 296 53 40 168 192 115 76 117 4 252 79 137 143 51 223 273 28 228 234 169 178 200 37 97 281 207 71 175 162 152 26 174 109 18 42 160 125 68 195 107
36 179 120 133 298 133 283 133 216 129 214 110 68 279 100 5 304 23 184 135 12 50 253 167 201 126 265 167 248 241 293 6 276 121 140 240 69
17 57 184 156 142 282 5 237 104 98 187 254 138 57 289 120 54 158
15 161 71 160 4 216 108 37 40 200 27 133 1 177 7 157
25 18 52 41 69 102 133 303 170 134 286 132 304 203 271 172 179 168 287 293 176 213 292 95 94 163
3 34 300 182
32 94 16 240 149 110 126 261 302 216 129 87 168 290 20 52 192 269 178 260 2 231 131 238 139 3 25 8 78 285 210 239 289
8 216 86 244 89 52 300 257 241
41 5 81 109 188 128 235 255 156 304 298 119 120 100 292 81 127 49 151 297 269 58 231 57 257 158 304 179 5 184 7 121 264 5 201 258 161 153 227 45 269 282
48 92 35 152 272 83 116 14 291 175 119 80 145 47 105 295 193 270 285 251 221 232 135 117 229 303 25 253 252 3 33 174 113 189 46 41 154 74 234 210 211 56 298 169 168 187 170 120 39
28 15 224 252 36 51 269 194 215 91 46 41 32 18 120 79 257 180 143 102 232 124 76 284 108 263 280 239 191
16 208 79 257 291 211 223 193 302 41 107 180 107 161 304 47 139
44 30 87 192 297 291 150 162 165 273 191 214 120 54 182 202 136 214 59 122 305 288 69 24 220 72 278 104 136 219 223 210 56 284 270 155 190 158 159 94 20 200 244 120 51
24 161 15 273 206 278 36 52 25 19 40 73 268 204 188 62 177 225 2 5 237 129 278 305 2
8 102 194 7 263 286 105 213 178
36 190 272 243 95 4 148 74 14 35 152 131 175 220 18 94 78 10 242 232 46 249 91 236 249 66 1 103 284 243 190 56 75 56 136 155 97
42 271 97 22 124 138 45 34 235 247 172 28 14 279 46 21 71 232 81 54 165 243 260 66 286 182 105 63 104 283 34 199 280 253 251 68 127 61 167 279 243 127 256
11 204 99 7 30 215 133 89 201 37 211 138
42 273 251 174 205 136 225 219 72 149 135 139 26 47 178 165 128 89 133 298 29 175 236 294 163 252 283 138 56 18 170 63 129 41 40 50 53 152 126 248 59 155 201
47 87 175 168 291 37 89 46 259 303 99 87 32 306 117 152 152 200 212 111 250 217 78 181 287 94 22 137 275 212 232 300 53 163 116 131 41 137 238 85 99 223 148 111 238 249 70 266
20 201 208 45 31 128 299 213 114 133 239 45 274 293 167 77 7 104 43 29 5
22 120 5 256 126 234 298 201 199 51 119 69 221 230 253 295 299 244 104 176 271 194 299
25 270 22 59 91 307 71 181 16 117 94 76 160 202 207 286 236 219 95 246 155 66 250 44 154 249
21 172 210 255 272 80 106 129 306 192 220 42 47 83 251 28 140 92 280 21 55 247
38 88 3 253 110 157 299 30 299 36 9 254 225 305 138 25 244 297 299 187 107 96 289 13 133 231 128 12 39 301 113 115 60 98 305 39 49 31 100
38 187 179 161 226 159 271 167 184 114 30 30 194 241 183 36 77 276 100 269 60 248 151 274 51 129 283 261 298 240 65 264 45 50 274 271 279 296 145
4 113 206 269 107
15 3 161 283 198 132 253 254 159 132 42 255 241 199 2 40
47 101 115 40 262 52 171 267 253 9 278 96 261 77 101 263 30 106 221 68 213 8 258 267 261 77 104 39 20 253 157 201 206 221 264 9 269 274 54 184 147 25 52 185 23 187 177 239
20 151 93 262 55 188 134 285 174 95 163 73 298 131 143 303 224 71 251 162 83
5 37 104 2 307 229
42 104 276 40 115 277 257 184 58 274 29 130 189 283 156 13 82 213 166 240 277 12 216 65 231 159 282 305 293 283 52 257 119 128 248 177 101 296 2 69 235 292 31
36 15 12 279 181 278 109 124 119 70 38 197 248 58 244 218 267 254 158 275 191 70 221 13 82 227 167 290 4 162 130 211 170 55 37 302 94
40 195 83 134 266 184 16 26 118 159 191 17 303 223 243 21 305 86 201 157 66 140 10 228 281 218 249 227 75 15 291 90 105 202 53 154 77 7 145 42 109
8 135 25 153 239 204 289 8 258
16 17 78 21 14 238 28 124 200 71 97 1 238 182 210 163 224
1 128
25 118 196 169 178 4 102 64 190 215 272 236 272 85 35 35 224 18 266 123 71 37 303 117 99 85
7 10 116 280 156 124 249 305
24 120 147 237 177 241 60 61 80 82 187 142 187 101 147 187 226 278 142 179 114 3 216 120 158
47 56 35 215 275 96 78 62 299 178 190 124 262 239 120 56 34 172 137 289 132 142 40 300 114 17 31 247 28 186 230 252 145 256 264 219 142 28 35 158 261 221 133 219 283 17 89 114
38 34 205 41 136 93 105 287 112 55 116 280 196 103 10 41 174 24 137 205 152 103 307 53 181 192 178 105 160 163 181 118 93 86 294 1 16 281 125
11 264 253 208 241 171 127 184 6 96 113 51
22 34 210 190 197 270 148 215 46 90 162 116 200 21 211 207 102 141 165 118 288 44 136
10 6 293 128 292 48 195 4 207 262 41
19 83 270 199 265 114 181 39 290 149 88 231 182 214 7 42 63 265 29 249
11 93 102 115 119 165 289 81 117 48 134 58
9 82 145 9 73 198 184 198 304 282
16 188 32 227 150 123 260 206 20 18 17 275 144 65 111 175 220
17 228 202 110 232 201 172 123 292 47 80 64 268 173 97 286 143 10
50 30 10 297 127 83 211 243 226 56 44 60 58 88 115 13 259 99 123 152 46 194 71 82 300 32 220 164 54 131 218 175 26 70 298 165 89 297 145 153 155 62 83 306 213 172 286 178 258 215 196
49 155 250 296 202 284 138 212 50 44 215 212 57 129 266 204 15 58 244 35 150 226 93 19 4 212 129 151 257 144 104 26 71 269 247 279 39 246 260 49 93 251 208 99 249 163 170 55 289 267
32 177 130 274 241 54 126 292 177 25 185 69 109 140 127 295 54 107 305 69 305 227 299 239 73 5 214 138 289 298 51 113 135
30 86 150 149 93 53 116 18 56 83 290 78 59 41 55 233 55 284 246 28 136 86 280 275 243 111 172 152 91 288 56
14 274 265 260 228 158 141 290 247 89 135 61 204 150 11
40 265 15 240 3 151 158 179 40 98 239 221 245 100 139 199 151 126 77 36 221 42 225 153 254 110 61 156 261 31 77 113 25 19 121 297 129 302 201 114 185
5 274 36 183 2 268
42 306 107 79 60 259 160 250 172 307 87 161 270 73 274 190 35 83 251 234 290 158 18 46 262 57 84 62 99 170 242 291 33 152 123 229 28 59 235 215 31 178 108
28 261 293 159 245 248 256 115 145 61 278 297 49 98 7 100 51 110 187 230 292 40 183 156 282 159 231 98 106
41 17 288 254 283 250 37 31 38 278 84 258 175 101 91 139 1 179 154 6 132 149 58 176 35 101 92 176 43 127 122 292 60 46 287 87 80 279 16 213 13 162
15 286 25 39 146 93 64 295 302 249 53 70 223 83 65 203
29 187 90 234 34 54 115 50 275 250 165 30 18 150 39 156 301 92 70 148 159 144 291 30 122 15 240 22 170 8
48 301 185 242 19 129 33 91 244 117 214 148 20 42 9 4 146 264 201 69 60 143 245 7 168 38 3 77 97 160 237 267 43 275 70 81 91 162 77 161 137 200 181 78 304 254 260 259 131
46 276 185 191 21 139 17 285 107 190 73 88 172 135 280 79 219 147 194 9 3 160 77 259 46 147 154 121 123 113 263 79 73 166 6 18 202 178 141 137 249 51 179 69 143 248 177
1 287
39 264 73 31 206 248 265 43 258 235 25 295 104 184 225 3 57 274 267 257 20 292 240 227 216 2 265 273 295 276 239 198 262 96 279 9 151 39 130 69
19 24 288 8 203 148 178 232 109 1 167 267 64 300 101 149 132 222 168 255
45 199 125 53 51 284 31 244 129 184 260 292 213 286 265 128 293 160 224 122 273 196 166 203 265 143 98 29 46 106 298 195 248 246 158 157 59 250 242 31 78 242 256 73 216 115
39 187 212 107 12 299 87 22 268 23 282 50 173 148 34 214 299 189 4 276 112 78 225 28 102 69 170 141 136 156 69 296 305 226 153 201 43 163 87 54
14 185 267 120 161 43 96 301 98 201 30 43 179 188 226
22 126 45 255 83 128 40 177 267 100 144 293 45 243 183 259 15 148 28 293 27 212 207
8 217 227 207 27 4 62 56 112
40 49 243 88 211 192 209 55 2 259 252 237 236 270 249 232 162 125 111 62 71 93 195 223 35 76 247 65 78 94 156 133 102 291 39 91 20 278 170 103 287
16 287 13 80 249 83 252 74 239 66 146 194 155 272 160 201 127
43 31 137 186 141 148 212 244 279 185 73 185 62 105 59 127 227 25 70 42 149 230 30 242 66 76 74 32 98 287 47 232 76 137 90 116 239 295 107 282 163 19 8 254
17 96 213 147 126 252 14 165 178 267 102 134 296 296 185 129 276 83
3 294 288 63
44 36 225 58 57 253 166 206 51 132 248 189 151 6 43 29 258 274 19 8 234 227 7 120 69 289 29 132 113 216 13 135 297 80 277 265 198 304 140 19 142 20 179 177 264
31 146 99 35 56 87 102 108 294 196 181 111 108 212 28 94 116 14 1 169 170 103 163 28 103 207 90 1 47 191 275 169
31 233 99 46 64 285 89 223 22 99 286 173 181 22 108 97 24 196 137 102 124 97 148 294 259 207 26 4 180 180 10 90
16 127 7 299 19 239 40 276 208 19 194 40 273 100 19 264 96
17 192 233 109 223 208 166 60 11 220 110 178 98 292 74 58 164 231
7 97 14 243 60 37 159 47
49 11 172 123 108 156 254 59 61 1 195 32 269 133 95 219 296 270 183 298 282 124 236 207 224 52 91 284 301 230 242 16 250 301 209 64 248 106 124 233 196 105 133 293 212 162 178 269 250 78
26 6 169 78 196 132 55 73 66 100 39 172 23 238 1 11 21 46 125 232 141 276 122 90 219 63 260
20 208 215 87 163 72 225 154 146 192 278 246 99 288 145 268 229 205 2 60 271
17 220 192 40 66 172 89 110 293 193 201 12 61 41 287 205 152 77
35 22 37 47 275 72 173 178 72 91 56 186 41 217 182 160 232 17 99 190 102 66 21 154 294 79 33 224 99 86 72 232 270 220 307 165
39 293 213 173 183 76 279 8 181 305 85 215 26 271 27 148 16 54 302 133 80 134 222 74 155 226 259 284 35 250 209 79 57 118 193 93 220 249 42 276
7 149 47 288 72 21 146 170
17 16 191 263 130 134 174 125 121 43 202 305 146 141 87 143 19 20
46 73 306 152 53 269 184 273 10 4 228 256 179 35 63 124 33 270 64 178 193 99 289 28 12 248 302 260 191 114 197 77 155 245 288 301 108 79 200 27 165 242 246 281 216 146 170
16 7 70 74 153 121 143 93 286 267 174 206 151 186 59 248 157
24 84 243 152 97 290 260 286 28 33 92 16 146 102 215 152 14 27 46 300 92 160 182 56 117
37 172 159 25 251 151 279 244 85 148 195 288 86 76 7 84 41 165 203 3 55 95 135 258 209 92 39 130 32 198 278 194 108 210 192 140 162 287
11 16 174 220 209 236 48 247 22 218 123 280
4 264 182 108 71
12 145 189 225 263 169 172 79 100 224 99 103 219
15 169 207 279 99 134 260 222 75 41 7 78 159 52 281 78
14 59 242 35 14 146 37 147 71 46 45 286 8 119 117
15 146 286 104 41 112 32 141 198 117 202 76 88 287 220 233
33 298 137 114 93 279 266 281 306 74 173 151 173 200 115 284 212 94 163 110 148 276 200 214 305 288 77 31 206 20 271 59 35 218
47 208 198 5 33 176 143 244 159 41 189 205 210 10 249 284 151 39 143 291 150 68 85 151 256 61 129 96 59 272 46 164 188 271 291 254 197 202 245 88 183 25 300 88 216 225 228 265
30 67 98 126 261 267 42 301 253 141 29 3 294 220 70 137 250 247 119 41 112 261 40 248 138 107 215 73 270 268 46
26 35 150 255 23 15 63 182 218 249 38 91 53 183 185 44 237 86 130 265 295 290 47 57 207 169 41
16 164 137 173 233 229 150 215 223 74 175 212 224 89 207 174 224
11 171 152 170 47 108 224 179 65 253 90 4
44 289 100 28 214 201 139 152 124 117 152 55 283 231 49 78 258 236 135 127 36 122 295 131 62 280 246 263 11 121 246 149 138 75 212 155 156 286 88 289 65 146 262 24 161
47 142 105 202 46 279 232 103 143 167 34 223 17 217 176 43 23 82 5 169 86 281 54 9 188 200 166 124 175 115 134 74 212 127 291 133 236 233 211 243 226 30 163 234 155 154 55 63
20 58 80 227 235 129 82 263 69 88 183 167 39 8 279 241 156 263 241 58 189
1 135
7 103 219 279 166 55 169 82
27 77 22 248 272 10 38 62 204 250 66 219 50 79 210 155 1 152 302 204 306 121 217 77 102 110 9 245
34 4 63 4 57 196 134 139 270 131 225 150 164 156 35 136 283 48 131 184 81 139 162 186 306 53 1 108 68 270 230 126 133 133 45
16 71 193 190 136 294 294 118 190 223 210 291 280 59 131 290 281
42 150 44 34 299 134 186 215 57 77 212 248 280 93 200 62 245 70 16 220 220 154 200 8 41 240 108 120 240 21 207 218 116 181 43 240 32 66 295 251 64 61 123
1 165
29 239 100 19 230 5 225 50 62 120 80 177 264 51 304 222 189 279 283 143 11 296 96 147 296 151 235 81 65 166
36 279 215 51 119 272 8 10 73 167 57 112 292 112 63 280 30 149 257 2 66 1 269 151 238 210 165 175 297 221 151 275 211 273 177 71 271
12 116 33 238 39 236 190 71 109 170 2 32 111
14 190 149 258 242 66 29 140 29 260 135 103 99 125 171
45 299 108 228 92 249 200 106 220 244 246 201 244 144 124 38 201 154 269 58 130 289 86 74 225 111 3 236 261 234 215 99 292 79 38 241 65 193 246 231 114 13 37 139 238 265
30 108 232 76 281 4 209 27 17 272 242 27 281 228 63 306 116 250 294 162 99 21 200 53 211 170 202 56 48 275 85
1 78
24 21 37 307 136 236 255 29 17 260 190 141 283 199 183 8 304 238 108 93 4 63 107 210 161
43 236 190 281 118 210 112 124 300 10 209 32 118 284 195 307 141 155 193 137 272 44 34 87 190 238 1 33 236 63 134 209 220 247 172 173 186 99 16 182 94 14 14 266
20 57 104 180 106 45 120 4 235 208 271 89 6 244 279 246 11 270 48 151 169
33 34 32 99 303 295 246 214 195 58 102 209 116 245 264 191 180 108 55 62 103 249 150 133 211 27 210 31 173 242 14 85 252 118
44 264 202 29 276 242 152 177 125 32 186 129 169 261 244 272 125 116 36 229 125 58 120 11 160 194 113 191 239 55 112 187 213 106 23 71 60 250 53 112 240 235 282 191 74
46 140 39 176 176 274 109 42 132 222 81 69 268 54 208 88 19 12 305 241 268 119 153 113 15 113 184 82 127 126 185 151 114 54 258 240 156 277 132 161 264 177 221 230 305 244 156
43 44 94 286 280 18 202 217 259 125 111 27 90 252 210 70 124 66 112 160 164 148 44 300 116 71 46 170 152 71 196 38 191 168 270 164 78 83 1 71 275 144 202 24
49 177 10 89 272 67 262 172 143 50 232 141 39 223 221 243 303 21 123 190 297 203 170 98 236 257 174 63 43 186 15 116 93 131 148 44 105 138 55 230 195 157 193 20 250 152 218 103 48 274
39 289 130 196 250 262 13 233 184 90 273 114 21 135 11 264 134 261 180 123 71 181 232 140 296 190 59 199 92 83 301 220 245 104 140 56 155 10 107 173
10 251 281 177 80 148 176 7 125 17 38
49 181 209 49 12 129 89 150 194 269 295 261 81 291 109 14 298 257 136 209 297 42 235 134 86 169 228 5 35 212 7 189 118 96 292 49 160 50 217 159 139 40 220 73 195 55 127 73 140 155
9 100 122 219 159 274 143 249 189 235
23 137 289 40 122 79 159 8 161 302 34 92 156 70 174 170 200 8 305 176 268 180 220 163
5 128 87 97 74 123
27 190 4 206 126 244 78 10 245 254 256 127 12 296 257 14 246 33 191 44 153 209 293 295 121 110 90 74
41 99 223 22 36 24 247 134 69 40 117 191 31 285 170 102 38 66 228 238 284 63 144 248 1 265 56 204 177 291 252 151 23 196 95 279 44 215 287 107 154 162
20 176 181 268 122 183 22 276 227 83 48 119 125 222 51 44 134 273 120 217 45
4 284 101 124 75
37 79 27 195 59 174 195 148 229 70 79 219 26 71 200 66 306 290 78 125 192 250 46 37 90 95 281 37 259 285 14 220 169 141 22 117 124 219
22 240 273 122 151 132 88 8 54 189 231 9 133 104 127 258 245 45 234 188 248 222 115
30 63 33 197 64 236 270 83 149 28 285 281 102 280 59 280 134 306 22 266 141 243 207 154 71 291 28 209 53 250 144
5 120 216 277 301 122
42 195 94 64 14 97 21 232 59 307 236 103 294 87 47 55 228 26 102 150 288 14 144 72 169 182 281 173 266 285 71 291 303 250 212 170 35 102 37 224 306 1 102
10 88 203 114 188 69 147 245 9 188 216
3 37 221 54
1 33
7 290 172 56 213 190 1 286
16 267 74 82 70 44 292 229 281 146 277 46 117 288 255 87 24
38 205 266 78 125 98 83 23 191 161 124 240 80 49 92 66 265 97 232 101 305 150 127 84 90 239 137 26 86 298 31 253 203 143 64 149 126 221 144
41 26 54 202 180 78 79 211 292 87 33 83 23 89 124 278 296 32 190 295 152 283 58 66 86 144 261 264 111 104 236 174 223 254 21 179 164 307 269 38 282 303
45 261 38 253 85 27 120 27 284 164 232 261 65 81 36 249 219 126 61 26 27 151 205 181 145 163 261 25 63 237 238 219 6 143 262 23 226 65 281 71 171 62 205 257 196 301
15 39 12 105 106 66 157 285 60 126 34 16 72 139 50 242
31 194 87 220 247 203 273 286 80 114 72 224 145 261 228 63 250 220 202 207 158 14 140 166 174 158 266 3 38 207 161 101
38 81 58 290 58 140 75 94 224 62 95 94 69 74 236 55 293 190 47 89 198 124 204 160 84 12 37 153 247 268 200 134 32 195 52 44 87 287 217
15 11 300 44 9 53 192 165 83 186 122 87 86 2 198 222
27 138 230 110 213 302 257 194 2 244 9 5 3 221 305 5 42 184 276 295 299 297 15 73 122 49 143 240
35 209 150 40 163 84 15 129 302 281 269 109 285 191 272 92 196 7 155 87 76 253 300 77 29 243 298 85 65 15 300 248 89 161 182 93
36 129 25 174 271 77 264 247 63 214 111 189 16 118 305 284 159 245 205 71 22 249 135 154 264 236 149 249 117 78 159 114 280 257 5 252 125
11 16 136 155 307 209 40 47 179 132 84 175
36 80 147 216 182 229 176 290 181 86 223 281 300 27 191 100 79 236 195 61 14 56 44 53 9 275 66 279 294 151 134 17 26 258 285 149 211
47 177 224 223 271 230 242 146 172 196 186 138 238 23 134 108 290 161 191 190 168 83 252 216 180 71 193 239 275 205 123 84 35 149 301 249 26 48 173 253 236 157 218 73 302 287 97 65
49 38 164 196 74 249 136 154 84 41 303 116 247 18 259 134 137 26 284 148 218 106 307 228 62 55 181 89 73 82 44 144 48 35 190 103 95 270 156 285 246 288 170 252 191 131 178 3 173 92
27 124 257 158 188 147 29 3 147 248 45 168 74 169 32 113 284 43 154 88 252 186 31 9 303 183 58 174
10 266 73 91 35 141 174 16 218 84 279
7 218 6 87 141 139 191 37
33 115 86 63 93 224 280 1 276 64 28 197 299 284 31 112 35 23 282 55 118 81 7 55 102 53 177 14 74 273 158 243 196 191
44 49 253 144 41 244 63 285 201 250 287 75 25 25 96 30 156 252 238 281 49 206 196 148 266 237 51 113 191 301 252 57 32 174 94 294 72 267 79 214 80 13 171 187 261
39 149 162 306 212 288 214 65 146 1 215 142 304 29 34 191 127 90 97 105 128 228 248 140 296 219 284 131 123 95 98 22 275 111 118 260 56 193 244 122
41 87 207 30 228 174 252 169 157 160 188 17 149 152 223 18 25 30 269 81 133 199 285 70 181 155 211 178 291 70 149 105 4 235 2 186 90 168 260 229 263 188
44 87 63 22 104 166 207 276 261 32 206 14 219 142 123 168 183 75 185 156 108 296 165 102 53 12 55 277 196 150 250 13 294 61 117 304 2 249 285 217 301 51 97 26 16
37 229 189 176 289 1 141 116 252 32 143 52 93 140 24 241 297 242 179 127 101 280 135 122 126 95 240 54 94 107 48 94 72 195 124 14 178 28
16 141 207 220 107 99 174 237 115 125 159 133 139 26 197 33 69
9 103 282 22 116 28 301 287 100 149
9 290 21 31 266 102 160 271 217 152
29 6 116 204 30 165 78 72 217 261 149 148 103 194 145 230 250 204 229 296 124 65 21 146 230 214 255 290 246 175
23 241 73 127 158 52 21 123 21 305 46 136 11 104 149 183 262 168 258 3 297 47 295 57
48 144 110 270 278 53 249 64 219 259 306 247 216 256 172 63 284 168 220 211 117 242 250 176 100 299 66 84 119 205 154 173 232 298 280 114 96 47 78 48 245 151 14 271 223 243 77 37 288
49 164 56 17 304 179 281 119 209 227 104 256 45 62 9 130 283 208 264 219 206 189 210 73 28 188 183 217 130 50 28 13 127 251 126 206 234 243 200 26 288 129 2 88 172 271 38 239 1 289
23 116 129 260 300 86 66 145 186 91 172 284 47 96 259 42 290 155 5 11 87 49 41 113
38 161 136 83 300 22 56 35 251 284 177 261 100 304 247 272 32 113 221 236 105 139 55 287 71 99 33 202 246 38 270 154 289 150 250 180 125 175 89
27 160 152 124 91 209 1 205 103 70 180 200 48 174 22 125 190 217 233 294 224 85 33 249 180 95 307 108
30 46 261 133 271 184 288 120 210 275 12 25 133 259 14 48 105 9 157 296 110 176 31 87 102 245 301 239 78 251 216
19 153 204 194 73 12 12 273 263 20 254 198 101 262 45 268 62 237 140 98
43 240 3 137 1 74 49 174 187 289 174 300 289 11 36 211 290 128 257 27 155 296 146 298 142 183 153 43 12 149 134 99 37 301 84 227 164 132 45 220 60 65 267 63
9 305 251 291 27 282 306 22 73 273
18 206 211 121 73 28 122 233 71 179 159 86 275 303 30 128 117 290 223
37 74 247 225 187 101 172 265 304 275 17 211 273 226 259 38 24 67 53 285 14 173 150 249 176 302 78 54 136 73 289 205 7 161 252 37 106 134
10 125 63 224 200 148 141 288 168 102 236
7 253 211 248 16 59 222 226
21 214 176 244 36 82 121 128 282 299 9 73 151 153 121 198 268 80 227 129 77 188
4 255 179 9 271
43 155 12 89 165 53 296 114 149 300 147 117 247 258 118 278 128 293 110 157 285 141 295 104 248 148 109 90 60 284 194 16 96 42 177 67 96 37 34 101 243 33 224 266
6 134 125 257 184 96 147
16 300 270 12 281 50 223 33 280 44 32 260 84 246 38 36 155
16 160 164 172 196 136 169 22 272 92 97 218 21 238 294 224 232
18 12 22 180 299 142 157 177 52 287 11 302 303 198 71 255 229 156 29
46 207 35 261 227 176 252 265 78 143 80 264 224 1 137 152 149 238 59 63 299 90 161 114 222 295 248 58 128 8 212 205 211 30 125 194 62 17 267 92 173 276 143 299 88 1 153
48 84 260 278 288 168 207 53 212 103 263 106 17 186 113 132 116 41 31 171 249 106 178 244 248 306 218 80 254 190 71 166 113 182 136 214 34 22 81 108 185 132 243 36 97 111 28 140 136
11 180 154 37 294 160 195 125 70 246 306 87
31 74 223 117 23 244 66 121 306 253 284 40 22 163 215 270 108 136 86 225 200 43 33 106 251 76 260 169 144 65 141 286
16 176 261 43 6 159 297 12 50 8 142 235 293 96 96 282 304
25 213 267 184 39 76 219 236 71 188 139 82 42 171 53 287 36 225 7 208 276 4 295 302 235 253
25 182 231 163 2 135 227 161 31 36 178 30 122 106 190 280 235 96 279 123 296 267 74 156 214 271
6 10 115 286 220 230 298
28 9 258 206 75 195 99 172 238 92 65 286 169 183 173 292 6 212 226 73 36 215 212 71 156 82 274 79 24
47 104 256 45 79 117 33 134 70 133 169 118 242 283 148 256 120 24 153 75 47 71 269 108 138 104 162 82 66 207 52 175 18 95 256 144 165 11 267 168 4 46 216 140 268 76 34 297
39 146 209 200 190 103 175 164 216 269 154 75 112 33 165 132 169 86 22 87 123 233 74 9 250 229 214 5 286 34 99 182 291 124 228 16 53 137 170 71
9 75 228 169 301 130 181 190 161 18
47 185 294 156 34 174 48 294 182 262 79 113 259 189 254 244 134 20 144 19 90 195 198 209 12 147 235 216 129 235 271 139 260 44 134 117 10 205 89 215 51 226 5 288 17 275 83 156
19 15 212 69 275 145 99 291 211 70 182 147 214 282 32 10 58 63 297 156
50 261 36 236 24 191 97 47 210 83 21 186 5 134 33 99 144 17 166 276 158 108 225 249 70 41 18 37 212 227 239 228 86 88 126 131 116 264 87 160 78 197 35 205 211 64 102 218 240 157 31
5 28 84 217 207 174
43 251 290 98 205 233 143 2 245 163 121 164 211 61 171 20 286 225 214 139 76 50 247 173 247 102 62 261 19 225 60 78 267 78 202 224 49 109 185 36 178 12 26 243
38 151 101 42 83 103 136 217 130 220 255 112 84 117 108 272 152 10 202 295 74 131 265 18 268 142 130 99 186 156 98 185 107 91 62 276 198 176 223
24 134 191 272 180 282 307 159 99 200 59 157 280 183 258 165 220 22 10 295 121 53 223 98 151
47 73 158 58 259 238 153 108 116 289 26 300 140 116 28 225 76 3 199 245 240 35 1 230 33 122 173 27 58 14 22 6 27 8 198 2 278 268 20 238 239 288 66 192 262 156 232 271
10 72 119 34 66 85 1 270 108 139 18
43 300 58 277 239 24 246 101 220 188 46 168 28 305 58 184 6 100 187 284 20 31 191 282 280 34 223 306 2 12 221 148 169 247 171 292 30 139 73 237 293 38 236 211
3 114 124 152
7 236 10 11 190 142 154 74
41 278 166 305 214 282 132 237 68 31 119 293 36 216 213 51 258 139 45 161 184 177 114 225 297 185 23 25 81 80 269 80 216 69 128 129 278 244 245 295 258 158
50 37 92 268 274 159 122 189 20 279 241 96 82 114 282 8 22 217 173 261 273 231 16 235 297 106 121 283 65 301 244 113 73 271 71 93 213 140 105 291 284 265 18 122 228 156 52 20 188 76 158
4 84 118 148 144
50 69 155 111 213 281 127 245 88 188 249 265 146 227 243 211 138 39 40 168 30 162 105 182 181 105 37 96 170 201 291 296 155 80 255 296 44 104 45 27 163 155 234 31 222 280 112 104 218 292 251
28 246 207 84 232 17 134 70 209 234 26 95 299 255 146 117 150 182 102 105 116 163 142 64 259 183 169 34 44
7 10 55 209 207 209 226 23
46 121 131 7 262 181 96 202 276 22 59 203 105 164 11 53 24 176 100 263 231 148 12 232 92 33 252 66 180 211 266 86 9 133 264 140 289 203 26 190 132 61 60 228 43 66 270
23 254 189 162 95 293 196 96 253 136 48 199 239 8 280 179 73 180 2 243 111 131 176 203
20 291 227 256 41 188 144 103 291 37 96 264 300 106 295 166 234 301 298 138 192
27 90 159 257 160 149 113 63 208 38 165 54 223 252 172 141 40 31 20 167 39 94 111 133 57 199 111 76
15 133 140 297 44 61 229 261 213 45 9 157 39 306 68 292
3 255 48 83
2 282 227
37 88 194 296 234 185 106 142 261 230 166 45 96 42 179 237 240 61 121 274 8 161 298 15 20 80 283 167 235 81 240 77 107 189 88 96 25 261
26 119 109 241 189 187 270 26 277 236 301 164 237 230 307 200 249 117 40 231 130 229 161 209 145 129 164
36 91 23 108 57 75 19 155 191 235 13 16 290 272 120 36 139 141 171 307 306 254 205 234 151 106 175 126 267 42 172 148 237 210 281 249 149
18 38 181 163 193 280 182 219 18 10 233 97 112 219 28 10 281 24 252
48 247 146 62 51 26 282 261 85 97 306 266 224 284 300 122 212 204 79 270 38 136 263 67 90 268 55 168 87 180 163 131 175 285 190 275 153 236 235 222 219 253 24 245 134 170 88 209 149
21 171 179 156 128 5 176 120 255 187 277 298 297 60 45 295 304 225 68 129 241 98
32 204 120 112 294 247 73 130 285 2 114 186 87 71 162 54 46 255 115 32 304 102 89 196 219 100 107 141 83 12 8 202 118
42 156 34 253 202 109 246 165 129 23 79 188 281 295 111 97 62 149 207 64 52 286 144 36 290 58 209 194 79 275 285 205 73 250 182 117 126 222 42 34 72 146 103
21 166 188 31 7 101 92 77 123 281 95 268 217 21 148 179 301 195 8 79 47 78
39 294 303 267 158 175 229 261 264 128 304 30 8 208 185 208 158 45 96 237 161 291 190 278 118 210 159 15 195 79 179 144 261 48 212 262 91 220 67 287
34 167 250 126 207 277 152 36 101 131 77 72 245 175 162 203 157 173 144 230 177 254 202 91 231 37 79 30 131 194 52 54 207 176 275
11 23 106 7 135 194 135 208 289 258 128 179
27 143 72 233 113 302 227 73 93 234 90 196 8 109 93 103 75 24 26 116 28 10 210 260 257 149 34 304
5 284 5 1 144 207
50 26 215 217 22 97 193 117 89 186 247 202 10 280 4 95 303 170 192 76 148 169 149 250 275 163 164 78 37 172 165 55 285 17 144 229 210 137 87 28 291 125 144 99 290 64 182 155 91 193 28
18 98 80 225 231 147 7 39 278 206 176 292 241 304 139 121 158 258 12
42 87 41 202 125 83 190 99 190 56 205 72 90 134 123 200 95 48 148 92 182 210 249 53 178 46 116 270 280 56 286 112 102 123 259 112 285 178 186 270 35 48 48
49 225 304 110 206 5 263 245 54 12 25 240 256 114 51 203 23 52 6 237 298 49 221 57 77 189 201 237 248 158 156 265 65 58 19 177 29 216 96 221 231 145 208 13 213 65 248 167 3 7
50 120 138 169 242 165 60 254 191 123 174 239 75 230 290 280 21 261 142 227 212 113 168 292 77 64 71 87 209 13 27 210 59 223 304 150 178 91 205 95 81 151 117 79 148 36 282 260 2 176 190
38 261 185 36 213 176 147 166 273 145 184 113 98 25 204 60 52 177 69 52 122 171 114 276 96 301 295 206 65 277 23 88 106 156 81 185 235 101 122
6 280 280 303 94 87 99
19 5 57 183 57 81 60 132 132 40 221 68 279 297 199 96 258 57 43 73
24 64 218 38 27 288 259 123 103 63 233 66 63 260 56 175 152 99 28 70 71 83 46 272 38
37 306 10 186 35 35 70 287 272 290 223 202 209 94 79 175 91 78 99 84 134 223 74 59 306 4 87 93 150 125 212 10 95 250 303 90 14 193
22 141 275 199 65 268 59 277 150 166 64 280 32 294 61 76 72 217 62 294 225 46 260
15 43 253 171 121 256 203 297 122 299 289 185 295 3 237 296
21 66 45 192 172 72 111 89 99 124 35 284 220 30 275 236 221 279 56 266 215 178
46 24 252 102 70 249 89 232 83 38 56 284 160 26 137 229 275 180 41 197 26 251 200 215 53 94 180 287 117 163 93 193 174 303 152 56 233 154 66 196 232 236 275 288 233 118 272
22 52 19 43 276 254 183 297 277 77 171 239 296 256 299 19 7 213 109 234 142 109 101
43 49 15 9 271 297 6 201 194 156 157 153 187 120 11 77 2 114 73 257 60 147 68 263 2 184 61 77 267 156 61 185 143 133 305 244 50 30 262 293 7 140 304 6
18 206 69 119 267 68 265 36 267 45 6 296 68 295 49 277 50 88 51
11 280 156 35 263 157 223 58 142 23 150 272
48 186 89 145 98 52 4 81 281 69 208 36 92 266 62 16 97 186 16 180 118 89 162 181 160 290 50 41 9 232 216 272 28 171 169 149 235 218 69 208 247 45 171 97 209 36 278 138 219
10 156 186 169 276 260 116 100 108 285 230
3 167 270 207
34 182 57 63 84 81 18 34 144 232 31 19 302 271 48 150 217 248 247 97 120 153 279 1 278 199 213 96 218 182 85 250 122 166 22
33 275 76 170 212 108 170 37 72 66 22 272 34 232 64 197 236 259 288 111 1 16 48 284 152 219 105 219 84 85 164 72 172 172
4 291 251 1 212
34 4 166 152 62 65 98 26 207 235 112 139 24 87 101 107 245 234 216 90 255 307 241 81 148 149 111 214 144 24 185 256 201 123 82
40 192 117 150 251 103 90 103 197 160 59 224 294 97 18 250 95 85 91 131 108 247 220 27 215 191 94 71 243 136 285 192 92 134 287 27 303 246 164 236 288
40 43 211 145 143 193 307 79 247 63 197 286 142 4 272 118 257 97 72 73 95 156 232 75 137 181 230 243 284 241 276 87 86 106 85 148 29 285 140 93 33
12 9 157 67 201 244 42 187 237 276 6 184 203
23 180 169 196 243 256 83 71 103 21 64 165 238 231 109 89 16 171 150 129 24 163 118 156
18 231 169 151 71 212 66 266 162 295 49 27 124 78 153 58 82 140 254
28 209 238 27 71 193 192 130 167 209 204 238 167 56 303 60 68 220 9 93 277 214 169 4 212 96 109 62 42
45 117 33 38 300 34 75 84 196 155 97 21 195 136 75 102 286 111 32 91 105 46 224 55 190 84 162 141 306 223 272 83 53 281 210 70 232 64 16 85 70 10 108 21 170 260
2 21 51
10 66 280 28 192 74 247 78 93 243 236
11 278 198 214 244 256 109 119 50 2 279 304
7 2 265 97 274 294 245 281
39 155 294 287 210 48 170 209 131 169 75 59 105 24 102 285 85 180 280 219 21 26 196 93 22 34 102 191 78 182 174 108 16 117 55 193 211 164 232 182
28 200 307 306 131 274 82 103 267 15 148 230 7 62 208 156 249 59 90 273 268 111 241 9 64 86 3 78 197
7 113 109 265 60 132 113 128
12 136 59 272 110 126 39 189 90 59 178 156 45
1 282
28 201 2 262 234 201 161 279 115 257 273 153 201 257 296 98 121 295 226 7 299 43 58 126 305 58 88 130 176
29 54 100 230 171 3 230 185 61 7 42 240 298 151 262 147 184 100 127 201 115 67 114 189 265 156 278 248 77 235
17 9 201 12 274 140 106 133 253 201 69 176 77 138 289 159 43 81
29 232 33 2 132 156 287 119 227 70 173 72 211 190 154 104 101 262 138 108 150 249 114 136 46 223 4 197 10 149
6 282 30 185 269 239 269
36 193 287 94 162 287 197 242 99 86 210 272 192 117 260 97 205 131 48 250 102 219 90 200 148 260 55 192 229 108 215 32 215 144 35 93 294
8 147 133 297 65 304 157 179 188
19 99 1 270 163 107 260 286 300 258 275 274 279 175 79 64 78 264 118 180
24 210 286 105 212 195 59 303 209 238 34 196 72 146 207 134 307 112 124 300 251 10 210 18 200
36 42 45 177 276 267 133 245 279 225 65 62 222 9 62 255 80 42 129 128 240 126 267 67 264 257 68 258 57 159 216 82 255 253 113 176 261
42 139 161 29 20 51 222 20 138 42 40 235 126 12 176 177 177 96 221 39 100 279 9 255 7 113 265 156 45 198 277 183 77 263 177 292 88 42 201 296 8 255 12
19 61 157 64 283 132 220 43 184 239 63 255 65 12 93 304 210 301 181 177
34 127 267 117 216 198 59 241 108 291 41 249 87 306 79 259 32 152 220 17 163 105 258 187 281 288 189 74 134 239 46 142 246 44 272
14 145 12 141 275 306 8 263 108 177 96 185 16 251 31
7 39 133 268 204 201 261 5
25 266 134 142 212 61 236 219 62 277 97 274 100 224 71 257 47 297 11 213 248 203 154 296 173 249
8 8 16 238 79 248 127 265 306
30 87 270 85 76 72 190 238 79 306 24 152 89 92 79 97 260 124 108 191 48 180 112 207 228 286 34 17 28 93 116
3 191 282 64
30 98 291 244 183 294 14 36 192 46 126 57 134 89 248 66 99 135 55 200 17 191 154 226 92 205 94 44 146 112 102
5 272 306 46 281 208
45 176 244 295 179 171 19 115 49 130 248 151 65 156 100 255 276 122 282 254 304 130 261 274 201 177 161 13 129 177 81 104 227 82 50 3 279 221 188 82 62 12 274 276 299 255
27 121 84 229 175 252 64 108 280 205 286 59 87 277 4 17 57 47 178 71 32 164 103 272 236 26 167 285
48 193 148 246 236 236 28 175 172 94 85 233 44 76 290 164 79 79 56 174 48 280 93 288 285 168 55 224 46 71 66 291 205 1 229 284 21 70 197 281 28 4 14 175 180 102 41 164 16
12 76 198 48 224 160 238 285 170 258 274 262 288
2 153 80
25 297 222 129 198 50 161 54 184 279 302 299 133 230 253 269 140 51 199 107 61 52 234 179 80 263
40 130 283 302 307 96 260 306 265 109 183 267 137 306 177 165 246 270 279 242 97 253 304 211 252 145 151 97 111 141 9 36 194 143 307 64 206 307 140 84 57
43 63 94 153 76 209 250 24 21 9 160 91 1 218 185 201 297 272 60 188 156 280 198 279 80 73 171 213 211 19 215 217 191 241 228 117 63 210 294 226 135 200 223 214
35 222 296 133 106 253 77 271 129 110 159 187 255 234 67 143 304 40 133 61 147 11 96 45 77 187 279 8 81 19 60 114 23 188 299 7
22 230 173 199 178 240 126 98 278 19 174 51 46 66 38 11 234 214 183 144 258 242 139
45 234 183 252 104 85 214 20 94 80 164 256 248 16 90 16 304 20 97 4 26 201 146 137 92 4 219 55 250 255 31 8 302 135 205 224 63 208 178 267 251 74 110 279 248 247
17 184 141 266 196 22 126 202 262 133 182 12 7 295 239 15 91 160
9 146 40 149 241 289 276 208 174 77
5 158 61 298 235 279
9 164 104 114 201 237 206 255 149 143
30 81 275 22 55 86 302 200 212 146 223 203 134 200 57 99 113 28 248 180 206 190 251 137 255 99 247 18 162 287 58
43 44 211 35 298 186 23 62 26 259 220 169 275 172 131 56 241 160 32 239 238 24 196 268 270 92 99 97 132 74 209 144 294 162 72 70 222 68 71 61 57 178 281 180
30 23 96 68 58 135 9 80 151 278 235 254 194 156 54 104 254 133 49 230 230 253 213 295 121 276 273 177 276 58 271
28 108 212 37 252 216 17 95 85 174 126 81 4 40 66 27 7 40 24 21 150 273 287 145 193 287 196 277 246
19 89 302 220 133 232 22 281 284 118 66 190 137 103 162 119 260 148 266 2
20 248 9 105 65 284 3 74 132 210 218 68 80 15 65 132 123 140 177 224 136
23 160 291 211 259 173 32 1 111 86 154 136 181 249 71 22 33 66 182 196 48 197 83 219
47 205 3 27 227 218 204 129 180 59 145 66 298 256 95 74 213 266 182 202 170 233 142 81 178 105 141 56 88 292 125 243 4 306 100 113 227 18 149 127 36 69 299 16 108 15 156 84
46 206 152 84 293 82 103 149 50 10 195 141 39 236 163 222 175 139 180 83 95 176 118 192 284 26 123 114 17 81 181 182 131 249 86 202 47 48 287 227 306 46 30 125 42 229 38
29 182 152 238 147 242 270 76 118 149 130 155 307 160 291 110 156 74 189 158 187 180 239 273 274 113 43 247 136 35
15 275 142 85 249 6 170 102 27 36 124 164 72 182 77 177
5 223 88 155 94 194
2 306 205
44 201 58 138 139 139 119 15 135 127 267 248 62 269 282 31 156 58 227 62 189 20 203 7 208 222 268 80 12 199 235 82 203 9 179 258 7 126 113 127 104 6 82 104 302
31 117 296 132 49 89 99 92 29 212 61 187 110 85 269 216 299 90 256 25 39 21 127 172 122 219 163 218 173 300 115 134
36 177 92 159 254 102 238 254 36 173 141 196 218 33 280 212 111 299 262 41 45 198 30 97 156 88 39 52 304 148 199 137 301 232 12 266 203
37 121 295 279 276 305 20 302 237 282 130 301 167 51 157 189 265 8 129 138 100 241 81 187 203 107 256 258 256 25 213 67 274 52 208 80 269 279
1 234
47 276 19 226 31 103 223 151 239 8 49 293 232 162 70 225 101 181 239 127 102 12 133 80 298 282 66 180 290 102 262 54 160 291 57 115 72 252 81 133 106 196 307 183 235 235 7 148
14 92 287 76 91 111 307 10 181 125 118 105 233 10 32
44 75 285 210 203 16 70 229 41 253 167 117 156 164 136 13 306 111 83 232 228 207 299 202 66 217 242 28 270 251 237 154 274 59 288 259 182 97 168 264 33 4 260 74 44
40 244 114 19 96 240 52 267 159 234 265 167 120 106 231 13 189 297 248 262 183 278 52 199 227 129 127 222 58 265 49 69 198 15 13 239 292 115 135 49 301
28 97 201 179 124 116 189 254 160 102 272 294 56 196 45 1 293 149 16 22 155 24 281 172 137 143 12 92 30
29 170 127 270 71 249 218 13 243 29 150 200 197 116 221 230 100 242 79 71 203 28 168 135 51 222 194 156 185 80
4 206 208 242 257
38 179 202 299 288 17 32 123 5 54 134 110 81 17 249 115 12 177 182 268 236 84 197 181 109 203 53 98 275 136 197 171 164 27 285 259 251 228 57
38 6 143 120 138 198 15 248 36 179 139 127 127 201 12 67 126 198 138 62 12 183 158 298 42 115 297 31 198 245 156 30 279 277 121 295 274 13 261
47 59 217 135 266 274 110 113 60 253 256 162 20 105 126 215 125 16 194 162 241 293 49 69 155 205 124 54 128 148 72 23 201 136 32 39 291 192 207 219 114 164 114 296 198 189 145 80
2 143 128
46 103 95 152 239 174 77 245 229 145 214 44 237 261 73 150 17 35 79 37 270 280 62 241 118 163 163 102 32 240 88 243 285 115 29 153 132 48 163 10 233 147 102 92 107 274 74
12 195 270 307 182 148 197 286 37 134 182 207 164
27 251 43 152 101 78 59 196 252 218 12 237 154 162 268 81 105 10 197 240 168 283 250 2 37 288 53 172
38 84 150 63 193 59 87 198 6 121 104 116 135 172 191 83 124 139 20 41 225 58 297 206 74 16 176 257 292 217 30 22 134 187 72 52 125 215 103
4 166 25 237 241
14 266 92 205 86 271 232 37 164 134 136 243 274 201 83
12 204 195 149 278 231 92 202 26 73 185 234 102
24 267 43 227 201 128 204 109 254 119 256 115 132 255 77 269 96 231 248 301 257 159 3 20 135
1 163
21 33 266 86 24 94 141 44 224 112 64 182 90 47 99 28 170 259 118 303 144 112
20 297 122 215 150 201 191 126 72 27 298 300 149 61 277 210 187 197 112 180 76
26 86 99 207 74 46 214 170 112 14 219 158 138 191 70 260 223 300 134 10 145 78 268 117 271 85 210
20 53 236 186 182 61 86 200 239 61 137 78 248 103 114 216 231 301 140 48 291
7 17 175 4 154 75 4 46
21 133 40 201 81 51 115 62 153 188 2 100 104 166 203 31 299 277 126 179 289 143
12 216 117 187 178 166 306 293 228 175 265 1 210
4 46 51 149 66
45 210 29 189 251 183 99 244 217 33 174 30 305 175 86 161 13 252 226 173 306 48 229 300 200 85 94 301 83 151 159 39 166 248 27 8 78 14 165 282 180 219 44 123 287 26
29 296 42 265 305 208 166 304 161 277 176 295 245 109 110 57 230 301 129 96 278 30 153 98 50 269 6 298 204 43
41 90 121 25 169 234 174 197 142 213 71 140 192 267 64 304 250 61 26 206 248 85 275 285 112 86 47 290 147 52 139 17 83 48 274 237 33 233 144 3 7 245
26 32 138 140 69 59 156 208 37 104 89 19 216 45 95 231 111 263 228 266 135 232 104 24 205 25 91
12 144 91 190 112 146 290 75 211 224 181 124 91
43 146 10 129 59 246 48 172 90 210 200 31 211 285 162 143 119 54 110 108 295 256 113 86 125 233 63 249 205 83 301 130 75 104 8 272 81 137 303 213 206 141 80 71
23 175 270 141 64 266 134 41 207 56 303 300 123 229 173 87 209 181 200 91 76 64 1 63
34 101 5 123 90 136 288 114 56 281 173 194 178 197 88 270 177 35 40 78 124 212 232 71 256 87 224 306 172 242 192 240 119 255 139
29 286 283 110 109 202 293 134 21 245 99 169 37 217 212 122 306 148 242 46 252 179 247 225 281 191 24 53 95 94
6 306 102 148 99 275 70
18 284 124 87 91 26 288 48 266 217 300 146 196 207 170 148 195 191 111
41 218 57 59 284 86 76 197 8 261 51 182 90 297 219 305 272 55 295 112 103 229 260 105 263 64 91 230 269 146 169 10 286 215 89 4 262 26 192 156 45 191
8 40 299 3 304 130 274 145 263
7 265 3 220 224 193 192 97
44 183 215 129 94 82 195 97 301 124 136 38 90 205 282 130 145 245 35 19 51 146 281 302 112 135 93 256 5 63 263 231 130 131 122 140 110 99 221 151 78 171 89 122 66
47 14 102 300 63 105 220 193 259 24 154 71 288 47 28 108 93 53 197 70 200 26 37 41 134 197 195 272 270 72 160 238 186 205 102 190 33 209 94 287 94 105 93 286 152 266 125 75
30 275 123 236 80 79 173 196 289 228 99 207 24 32 220 290 223 278 191 147 205 178 212 13 46 135 180 56 93 17 297
36 161 307 165 146 123 51 124 214 305 111 47 96 220 146 62 213 223 204 5 61 138 201 47 31 2 160 232 118 42 59 241 39 74 4 113 237
22 168 209 271 304 236 283 189 138 297 64 27 273 145 244 280 79 197 155 283 256 58 181
14 204 147 7 13 69 133 298 187 120 3 271 263 176 293
18 35 251 173 86 84 180 86 90 89 90 66 306 249 149 174 74 134 72
7 104 190 299 270 237 223 247
4 282 177 265 228
27 133 179 198 104 193 57 166 89 25 146 109 208 109 85 207 122 96 275 212 89 66 180 246 281 45 24 244
15 14 120 212 44 125 285 205 94 220 301 126 272 150 200 79
17 250 66 207 17 154 144 75 148 99 91 32 250 152 149 272 247 1
5 147 271 109 176 169
16 284 35 259 192 300 288 210 34 56 37 223 155 27 95 85 134
5 251 147 66 90 272
8 282 68 102 243 128 87 142 156
25 170 179 109 21 258 41 111 98 203 95 79 102 218 89 285 132 12 24 276 85 32 297 232 53 41
11 237 65 23 145 203 9 128 88 158 263 184
39 86 98 287 233 143 118 212 56 10 297 169 299 300 16 224 292 196 134 171 55 141 117 62 90 163 307 200 112 285 69 249 227 37 61 71 125 254 150 50
20 81 160 258 183 294 205 100 181 242 180 218 232 121 123 236 97 251 165 74 69
34 80 297 144 260 215 85 224 19 223 92 93 23 91 305 128 25 74 254 45 257 87 162 114 257 87 169 233 151 122 136 209 156 217 5
19 257 127 9 159 80 127 36 65 133 81 69 115 226 208 204 25 289 214 151
29 41 124 125 285 4 281 168 4 212 193 4 170 229 137 246 182 118 154 48 238 218 97 123 93 200 217 72 90 229
8 85 270 31 127 139 30 112 76
32 164 219 296 214 9 276 123 95 116 278 239 266 162 286 243 129 86 212 135 235 180 22 300 15 34 280 111 251 192 207 120 84
23 242 93 172 72 168 168 17 34 33 251 228 232 74 59 64 259 180 284 75 83 186 78 303
7 116 242 105 134 66 233 121
15 27 52 49 283 161 295 31 17 57 226 210 230 96 34 44
9 24 270 10 132 236 44 30 21 171
33 110 70 68 275 96 99 196 167 176 24 307 16 87 56 243 260 76 217 134 100 110 40 113 172 120 267 295 217 112 56 253 49 128
44 83 128 204 178 162 293 92 247 268 164 72 55 38 236 8 84 181 180 254 280 202 94 78 113 260 290 217 232 307 96 159 294 22 259 182 296 246 95 2 303 266 148 227 65
7 121 17 145 244 205 97 133
16 288 46 192 54 132 109 189 231 116 155 52 33 179 41 216 197
1 249
15 224 149 86 287 303 85 270 89 34 205 173 86 66 48 173
43 246 202 137 125 52 40 74 57 228 83 114 183 129 93 131 15 118 108 85 125 79 143 52 131 144 234 136 76 232 287 56 100 7 18 285 252 26 15 245 74 45 222 169
46 34 102 218 89 260 135 59 116 252 44 33 55 293 52 16 77 303 28 247 225 195 162 164 232 193 114 113 27 224 118 48 41 25 176 137 285 266 272 75 140 14 191 229 212 197 145
10 24 9 141 253 48 271 212 259 267 65
5 93 159 180 274 62
36 14 300 78 105 266 173 218 116 14 83 284 16 10 105 118 131 102 212 175 112 94 37 186 146 93 300 173 53 83 63 219 154 28 32 93 173
22 162 28 92 38 215 133 297 273 90 200 164 224 102 307 286 74 75 40 111 176 216 158
19 243 210 211 277 48 39 282 122 1 105 236 280 59 250 210 224 285 243 278
6 57 244 168 275 266 105
30 49 250 214 114 98 217 123 100 242 4 10 302 139 262 283 38 253 260 212 173 132 198 223 154 54 47 274 34 275 183
29 57 251 70 58 188 284 18 201 105 286 294 254 192 10 38 131 244 297 75 242 92 52 65 237 75 29 4 154 243
27 178 12 259 90 134 279 24 81 70 55 244 143 62 30 202 109 197 244 160 231 274 2 208 286 37 19 209
47 220 248 188 274 47 50 249 306 286 129 295 287 267 48 280 216 298 34 29 234 168 1 91 59 14 47 290 129 5 57 61 225 59 151 224 64 210 28 166 238 45 146 17 216 155 291 154
9 133 125 72 178 230 177 243 83 106
4 49 40 188 225
42 58 116 249 152 172 190 159 135 195 182 128 44 279 248 245 219 158 220 136 220 265 123 307 206 168 36 198 126 23 39 113 161 15 83 223 78 182 219 64 197 91 85
25 305 149 151 177 114 152 45 307 86 294 57 61 49 210 219 256 183 165 277 9 40 262 251 200 188
42 171 248 229 284 25 108 224 238 107 66 75 216 114 88 97 281 186 174 83 43 55 135 299 290 136 26 109 32 59 239 129 72 194 197 71 67 200 249 154 161 180 280
11 41 185 234 288 91 246 165 202 199 266 117
21 110 81 241 41 102 248 115 181 103 189 93 80 100 210 269 177 200 254 233 294 298
24 58 211 31 12 191 31 255 47 290 300 29 76 143 7 12 68 13 152 23 224 42 187 92 57
29 281 210 172 117 197 173 35 160 148 10 76 87 47 197 41 200 33 229 146 16 71 218 79 64 125 191 186 251 286
23 260 111 239 221 243 235 130 269 41 107 164 116 29 68 128 105 251 103 40 66 25 120 171
1 215
23 71 195 134 52 289 199 293 137 287 209 123 162 74 294 289 179 98 34 149 57 30 93 270
37 40 28 292 118 287 150 246 152 134 97 102 195 86 65 197 22 247 178 109 156 98 200 238 116 232 9 123 233 66 228 148 219 303 51 234 173 155
5 231 304 219 152 193
8 53 27 44 8 187 140 97 53
16 233 238 284 202 284 209 272 192 28 224 259 70 34 35 123 266
31 70 117 229 16 238 112 68 124 264 197 77 48 86 111 85 108 47 164 233 278 163 21 251 158 125 33 220 307 215 219 64
47 36 293 298 241 268 187 145 264 40 269 301 140 98 198 15 147 214 11 73 295 121 240 227 225 166 265 208 54 302 184 62 201 133 298 187 268 161 230 230 15 296 82 115 194 60 5 3
38 96 147 270 118 157 82 83 229 224 7 192 139 185 47 156 280 181 86 293 229 59 230 55 129 195 160 27 153 119 254 258 8 4 306 190 297 237 229
25 259 280 244 168 92 18 91 222 180 305 291 56 245 72 141 154 139 162 135 272 147 134 24 224 112
20 88 61 150 41 230 163 259 131 266 94 71 287 209 276 175 148 97 103 137 84
7 80 151 60 265 222 167 25
22 157 255 17 244 248 217 67 181 106 122 228 289 260 242 136 109 285 70 169 81 206 95
4 103 263 230 187
25 136 238 105 131 230 303 70 104 201 145 2 210 216 107 189 89 46 18 241 232 173 143 32 156 46
36 55 156 227 249 164 122 290 229 83 16 56 99 224 85 87 118 175 70 264 188 154 131 57 172 97 185 53 93 203 240 256 170 250 41 95 109
5 158 287 278 105 220
17 11 49 107 258 293 302 185 122 204 15 166 245 189 255 82 227 167
7 245 244 75 208 285 175 306
25 130 153 156 304 176 283 151 147 128 297 13 132 45 216 121 235 61 11 296 241 208 81 166 20 98
15 118 32 14 44 103 37 242 219 307 66 181 89 71 249 154
17 152 81 61 17 34 238 173 37 281 32 161 155 144 277 190 242 280
8 290 38 33 275 24 287 125 181
47 129 6 36 15 299 110 283 226 188 101 67 49 187 171 109 130 138 96 57 115 234 213 132 126 7 67 298 208 274 296 237 267 62 263 19 214 213 43 248 129 213 298 203 179 104 30 5
3 305 232 240
36 86 181 285 68 109 159 291 287 26 240 203 200 128 118 44 199 27 114 281 38 84 141 214 150 215 30 85 137 143 5 154 139 92 101 299 148
47 90 22 105 85 205 210 219 281 1 277 307 119 206 249 191 4 211 192 170 214 286 73 66 44 304 173 54 31 239 186 204 140 131 62 236 75 153 18 172 23 79 94 224 143 254 305 92
44 56 182 28 24 160 55 242 131 10 87 91 224 102 182 192 78 4 24 218 307 44 27 1 212 37 286 155 251 14 209 251 285 33 233 26 207 272 85 286 210 27 26 90 300
27 78 17 211 282 301 40 38 72 32 269 4 174 35 259 165 40 82 55 149 289 9 53 191 183 165 98 242
23 159 126 3 189 201 213 279 129 101 25 147 301 122 62 234 40 293 147 248 6 302 299 267
39 246 56 117 260 276 219 19 35 107 226 212 122 135 54 6 226 104 219 8 43 276 46 32 152 221 183 77 130 45 254 17 262 271 115 262 77 133 269 174
10 16 219 184 35 96 4 75 105 112 179
41 153 94 157 145 207 146 221 299 260 134 307 257 91 240 204 99 10 116 251 16 89 225 241 275 260 100 32 51 32 255 302 263 139 37 125 129 291 29 9 213 165
35 302 195 55 270 265 222 124 109 160 62 135 13 211 188 64 228 100 298 278 21 181 217 3 122 125 17 84 246 215 99 272 145 88 256 113
16 290 22 243 139 72 282 265 73 148 277 304 118 94 12 70 295
13 253 67 253 252 54 40 50 128 151 93 75 281 128
9 2 108 242 287 239 160 97 102 58
38 128 9 109 29 227 65 179 120 107 126 15 198 31 115 237 177 31 245 39 296 176 45 67 289 305 261 257 68 54 225 277 39 5 135 289 299 166 226
1 194
16 213 201 89 170 1 186 176 218 208 65 229 291 194 33 291 173
29 48 146 251 13 133 248 58 238 194 220 131 107 143 227 251 167 16 281 209 38 226 149 187 67 180 168 271 20 261
45 279 96 277 138 183 201 42 69 81 262 262 5 45 132 49 201 30 19 69 139 240 187 278 67 29 20 282 240 138 255 226 295 113 129 268 140 245 213 67 262 240 51 121 107 208
14 87 20 184 296 11 185 233 81 118 288 82 213 296 270
4 246 32 200 59
22 284 124 248 17 13 284 37 289 291 41 47 123 158 134 181 178 25 123 142 12 209 220
43 242 182 165 250 200 202 66 79 95 286 168 18 180 163 163 28 178 53 290 219 141 202 193 97 162 76 56 102 210 228 86 94 72 124 125 75 303 197 252 178 286 95 112
11 41 182 95 141 124 207 17 170 209 22 34
41 149 94 92 59 300 66 16 149 59 93 64 72 53 71 160 174 1 181 243 251 193 99 212 174 71 41 141 74 193 306 26 41 170 149 307 38 116 4 136 286 92
2 162 76
4 234 285 93 123
48 120 290 25 199 35 163 116 91 149 186 195 123 18 182 300 243 79 287 172 139 262 260 194 22 117 131 7 128 98 240 175 94 162 75 286 209 86 83 70 137 168 202 298 72 49 210 101 233
39 68 278 244 267 7 62 145 147 31 3 50 296 121 302 304 267 13 82 187 43 282 61 69 7 101 129 176 226 225 283 88 58 262 138 277 289 138 231 54
22 206 202 174 103 92 105 162 104 222 41 27 91 250 285 71 213 24 277 142 174 135 123
20 294 223 191 251 117 220 291 228 291 48 35 105 84 286 91 164 123 270 270 17
33 168 59 252 75 84 155 22 63 169 173 168 163 124 218 47 53 246 18 85 79 195 108 165 200 116 148 251 190 17 27 4 223 287
2 68 274
34 300 203 164 188 228 57 182 170 80 3 38 140 190 137 300 269 130 273 45 29 115 169 148 235 224 113 300 177 306 104 58 78 210 190
34 181 56 236 148 149 16 218 162 242 55 108 249 89 22 290 94 193 72 137 86 16 217 146 281 86 284 47 92 170 150 136 72 26 173
13 273 278 96 29 51 62 183 140 244 25 19 15 269
8 192 307 204 291 50 64 192 201
36 81 272 39 257 107 72 93 304 248 217 260 272 54 259 221 157 207 132 12 244 289 176 14 176 64 58 187 61 174 114 77 285 257 124 2 86
13 65 245 54 5 222 305 213 5 138 60 96 226 39
25 253 13 301 53 243 103 87 59 191 193 14 172 85 118 268 16 167 12 68 122 147 189 284 160 111
15 17 131 36 116 16 46 135 300 146 161 184 74 156 80 287
36 69 183 293 203 282 208 2 67 104 263 13 187 241 188 7 43 140 237 132 119 43 279 49 158 100 231 264 88 140 241 171 68 129 278 107 58
33 111 242 269 175 40 117 214 200 249 170 236 191 108 211 160 34 16 150 136 64 225 207 181 180 119 182 152 89 6 22 42 26 302
41 107 277 293 213 257 177 305 68 133 135 15 239 237 198 204 20 82 248 23 239 227 100 139 52 301 204 187 267 257 40 145 147 29 261 73 13 283 301 256 39 122
30 31 136 110 59 92 16 14 284 139 258 295 164 185 260 228 184 149 249 207 196 24 89 191 281 210 104 126 17 290 35
44 250 171 294 156 56 19 162 55 136 140 99 46 135 217 257 197 36 33 79 287 43 243 220 278 117 37 196 207 147 200 170 9 284 83 290 102 34 252 152 296 13 4 89 16
16 220 114 67 121 159 267 304 191 181 111 46 269 109 59 253 109
32 287 150 183 281 98 256 306 197 105 197 175 235 281 232 104 133 23 100 13 13 96 139 210 287 156 175 179 23 276 78 121 257
43 233 55 111 217 181 246 200 41 4 70 243 160 86 55 210 124 16 14 22 191 306 99 307 192 169 37 87 192 190 144 168 22 242 108 219 64 79 164 18 180 99 94 178
37 278 240 27 177 301 162 105 189 182 162 48 216 44 139 271 3 264 139 280 223 17 11 129 300 292 112 145 280 163 256 258 155 211 162 132 127 269
40 91 206 124 248 221 276 280 166 227 46 194 204 137 162 77 260 270 149 83 251 176 301 61 250 158 121 31 43 253 39 275 54 162 166 117 203 267 208 110 264
23 271 96 127 289 57 73 253 2 206 52 257 138 73 188 51 135 248 143 257 130 101 208 42
35 144 174 97 302 209 6 182 134 56 136 90 70 28 151 273 211 223 14 78 62 72 165 191 170 152 193 94 246 230 294 240 132 35 147 298
14 55 287 172 231 255 94 111 249 262 14 51 15 215 260
11 260 245 69 33 285 29 236 46 207 294 138
37 235 65 227 160 260 4 86 280 74 303 249 232 165 191 257 285 168 213 283 26 42 223 148 27 92 2 171 28 79 134 20 284 11 274 175 85 138
48 174 247 280 191 118 273 196 270 70 4 102 198 123 282 104 24 190 72 78 75 271 307 283 57 179 99 217 136 152 41 195 202 33 149 150 83 299 23 284 169 207 225 73 114 248 294 177 162
46 60 120 23 12 29 276 54 177 58 143 289 267 133 77 216 230 201 52 265 109 268 31 80 188 206 8 100 292 13 130 51 254 276 127 98 299 107 167 267 161 114 52 67 299 157 114
15 134 256 240 21 89 259 275 17 183 5 211 217 241 258 269
48 82 205 223 114 112 187 264 146 293 83 33 87 275 46 294 218 35 86 113 17 34 215 188 224 209 6 199 2 306 149 1 19 18 190 91 93 16 168 143 69 272 54 163 251 99 65 125 160
43 255 40 279 156 239 202 142 203 197 121 94 101 50 226 108 89 24 64 294 257 22 192 159 38 230 14 245 248 121 85 234 224 47 15 306 115 63 294 261 108 289 201 225
43 297 119 270 92 222 32 185 28 18 2 148 87 126 137 56 60 302 67 10 35 59 247 224 114 160 47 3 193 280 285 128 138 179 253 99 6 220 239 242 180 150 241 182
4 260 236 297 25
45 200 306 239 31 251 26 39 235 248 144 245 203 64 113 240 306 283 41 23 44 22 30 202 272 219 209 282 281 8 112 249 176 154 115 185 291 244 239 173 148 237 230 76 30 246
6 177 270 245 298 202 50
34 89 301 64 253 164 17 126 147 293 15 306 174 248 186 32 168 210 209 58 202 83 277 286 58 73 272 241 89 171 257 305 228 48 157
43 76 86 238 2 117 240 262 229 155 168 129 132 2 45 31 62 182 4 175 292 52 290 236 134 105 7 175 169 70 92 211 35 292 230 99 186 18 45 281 19 55 259 32
33 25 291 205 182 76 276 17 150 33 72 16 223 23 66 220 157 103 218 289 154 131 180 104 209 91 70 41 146 290 15 20 238 137
5 234 9 168 224 254
47 103 252 75 210 212 155 97 65 63 257 44 83 56 190 46 169 95 195 193 125 73 16 162 291 173 92 294 263 112 249 21 160 244 191 88 238 192 2 194 170 215 260 287 246 99 144 41
48 257 88 51 15 192 102 13 298 3 249 205 94 15 289 95 13 214 155 173 218 200 96 117 85 86 238 266 46 117 104 4 211 285 224 81 295 226 166 171 24 16 286 243 26 92 77 154 34
45 218 23 160 97 123 66 116 181 71 163 150 275 34 68 129 96 29 5 192 255 14 306 178 47 168 238 94 220 216 285 191 291 279 280 64 41 197 235 207 205 159 154 251 260 32
50 182 284 70 27 288 154 116 112 229 150 287 193 72 238 165 169 238 124 86 280 175 174 56 93 229 86 272 89 85 291 238 78 291 76 108 215 10 300 193 155 266 72 102 70 117 280 86 4 97 172
23 84 30 94 148 68 175 184 148 218 117 36 123 182 120 19 245 123 283 299 229 154 295 25
35 272 146 22 220 250 102 1 231 217 159 99 262 114 181 70 202 168 30 287 115 27 155 77 131 185 144 17 282 139 97 138 34 25 240 54
15 158 109 158 19 62 138 98 267 158 88 151 139 57 106 267
27 221 274 60 29 127 43 62 143 50 282 296 159 139 239 57 77 98 110 244 304 98 161 69 189 23 23 216
36 265 219 89 105 229 155 163 21 123 73 168 296 11 300 261 186 228 164 192 238 103 20 160 266 128 65 214 33 162 180 257 181 272 247 74 97
34 302 235 264 226 143 253 269 9 187 11 73 110 153 140 204 57 292 30 298 244 277 234 69 62 129 45 80 129 204 147 101 269 189 88
10 136 48 203 73 195 240 78 41 272 247
31 127 253 298 100 176 199 2 100 264 268 179 184 235 54 227 113 278 177 45 221 166 267 109 67 11 292 147 278 51 69 235
17 232 171 116 7 78 89 249 125 258 179 13 208 215 272 76 43 122
8 105 55 124 34 232 152 228 102
15 267 240 23 130 113 106 226 244 176 49 289 36 245 68 166
21 69 56 257 103 253 138 105 63 88 63 276 16 234 41 27 160 88 270 266 301 255
5 217 243 201 292 195
5 174 197 70 33 118
13 57 164 120 125 91 42 151 237 82 172 192 296 202
30 151 257 269 54 77 161 293 15 282 42 216 121 185 107 67 158 157 201 296 216 239 304 132 23 206 23 15 183 171 132
11 51 126 63 1 76 89 235 174 96 35 55
19 120 273 153 65 301 104 298 183 11 135 80 235 194 273 297 256 184 159 12
35 132 228 256 90 250 291 91 212 120 136 138 184 188 124 186 149 198 148 108 45 287 57 28 151 33 160 296 170 187 205 51 305 172 52 165
23 273 292 222 208 121 68 188 244 39 88 258 298 61 241 98 248 127 100 42 184 213 80 120
50 28 197 205 30 153 253 160 264 172 93 290 47 174 171 258 150 26 229 238 5 180 270 202 105 58 92 134 22 103 90 83 196 182 74 148 305 7 222 208 306 169 48 14 79 78 181 39 275 146 119
2 197 296
34 215 47 160 217 40 56 200 283 189 177 7 200 161 126 128 184 20 90 198 88 120 212 229 221 296 8 16 166 271 252 141 300 77 89
19 151 283 213 286 89 134 180 39 298 284 135 54 188 172 96 92 86 270 68
32 231 247 111 33 30 261 134 151 37 152 109 89 272 136 175 91 246 288 125 19 206 130 300 114 27 266 270 191 120 22 99 48
47 215 34 101 255 244 270 210 127 65 116 83 297 159 215 253 87 196 233 46 141 218 159 34 262 107 132 49 306 100 2 20 227 123 18 174 267 58 277 84 6 193 48 77 119 57 96 79
17 96 32 156 170 23 55 184 191 148 195 116 46 34 229 117 203 228
6 259 78 108 46 21 290
41 301 272 248 292 297 89 249 105 150 135 149 221 120 222 235 19 173 152 82 211 134 101 10 303 2 31 114 227 139 130 231 303 139 42 175 213 83 145 221 64 148
11 164 56 118 289 21 180 209 179 176 106 289
35 193 21 94 267 44 101 227 207 226 50 35 228 83 105 92 259 97 262 66 258 152 165 24 27 213 284 17 300 146 63 160 89 250 62 80
12 15 21 183 217 16 125 15 117 230 46 51 237
32 307 26 248 156 221 242 48 76 303 44 226 287 70 40 188 146 267 202 211 272 36 189 159 86 234 164 28 304 302 231 123 164
38 63 26 80 237 239 275 14 155 41 262 283 25 176 228 120 28 166 57 172 278 305 124 209 276 85 306 246 225 171 107 270 192 185 37 157 248 35 290
15 115 301 3 215 269 173 258 190 266 273 23 197 9 305 174
9 69 288 139 129 101 302 59 305 140
40 300 180 299 260 109 220 223 7 123 24 181 94 204 26 82 4 255 96 233 21 71 16 14 57 153 124 34 281 212 43 285 291 30 37 47 10 166 13 35 306
21 93 218 172 164 38 169 94 93 223 14 1 190 53 215 124 55 290 270 136 223 28
50 196 122 118 91 66 96 101 155 3 153 14 31 10 101 246 210 48 170 162 156 145 299 37 207 40 73 139 168 224 288 295 7 66 65 100 3 244 246 195 64 219 18 180 68 2 230 281 237 34 35
48 176 214 73 201 82 101 145 267 194 198 143 274 62 120 171 230 77 158 208 15 187 156 161 133 277 208 54 69 161 194 188 184 13 6 299 126 104 184 278 240 65 115 244 265 235 13 140 245
18 124 139 69 11 94 38 108 119 203 113 232 236 178 15 272 301 97 235
4 212 33 84 99
31 193 111 252 24 56 116 165 125 46 66 164 111 182 47 163 307 33 94 164 108 191 34 232 38 70 150 286 247 196 249 137
45 140 30 264 222 58 77 6 235 139 188 110 176 184 268 221 254 231 138 139 268 276 157 113 230 185 289 279 2 256 81 273 276 61 40 255 206 36 293 158 189 69 187 126 188 101
41 20 147 305 11 156 199 299 230 7 142 239 158 255 9 277 52 201 12 121 166 143 109 258 216 58 20 184 73 147 278 120 206 5 258 206 276 68 179 274 142 221
23 117 74 169 291 288 180 35 75 83 228 55 150 215 224 94 207 210 252 108 307 16 146 168
22 189 126 49 38 290 144 214 75 191 119 190 122 292 124 87 45 15 251 217 247 198 242
41 295 60 80 114 35 198 150 115 157 17 156 256 14 235 291 58 93 210 112 257 50 216 285 8 266 174 191 164 6 212 182 234 181 262 219 157 238 125 41 305 69
46 279 302 210 117 174 233 147 37 193 237 170 94 300 41 80 207 186 160 278 24 57 281 45 298 284 254 101 131 164 87 152 39 96 92 108 187 223 26 157 272 196 197 52 113 251 234
1 248
12 272 176 232 109 219 59 281 223 11 247 99 71
32 191 162 53 99 64 71 173 87 90 96 301 150 305 251 136 27 233 229 117 81 247 100 290 186 288 282 215 300 141 118 170 56
50 223 147 190 95 138 279 239 164 110 83 219 262 126 225 179 53 195 294 113 69 237 265 150 33 117 69 87 203 211 22 4 40 290 67 231 148 146 307 139 298 121 233 10 79 255 198 279 272 305 38
1 67
31 115 68 15 253 156 12 276 8 258 177 222 127 198 153 157 166 132 151 183 9 139 104 62 293 31 161 119 283 151 166 25
22 196 170 72 122 204 20 58 46 113 293 295 307 173 35 197 283 184 245 113 186 147 136
33 86 168 210 84 164 97 218 146 233 71 14 79 32 103 307 22 137 288 288 74 95 71 97 259 200 270 37 94 236 217 266 91 71
21 26 59 229 171 28 285 78 48 251 301 111 218 161 2 236 137 231 81 29 89 43
11 147 251 226 196 254 229 223 164 193 97 10
18 176 78 215 1 133 159 198 64 289 151 30 2 131 197 64 108 119 108
46 123 66 44 53 89 137 253 287 275 171 128 204 84 69 141 99 155 98 62 180 236 233 259 32 290 280 252 170 182 49 139 223 82 85 1 191 105 295 215 21 218 72 94 48 264 249
10 20 145 254 274 296 23 30 239 147 301
8 84 306 284 61 280 6 1 31
8 236 10 57 238 17 200 164 227
6 273 142 291 292 195 138
20 125 87 76 192 125 182 182 196 260 79 175 259 242 144 74 250 285 207 4 144
41 165 169 232 17 165 53 303 174 281 224 228 92 251 165 136 181 108 131 249 32 155 163 197 131 280 250 247 303 46 259 53 281 94 193 16 180 46 223 169 197 243
12 239 189 240 166 80 295 304 121 262 293 264 3
28 26 201 164 162 195 247 160 303 251 29 279 128 232 149 141 175 250 249 173 113 242 63 263 272 288 105 25 215
22 205 87 27 154 239 172 86 26 28 298 179 179 179 80 160 198 106 30 17 181 2 83
16 231 146 49 36 287 242 100 28 306 263 249 153 247 181 134 62
39 268 98 138 198 109 128 42 216 257 241 54 122 36 166 261 132 254 57 203 208 157 114 67 279 183 255 98 68 157 153 65 11 216 147 208 206 51 185 69
6 209 59 191 218 4 202
23 110 59 234 240 263 126 305 95 213 259 115 47 258 87 231 186 286 100 85 216 10 113 9
19 212 231 156 111 57 131 83 241 18 238 205 303 242 196 61 304 46 246 92
48 123 95 162 26 207 272 238 74 22 169 136 181 95 28 117 252 91 66 300 64 136 26 72 229 168 56 163 148 83 182 197 232 247 210 53 35 70 168 191 136 59 95 251 21 55 64 207 18
38 106 185 164 28 23 220 91 169 107 108 300 14 131 134 260 211 67 6 281 181 198 187 66 199 154 232 206 50 122 276 200 55 148 113 115 288 72 242
1 18
13 57 239 149 119 2 196 103 252 10 140 215 21 161
25 119 50 296 133 51 274 39 157 254 45 52 132 298 81 244 147 29 120 176 29 268 296 67 264 88
19 302 130 13 225 187 2 12 216 253 114 222 203 159 88 258 65 221 30 126
45 17 10 243 75 173 158 266 94 269 48 161 178 92 111 220 25 127 212 146 291 47 264 46 117 202 171 225 55 113 232 70 169 119 66 72 33 4 118 114 196 31 262 193 219 249
47 166 110 6 254 265 221 271 258 297 126 126 271 269 127 8 257 98 283 51 39 88 127 255 276 156 9 30 145 12 293 301 114 147 262 120 8 255 81 203 279 142 120 203 283 283 139 132
46 261 298 3 245 133 302 256 60 122 120 296 54 67 77 254 23 77 31 237 39 61 262 60 267 51 241 262 127 179 80 29 289 254 305 114 293 158 304 299 153 267 69 52 80 254 140
32 184 304 113 20 305 31 265 113 234 114 62 120 157 296 107 42 143 61 60 278 263 208 302 227 3 216 88 156 9 69 153 40
19 106 242 101 62 249 217 56 122 1 252 231 103 56 272 141 69 127 135 289
22 187 248 278 269 206 244 82 73 187 199 80 301 120 187 289 3 188 120 145 237 130 135
42 144 290 85 300 86 220 125 136 136 211 243 232 181 95 155 48 38 35 196 102 118 260 307 212 200 288 162 152 175 27 210 228 89 55 55 232 223 272 44 34 149 200
50 122 102 16 215 270 169 275 292 221 81 31 290 133 100 34 214 88 257 18 56 117 135 227 92 187 82 304 202 176 64 255 4 185 209 191 78 261 13 181 39 225 271 250 74 16 286 266 45 136 157
2 66 270
32 139 89 242 42 101 129 123 79 281 100 293 81 230 86 53 298 74 102 3 159 292 250 155 206 65 292 38 239 265 60 90 179
40 176 120 198 218 240 207 191 180 83 30 29 75 70 35 148 273 76 269 104 189 83 154 6 127 177 212 92 81 44 282 70 2 92 156 136 174 131 101 104 140
49 177 237 285 194 66 290 42 103 106 75 28 304 306 59 27 272 165 227 35 171 167 133 305 96 273 302 205 259 185 90 232 125 139 164 218 221 93 3 250 33 273 72 174 66 241 183 84 22 244
21 16 100 27 224 167 23 19 124 141 284 304 202 249 53 261 54 91 131 83 176 168
23 89 91 307 272 243 4 162 266 218 89 220 294 300 152 281 71 205 91 175 32 195 79 108
46 159 279 23 54 305 158 145 45 42 226 157 128 231 11 109 101 43 77 213 15 171 268 135 12 225 234 60 143 278 177 9 305 100 11 304 147 158 157 279 292 68 293 42 135 54 88
14 302 293 9 151 166 296 240 6 11 7 237 198 121 273
50 236 14 10 16 79 186 72 31 37 307 245 89 266 24 220 200 41 103 288 92 254 102 242 197 168 238 188 148 196 93 88 305 223 57 38 275 12 268 166 192 105 125 286 251 306 284 165 162 32 227
49 184 33 23 262 184 284 82 133 306 19 235 109 233 2 64 158 113 264 65 177 160 3 50 76 247 191 18 205 304 264 7 300 99 74 281 12 103 252 230 259 288 182 140 48 172 217 42 103 230
47 297 69 66 260 298 106 29 44 37 33 281 42 150 226 121 217 190 257 228 151 170 213 175 247 194 1 28 23 31 176 218 211 45 296 180 154 67 197 239 275 67 231 58 119 72 274 4
5 262 298 125 5 73
3 237 187 132
19 26 106 113 286 12 228 293 291 194 2 64 161 93 23 200 52 104 109 52
1 167
48 163 108 155 4 148 91 94 34 38 103 155 17 79 300 34 170 300 196 174 27 211 131 306 32 291 152 228 35 200 202 270 247 200 200 275 89 34 125 144 105 307 154 207 251 134 46 280 211
27 253 42 222 129 126 43 305 221 8 237 206 179 206 298 184 145 257 276 208 42 262 176 253 194 179 127 188
49 148 253 53 253 58 273 231 227 129 175 17 198 256 118 293 107 262 9 138 246 171 18 253 102 130 255 264 303 288 92 158 135 252 251 19 304 189 114 194 186 39 189 172 178 296 155 295 284 304
13 243 287 34 75 8 77 184 113 299 275 237 80 63
12 30 154 45 150 213 275 212 90 144 85 294 272
20 291 162 24 102 84 53 170 178 285 200 272 249 131 56 281 92 117 174 285 275
35 242 259 281 91 72 55 299 222 225 250 237 34 284 48 125 265 292 98 261 281 266 65 223 243 209 44 175 258 72 109 297 16 140 269 252
27 241 29 54 188 128 269 189 208 267 183 273 276 299 302 255 271 77 213 23 139 23 101 12 8 100 2 267
32 96 129 248 132 25 292 293 257 189 183 109 139 30 128 153 159 81 3 297 98 7 225 139 88 263 203 198 109 88 239 101 241
49 228 137 34 42 245 215 117 86 116 94 125 213 273 186 141 240 208 59 307 205 55 259 179 135 174 43 181 156 118 28 58 121 58 278 35 127 250 39 303 265 205 259 242 71 170 13 166 106 254
29 222 225 61 254 292 156 110 45 179 241 39 198 239 60 3 133 295 264 274 204 227 265 297 96 142 132 23 127 226
10 210 168 109 144 220 101 182 95 295 1
12 297 264 176 114 46 241 65 290 111 287 224 129
20 51 129 88 231 153 132 166 230 237 8 227 183 183 304 151 295 179 292 11 88
12 229 22 290 232 37 169 238 272 155 278 125 86
45 108 226 89 264 180 111 197 177 250 145 236 71 197 302 125 274 244 263 109 38 200 293 119 12 57 97 273 230 84 98 50 59 230 92 269 255 268 38 91 264 36 174 13 89 4
18 57 108 99 232 210 97 105 136 192 73 217 11 79 159 81 89 110 197
17 290 148 302 289 192 42 125 150 126 125 54 34 104 44 271 126 206
49 246 275 193 84 164 87 232 136 175 219 210 252 202 210 105 105 168 1 70 195 136 223 190 191 152 168 28 89 84 99 196 86 195 238 125 275 149 28 175 247 280 162 260 197 108 193 105 35 33
46 239 15 227 36 119 19 245 214 187 216 171 153 6 187 29 278 101 49 51 100 51 19 115 269 187 73 293 161 120 156 52 120 264 305 11 278 256 245 257 255 183 158 106 292 222 273
50 22 76 288 53 281 134 55 173 64 26 10 197 116 191 193 164 192 181 266 169 118 207 108 14 195 281 173 83 232 190 124 83 78 190 303 91 38 307 33 270 105 125 37 24 123 4 48 134 202 259
27 139 115 13 40 127 132 161 145 283 12 143 302 222 184 13 73 265 133 235 30 187 189 73 138 198 98 302
48 28 109 125 190 45 196 286 82 48 183 231 142 52 37 121 10 130 264 28 192 300 228 177 252 258 141 176 230 104 107 90 217 1 282 272 47 36 95 19 112 105 35 13 109 100 213 117 34
49 39 83 234 290 211 119 196 181 157 209 186 207 98 238 83 67 193 182 205 31 10 207 96 52 285 175 146 150 303 133 170 238 110 244 19 56 38 286 2 165 201 58 127 205 261 47 135 238 71
43 293 124 114 21 54 219 153 140 217 100 127 284 306 285 236 131 99 85 18 98 46 112 279 260 207 1 178 251 48 14 35 307 228 277 209 125 182 184 252 276 32 180 192
11 149 192 211 16 85 10 260 30 214 110 169
18 94 22 190 18 266 83 200 63 141 306 290 78 196 59 103 182 285 218
29 50 204 124 189 43 276 305 173 264 126 74 42 271 224 214 242 54 113 3 119 56 160 200 8 87 304 199 37 267
7 50 130 96 264 9 187 43
50 46 52 160 21 108 185 69 103 260 27 41 95 63 208 306 236 181 158 286 178 18 55 255 135 216 266 161 64 92 217 177 91 58 146 119 247 186 294 166 281 79 210 169 22 17 33 175 278 44 75
20 252 28 34 85 164 27 306 220 263 132 99 255 254 104 300 21 87 249 90 147
44 120 291 254 307 122 25 213 110 222 203 4 188 111 170 10 186 201 260 176 280 23 295 154 236 169 302 224 45 47 162 285 120 49 43 56 108 40 146 51 73 297 224 301 79
36 105 120 287 44 206 123 52 223 265 3 94 236 156 307 219 189 162 127 112 165 33 178 140 97 163 113 34 275 241 21 92 182 201 32 42 16
19 208 133 25 254 68 278 188 295 177 296 140 295 216 253 230 9 198 5 129
11 5 270 70 89 9 162 226 131 172 238 49
2 146 180
16 234 10 24 244 253 250 51 10 218 254 148 226 199 252 107 294
17 230 305 39 84 79 83 88 277 179 54 174 303 294 57 178 195 159
36 207 85 55 241 87 234 93 63 275 168 289 175 40 67 263 59 187 220 269 266 85 163 145 260 180 71 94 191 143 305 235 307 80 265 196 195
37 14 48 140 57 108 64 264 266 74 126 89 94 170 282 217 303 305 27 143 247 117 226 165 290 245 47 70 177 122 192 83 224 175 207 100 46 229
44 149 34 295 51 117 63 204 232 130 209 224 247 201 255 18 181 160 282 260 149 6 129 235 16 15 262 197 144 239 30 74 240 214 49 294 84 15 241 218 209 249 72 37 293
22 69 22 108 274 62 296 171 152 268 8 85 141 25 35 134 304 24 26 20 300 165 137
16 155 301 289 189 38 280 17 26 100 164 262 258 35 48 108 83
27 143 188 81 140 151 206 147 184 54 100 13 184 208 69 65 68 110 263 25 145 276 176 119 120 256 52 278
43 236 208 15 306 64 16 257 84 122 197 61 258 21 113 256 239 37 260 205 306 264 167 166 55 37 132 202 208 43 29 269 137 190 165 102 55 97 296 277 62 300 77 121
41 179 273 248 54 151 142 276 147 201 240 273 257 267 201 36 245 110 297 241 43 39 110 3 225 184 143 245 129 100 213 282 176 255 221 292 3 214 237 227 204 143
27 94 19 66 137 131 302 195 142 125 70 74 281 280 89 85 3 284 255 38 68 152 47 16 285 30 178 44
39 4 83 194 32 175 255 179 248 199 305 51 184 196 295 81 3 99 248 228 307 155 121 43 124 153 305 262 205 262 96 144 48 108 108 57 165 85 230 112
3 131 85 207
16 215 157 213 272 129 131 301 75 280 205 264 190 295 225 185 120
26 113 80 299 199 241 29 248 296 226 58 3 157 203 114 292 128 203 237 68 39 225 62 194 58 235 145
33 136 127 17 304 234 263 223 77 142 84 218 165 56 25 287 101 237 291 217 22 3 162 307 266 172 181 297 301 38 54 169 25 204
41 282 8 157 213 6 114 298 282 39 185 262 67 143 295 183 52 114 248 253 81 176 185 301 25 271 15 6 142 234 15 31 8 43 19 80 31 261 254 289 241 213
12 274 51 30 50 171 119 121 187 133 254 255 156
27 83 259 88 17 23 1 8 131 93 127 87 297 101 34 291 199 138 192 64 259 43 109 225 107 146 96 140
40 159 298 194 282 58 225 142 140 261 265 204 176 254 234 171 151 268 244 147 244 304 20 77 226 198 167 23 15 15 157 127 222 153 299 23 104 7 230 161 184
25 265 54 91 175 20 291 260 52 250 236 175 31 296 215 299 102 48 112 223 280 225 201 290 20 32
23 22 35 113 66 82 153 212 282 118 171 151 297 194 210 192 255 151 63 26 181 20 110 89
40 10 105 46 144 46 243 286 284 56 123 170 236 28 95 205 27 63 182 108 137 35 242 75 205 266 266 218 72 287 173 281 17 86 35 134 24 118 232 24 154
46 23 151 229 272 170 12 154 188 191 292 155 253 84 173 57 169 144 227 1 215 301 305 140 277 38 164 221 37 120 192 149 101 129 304 252 94 205 299 285 91 85 87 251 286 242 202
10 173 167 250 30 49 271 284 234 59 134
35 21 134 63 241 49 71 99 291 27 47 182 248 254 17 244 294 279 117 149 196 288 175 45 192 10 22 232 289 262 41 306 300 5 46 94
13 45 205 251 51 5 102 265 168 213 169 90 176 54
43 77 35 248 159 179 299 25 283 136 28 276 273 149 63 182 245 157 242 174 54 35 267 231 130 68 192 307 243 178 158 82 300 227 145 72 148 116 65 185 154 168 34 206
22 67 127 252 83 144 224 211 150 26 102 303 42 301 64 85 225 5 153 181 304 232 60
41 44 4 271 307 16 158 138 220 207 246 5 113 107 229 9 137 273 112 215 88 148 291 111 53 234 267 218 77 285 236 188 202 250 81 199 227 124 226 197 286 295
16 248 176 132 203 206 51 81 68 198 25 98 277 183 278 15 203
27 255 278 230 29 3 7 36 189 153 52 261 9 62 235 129 9 77 19 139 62 127 42 184 20 305 239 65
39 5 293 126 201 100 29 23 20 135 268 185 5 65 278 278 268 269 96 77 80 129 231 109 201 115 271 40 156 114 126 183 51 208 269 298 128 157 126 263
13 118 286 26 220 93 123 174 236 191 163 291 76 90
9 91 301 48 70 218 83 137 277 113
38 167 148 23 191 262 278 210 42 168 266 115 216 76 14 120 132 79 139 66 169 2 165 199 165 253 90 34 142 78 240 152 95 30 164 20 136 175 147
14 17 247 292 274 298 45 226 236 265 85 85 288 194 49
33 10 28 168 131 286 287 223 27 64 196 112 90 280 102 66 112 63 192 294 259 97 152 250 28 124 247 4 284 16 217 275 242 191
11 287 34 259 107 303 40 49 10 86 48 299
16 233 131 48 280 186 113 123 134 55 18 223 165 78 17 255 107
16 44 118 217 41 243 52 303 103 116 262 124 46 134 110 289 81
40 196 10 195 90 148 294 134 17 252 95 233 66 26 144 46 169 246 150 180 34 163 59 306 18 195 105 193 66 212 123 93 99 66 280 233 14 209 190 247 281
34 280 1 211 47 247 242 159 228 285 64 165 93 131 115 252 74 18 112 246 192 71 37 49 250 294 6 180 200 28 83 289 199 23 146
46 5 26 292 163 159 207 225 83 224 31 288 291 134 155 284 131 27 161 304 249 270 108 69 119 232 141 186 46 6 74 137 18 243 226 89 82 154 295 48 213 285 204 182 117 55 166
31 32 270 306 76 72 76 83 123 32 79 26 224 124 1 181 307 63 197 4 191 21 186 229 79 125 144 180 10 89 72 38
6 191 215 116 14 27 86
