142
116 18
128 37
115 64
49 91
89 88
3 117
128 41
136 93
113 112
47 124
79 97
100 142
2 103
138 9
59 112
29 108
103 44
6 75
142 52
45 29
126 18
34 139
85 100
85 112
68 84
20 100
68 73
12 29
10 94
47 96
118 84
60 140
101 123
130 26
124 120
104 119
70 73
44 3
46 79
1 64
139 82
127 44
38 71
3 67
59 15
1 74
84 43
138 95
23 108
76 112
124 49
114 46
28 32
64 42
66 8
6 65
128 110
48 1
7 107
109 85
133 100
55 39
91 46
90 68
76 60
46 69
38 85
103 17
38 66
119 41
46 19
111 30
141 45
137 105
89 13
66 138
114 111
21 141
126 54
33 127
50 91
16 115
121 14
24 4
134 123
66 29
57 39
7 31
49 26
125 78
80 125
85 41
105 124
87 6
135 79
122 123
29 5
62 22
80 36
35 59
120 134
76 11
56 34
18 58
73 6
98 100
68 124
46 88
63 1
51 94
60 99
44 134
25 66
73 28
27 12
119 106
40 79
132 108
55 29
17 77
126 49
9 102
56 61
131 20
9 24
5 56
81 80
30 92
80 123
72 36
34 51
115 7
120 66
93 120
83 60
86 142
25 129
62 38
49 64
101 53
14 111
918
26 94 24 104 126 76 138 59 42 3 96 85 71 98 81 41 131 68 108 100 120 27 112 103 34 101 56
21 33 133 130 74 63 50 95 136 31 113 11 21 135 78 15 106 21 130 15 48 106
29 90 94 44 141 59 135 79 43 22 23 34 96 114 121 43 47 55 47 95 121 7 58 52 120 41 55 6 35 58
38 31 47 123 32 105 141 39 68 36 101 17 41 117 44 73 51 62 67 91 100 24 1 119 76 94 22 26 135 9 97 49 102 83 89 15 59 127 25
12 116 70 74 4 121 86 92 97 65 4 113 136
47 87 116 24 142 125 4 68 104 9 134 93 8 10 98 41 101 21 35 78 55 71 23 52 15 106 38 103 7 25 88 121 127 18 102 27 29 12 92 85 80 59 124 14 110 26 1 82
1 94
13 38 101 123 44 1 42 96 64 129 139 33 56 60
26 135 22 97 4 22 140 23 106 65 40 135 95 69 42 54 52 21 90 136 132 78 2 11 35 40 140
43 6 7 66 44 112 38 14 126 123 17 55 73 7 103 44 138 14 18 115 49 85 134 6 41 108 60 18 49 85 24 85 26 3 30 34 59 127 94 126 128 127 93 142
47 57 72 140 19 32 50 48 50 37 99 57 131 13 136 97 63 113 118 16 22 75 32 10 122 83 21 54 15 74 97 43 83 70 11 117 33 11 53 109 67 22 131 71 132 2 67 27
15 40 76 49 84 3 8 113 119 57 20 24 116 129 97 141
49 62 73 125 114 72 18 41 7 119 115 135 33 36 89 29 19 93 130 28 103 76 6 134 46 113 17 92 65 120 59 80 91 55 39 98 133 37 34 108 112 124 51 5 85 136 63 127 126 38
40 48 77 78 99 11 21 81 100 103 71 69 8 23 79 56 21 74 21 30 140 25 105 80 38 41 55 75 122 104 76 1 54 90 105 40 56 19 23 123 76
50 47 116 18 49 33 103 54 117 92 3 90 108 116 14 49 52 79 101 88 33 67 48 103 128 141 85 75 63 55 43 79 12 138 58 96 83 50 13 22 139 114 106 58 103 48 114 129 23 132 88
42 138 32 103 42 94 76 57 129 128 124 13 84 59 27 88 104 99 116 66 126 110 95 36 126 129 77 103 138 72 115 12 25 59 107 98 94 118 46 139 2 112 71
39 78 61 75 86 98 98 31 131 58 95 87 57 8 97 52 72 90 97 140 70 83 71 109 16 104 10 110 82 52 40 69 71 96 102 110 135 43 83 78
4 133 115 62 86
16 18 76 7 54 34 87 125 103 42 12 17 59 115 91 88 69
46 21 10 106 14 106 8 101 115 71 88 74 74 125 33 94 121 33 140 62 65 100 17 138 83 98 118 9 89 36 126 23 142 19 77 136 130 112 137 119 14 140 32 53 63 27 107
6 53 55 79 29 78 64
22 142 123 18 10 29 32 57 120 67 59 8 1 17 67 25 119 81 115 19 28 31 3
24 18 140 133 136 87 108 9 5 133 5 77 111 23 79 105 137 101 21 120 138 24 48 98 5
11 118 90 42 13 90 2 129 95 38 136 59
4 49 116 105 137
30 44 3 40 30 22 58 17 60 10 7 113 73 56 61 28 24 26 106 75 115 142 4 46 64 108 59 121 67 125 21
45 97 58 81 95 135 131 135 116 40 71 57 133 54 81 77 13 77 140 106 53 54 137 122 99 107 132 15 32 50 57 116 97 137 90 136 32 58 136 132 86 98 90 75 37 23
38 106 22 49 142 109 88 27 50 8 80 24 51 71 84 73 55 120 43 74 23 128 95 126 52 16 112 139 138 1 26 100 68 91 56 141 123 77 127
5 75 3 20 28 39
47 20 108 1 75 62 45 96 47 37 51 19 39 40 100 43 94 105 102 109 7 80 114 18 25 36 101 113 55 11 2 17 87 90 34 111 42 73 9 115 67 123 30 59 10 142 14 134
29 41 64 56 125 88 142 4 39 84 1 70 12 100 89 139 127 47 63 120 116 58 122 25 77 49 114 78 135 46
47 19 69 17 110 140 134 86 4 73 116 30 37 118 68 84 112 89 17 55 14 82 46 54 78 32 103 13 37 58 106 102 134 46 95 43 138 8 32 100 116 139 82 131 23 28 32 65
49 89 29 121 120 17 45 22 80 98 71 46 124 47 132 41 64 101 123 14 55 36 9 138 118 34 72 26 128 73 51 93 117 105 62 141 108 103 21 43 31 136 112 79 66 37 68 24 30 28
35 63 99 92 91 47 82 99 81 20 30 7 16 112 84 26 101 30 62 39 48 39 1 57 121 70 50 4 36 137 92 15 9 97 106 119
45 55 123 85 80 36 45 128 123 120 76 49 46 120 9 84 62 44 55 34 34 142 34 120 141 125 93 85 14 124 105 20 29 112 114 120 68 12 45 49 127 89 44 49 46 115
33 128 111 76 36 52 4 80 121 89 24 12 97 137 57 26 38 93 129 123 23 60 142 71 103 17 83 46 114 109 39 2 18 84
15 2 71 8 19 102 90 107 61 121 8 2 8 132 136 130
38 136 42 121 122 31 109 35 92 43 19 77 90 69 61 137 92 109 50 137 90 67 37 42 83 74 113 40 75 135 33 140 87 116 43 21 15 81 135
50 104 35 135 15 89 28 42 56 96 11 84 35 78 52 92 108 30 117 23 109 39 118 11 59 95 66 14 110 104 76 108 1 65 76 43 107 132 51 135 108 121 33 121 62 88 53 64 51 15 33
48 122 16 100 84 100 70 139 24 47 81 113 120 54 43 78 131 117 79 123 112 24 60 22 19 49 80 141 29 57 92 50 94 111 104 36 84 106 9 25 96 99 88 31 111 31 5 126 99
4 142 14 121 25
18 15 30 127 116 141 141 4 44 130 16 41 39 36 73 137 46 67 50
13 80 36 139 141 55 7 17 39 3 125 3 141 66
10 98 19 92 90 140 22 86 131 50 121
9 140 7 16 40 92 123 116 123 37
27 76 82 102 52 18 96 25 57 27 56 5 90 71 41 136 46 64 7 50 93 106 108 71 1 8 31 134
10 64 97 118 115 105 25 1 22 114 13
42 126 132 16 36 65 134 21 110 117 111 117 28 134 73 68 9 100 85 16 119 49 98 95 1 76 81 116 133 121 52 80 82 52 29 123 127 102 136 74 134 133 32
31 33 48 70 107 133 137 90 15 67 99 69 52 19 99 117 13 122 106 58 118 11 140 90 106 82 107 116 13 96 102 63
22 80 79 44 46 80 51 101 138 89 80 79 126 49 142 34 51 76 20 39 17 142 88
6 124 137 59 135 29 10
14 73 2 11 63 13 42 59 31 76 68 130 107 90 69
25 100 75 102 24 92 124 15 4 61 45 108 111 54 78 40 90 39 19 50 116 40 104 140 122 25
35 106 80 20 105 73 64 125 93 40 12 60 94 51 137 76 101 119 107 126 19 42 3 142 15 138 29 68 82 100 114 33 30 66 59 91
23 95 15 40 58 58 21 129 129 130 31 50 136 106 137 87 15 69 8 96 129 77 78 106
12 87 45 107 141 109 63 42 67 124 14 108 77
47 56 89 38 39 17 89 49 55 94 126 18 84 73 108 46 93 108 115 34 125 142 5 51 18 29 80 139 3 115 88 14 18 115 60 38 138 20 105 120 85 20 56 112 114 28 124 84
35 49 103 131 35 45 32 111 34 92 70 82 94 84 2 133 127 58 3 48 126 81 9 97 8 46 16 111 73 31 28 45 88 48 23 129
10 138 68 24 45 18 100 141 96 59 16
44 48 112 12 87 55 58 113 15 68 33 26 74 32 88 123 56 111 94 125 90 35 72 131 31 65 79 61 116 105 63 108 17 122 78 60 91 36 67 92 127 9 103 45 16
34 45 67 136 57 22 106 21 132 136 121 41 55 111 70 121 83 57 104 116 95 61 6 38 100 39 19 4 33 34 30 138 12 62 139
10 83 40 91 78 62 64 113 30 6 99
47 44 94 126 5 87 52 33 78 111 123 66 25 97 134 105 69 120 59 51 6 137 127 12 62 71 104 7 108 115 125 54 85 138 16 93 18 41 72 19 24 49 79 68 32 30 76 40
5 29 76 121 50 52
19 120 57 19 131 84 67 84 106 16 101 113 85 130 33 52 66 82 23 114
41 112 33 23 67 50 93 116 62 125 90 8 12 73 140 74 16 3 108 13 104 76 98 22 17 2 115 20 31 34 15 9 108 85 22 5 95 48 48 37 62 29
33 48 3 46 23 120 71 58 100 39 58 65 113 40 139 50 61 13 50 109 142 76 25 109 16 110 88 51 126 1 7 22 18 97
34 81 68 60 127 74 13 117 61 18 78 119 124 90 111 110 37 111 65 62 116 111 27 1 92 134 8 20 94 88 57 16 91 131 75
39 20 114 41 141 68 29 20 45 45 45 68 45 26 46 59 29 112 7 36 125 127 128 128 38 68 138 59 108 79 12 119 47 76 119 7 79 84 94 94
47 85 97 4 48 27 62 47 118 100 97 20 28 19 77 90 60 49 52 45 127 136 138 23 121 79 56 109 125 39 124 91 81 132 41 59 27 80 95 35 118 100 59 137 31 114 15 94
19 15 104 89 108 25 105 72 85 137 41 17 68 88 124 62 110 102 55 69
20 18 78 57 70 112 137 99 119 128 124 6 96 133 39 35 84 17 73 56 10
50 35 137 82 75 54 99 86 132 122 21 27 8 35 81 77 67 27 71 69 129 67 109 22 131 52 23 11 15 96 137 16 75 13 121 90 95 70 117 63 82 43 117 75 106 136 48 22 70 77 122
43 114 133 47 132 12 52 51 95 98 112 37 75 108 127 12 136 104 113 77 141 27 110 136 32 135 14 78 102 118 141 131 115 21 100 115 135 33 17 83 96 37 99 56
6 124 41 125 136 4 4
43 57 37 27 65 53 4 81 11 15 67 122 99 140 70 11 135 129 35 71 27 57 37 118 11 135 117 2 97 133 63 99 118 140 40 121 97 75 65 122 135 140 54 99
24 87 78 108 128 50 21 93 132 20 91 90 131 59 19 20 49 108 5 66 100 125 18 47 98
39 77 4 81 40 31 129 132 98 130 116 8 133 110 109 63 98 65 57 63 16 121 136 82 87 133 92 117 22 129 131 8 109 61 78 132 42 121 71 117
32 102 2 77 82 140 110 22 99 42 129 74 99 69 22 77 106 4 92 63 98 97 43 54 113 54 2 86 83 67 13 75 83
39 19 38 60 22 12 11 69 114 5 59 25 112 85 76 36 56 48 2 121 102 44 137 88 136 89 15 128 93 101 1 64 66 27 71 41 75 86 51 55
7 18 98 91 8 36 129 117
43 118 17 90 126 26 130 12 79 125 33 40 29 115 119 127 28 62 14 124 92 49 46 138 136 84 45 101 2 5 75 97 47 93 18 24 60 111 89 59 9 134 129 3
34 29 125 118 76 85 106 106 123 16 43 125 96 124 93 32 70 117 137 113 18 120 132 61 1 98 137 69 123 105 95 110 92 29 18
12 89 126 5 46 63 82 51 41 37 43 40 46
4 112 53 67 8
16 48 114 99 84 37 23 24 31 79 104 56 14 107 86 66 20
2 67 49
19 119 141 60 108 120 112 1 70 35 71 118 49 125 46 47 128 41 87 110
8 85 100 123 119 54 5 126 117
32 138 1 80 25 26 85 94 101 111 51 12 36 120 26 29 85 85 38 39 88 120 62 93 14 139 80 59 138 3 59 30 115
40 66 123 45 49 80 111 41 91 5 7 29 39 17 78 101 2 134 34 1 37 93 120 20 128 127 56 81 64 105 115 94 14 38 85 44 133 46 125 53 68
10 124 46 63 64 105 9 126 5 16 119
25 3 142 118 91 24 10 1 85 107 118 31 13 66 98 34 97 94 129 134 125 101 122 111 115 115
18 62 18 139 10 13 72 9 41 6 3 98 93 128 56 34 99 114 7
17 18 29 56 24 55 120 45 108 56 139 7 68 94 128 80 88 108
36 9 94 38 14 34 47 20 9 142 47 51 66 85 105 46 25 88 84 139 49 7 93 56 62 142 36 20 88 34 62 1 39 30 51 12 39
37 112 112 81 95 63 40 104 2 83 142 127 72 57 140 40 58 126 16 7 50 93 123 129 89 15 25 15 51 98 66 50 109 131 26 67 28 35
5 50 59 93 28 73
39 87 100 37 96 47 26 57 137 104 12 25 106 17 34 74 17 84 63 142 46 77 79 30 72 133 60 130 69 91 89 81 95 38 24 50 118 16 26 106
38 124 28 44 41 12 49 67 123 32 56 137 52 69 78 115 39 114 25 1 125 16 138 72 101 75 45 68 46 64 30 47 51 119 57 81 108 120 103
19 106 72 50 8 74 104 63 63 70 110 70 40 10 53 130 27 87 102 122
39 129 8 81 98 22 43 31 19 70 11 11 86 57 109 53 110 131 58 61 63 135 70 65 61 71 113 11 129 69 35 42 43 43 98 71 70 104 19 65
22 33 38 52 55 38 135 29 142 17 67 6 78 105 46 72 62 96 80 91 13 43 39
24 51 66 59 31 102 103 42 46 87 108 29 23 112 33 141 131 76 84 24 45 14 126 34 118
9 24 126 80 60 134 72 54 29 32
11 125 89 3 24 44 112 62 39 127 39 6
18 116 16 31 81 77 107 137 22 43 122 58 23 87 99 42 50 11 71
23 137 109 40 137 83 104 63 135 117 110 107 67 8 135 129 4 50 2 74 137 133 136 136
16 76 91 47 11 60 12 122 50 58 93 139 92 101 131 81 13
44 53 31 107 23 50 52 58 10 108 98 27 19 115 87 51 41 31 44 42 95 101 100 81 66 135 61 15 45 102 44 109 141 8 33 78 38 88 44 42 132 117 12 32 122
6 69 117 128 27 75 72
8 86 95 50 57 78 113 27 63
48 25 59 67 82 86 27 24 68 112 69 93 15 21 110 25 7 105 2 128 51 29 87 19 28 132 29 95 6 13 110 36 44 72 43 90 67 29 29 120 134 67 93 84 61 90 37 57 125
28 27 77 27 27 110 131 107 43 27 57 75 67 15 58 132 83 81 87 106 52 107 77 86 133 21 122 99 42
31 50 32 50 132 14 33 47 82 78 14 2 70 61 111 88 116 79 29 142 79 40 103 135 121 126 117 29 67 12 22 125
38 100 100 88 45 79 34 123 14 114 105 84 127 112 49 139 85 76 76 126 17 93 9 38 120 73 36 111 47 89 73 125 34 84 66 138 3 103 68
12 130 96 10 74 98 57 83 32 82 70 121 65
14 114 110 113 84 118 7 36 98 36 77 6 2 29 14
3 31 12 30
13 121 31 81 98 135 2 132 117 19 19 83 74 65
2 86 24
49 66 12 108 114 76 34 115 125 139 80 128 7 124 126 115 25 64 126 89 20 45 1 56 59 141 49 7 76 124 108 125 1 39 108 103 103 123 49 103 91 45 46 80 88 38 17 26 115 62
22 13 35 82 11 133 131 121 106 77 92 110 69 86 95 113 69 67 81 104 11 77 86
30 23 41 127 22 33 15 33 129 99 47 11 76 11 73 63 110 64 91 67 112 27 71 141 94 70 67 135 67 95 3
48 8 101 116 3 55 48 43 56 72 52 135 61 118 91 107 9 25 54 58 38 24 71 56 48 95 42 110 31 136 19 98 42 46 23 102 11 40 98 72 11 32 37 41 101 36 43 24 89
44 127 93 68 111 114 62 128 18 141 115 1 91 59 46 94 30 84 120 68 142 89 111 60 24 38 101 9 114 59 55 3 134 14 142 7 17 91 60 24 62 123 100 114 12
4 93 128 53 88
6 30 99 84 89 105 16
24 32 11 130 81 96 117 67 53 132 52 19 16 43 63 131 113 61 90 109 86 122 97 90 113
4 1 41 46 49
29 140 14 57 84 61 96 12 29 128 9 1 55 45 118 8 58 76 62 7 74 51 125 18 47 24 126 60 142 112
4 65 61 118 4
27 97 2 53 86 107 132 52 133 133 11 58 96 37 83 116 129 137 81 31 74 81 13 32 110 52 109 32
36 73 57 98 134 106 56 23 27 46 66 71 63 58 92 97 97 111 107 49 39 107 61 93 118 140 66 30 62 70 2 60 85 137 115 105 131
2 131 11
50 43 90 11 48 107 121 81 72 92 95 110 35 52 129 23 40 33 106 37 70 110 50 40 121 69 83 37 54 81 90 110 67 136 65 37 72 102 43 140 40 74 22 74 58 61 53 86 113 99 65
34 51 66 82 99 141 24 52 68 14 135 122 9 110 40 123 116 54 119 113 92 55 27 61 54 31 86 129 93 56 135 25 16 20 93
4 57 40 74 43
43 4 90 11 130 92 104 40 33 117 113 81 42 136 67 77 75 110 92 4 23 97 109 78 35 86 23 15 122 113 81 11 121 23 8 11 57 135 42 74 137 2 13 110
44 61 40 68 35 38 33 47 19 11 79 84 79 134 56 10 84 81 112 129 28 134 76 66 85 68 49 3 49 116 83 73 84 105 114 53 106 72 68 110 115 80 50 56 127
6 82 138 30 67 31 7
41 12 115 84 28 30 91 112 84 138 17 94 46 1 85 139 39 5 39 41 49 46 44 114 142 46 34 112 105 59 103 46 56 59 89 51 51 115 3 141 94 125
28 122 92 141 118 142 54 11 135 29 94 44 115 123 131 141 41 69 24 114 46 43 85 119 101 40 45 19 91
19 18 45 2 85 49 47 5 32 80 102 8 98 103 125 60 30 44 59 112
16 141 79 138 24 44 3 64 20 6 76 142 124 18 47 56 79
47 29 36 84 116 64 50 67 126 101 68 83 135 45 74 91 66 3 15 62 14 136 10 115 108 33 120 89 89 128 89 93 71 105 108 74 30 128 73 12 137 86 25 17 117 60 87 97
22 62 105 60 74 96 55 8 36 1 48 30 54 36 20 4 68 11 86 102 4 65 96
42 74 50 7 125 6 46 32 40 80 26 124 69 134 49 115 58 12 28 66 3 17 45 21 64 34 75 14 100 117 84 132 20 4 120 123 43 94 81 41 93 33 133
25 57 84 70 13 9 93 134 17 103 32 119 125 101 3 28 113 92 18 4 15 127 10 55 133 58
35 70 70 102 122 121 97 16 136 140 98 137 43 96 116 136 4 54 52 96 97 74 137 42 8 95 54 110 110 137 130 11 97 87 133 116
12 29 73 59 127 139 100 17 25 112 25 6 115
20 16 58 96 84 130 15 76 128 23 92 105 125 49 94 50 117 79 7 132 20
26 126 80 91 32 85 46 119 87 77 112 41 8 49 24 44 73 84 128 28 88 83 40 127 93 123 13
1 18
20 21 113 11 16 104 32 16 117 72 108 64 70 22 64 35 66 84 66 88 135
4 125 25 93 73
13 120 42 13 34 4 63 122 98 118 53 96 92 28
1 36
17 50 42 130 35 102 70 49 110 82 113 41 140 90 82 79 1 130
30 96 3 73 35 97 79 105 62 94 54 84 49 45 57 97 47 106 104 115 114 132 55 57 116 60 128 72 20 27 108
35 90 130 54 113 52 43 78 13 129 82 71 77 136 130 32 92 129 82 58 99 70 57 95 102 136 140 96 2 83 69 67 106 40 50 8
27 85 79 76 74 41 31 132 131 141 35 51 117 6 25 54 81 73 136 24 84 115 101 9 64 124 26 34
18 93 57 10 87 76 27 41 63 84 128 10 32 92 63 122 9 3 135
25 14 124 124 120 59 17 120 36 47 91 36 49 51 80 46 112 3 36 111 108 73 139 45 36 44
38 44 17 21 4 108 114 67 52 128 92 83 35 76 87 48 74 60 29 90 128 100 57 22 38 53 110 32 124 99 141 90 74 87 100 60 93 88 104
33 102 83 90 86 57 37 140 131 104 35 133 99 97 31 110 71 140 42 15 65 83 23 33 11 42 107 104 61 32 10 137 90 22
18 135 60 46 111 109 90 26 15 38 82 35 58 14 90 73 131 104 107
17 118 112 101 73 30 4 26 54 62 15 27 123 30 108 16 104 60
15 17 103 7 100 28 73 68 51 46 120 88 103 66 45 134
37 40 60 110 4 140 41 49 34 20 126 38 92 120 45 131 68 36 132 27 64 28 99 94 24 96 93 137 9 12 123 31 108 138 1 136 16 141
47 132 118 75 87 10 63 117 140 106 48 99 54 16 96 130 21 77 92 27 16 61 27 72 78 77 113 78 110 129 35 13 32 23 102 67 50 95 48 40 19 32 15 109 96 131 135 116
30 128 3 20 18 30 9 68 55 91 55 100 142 127 51 93 36 134 3 84 108 84 124 29 101 142 111 28 89 34 120
6 60 7 112 56 126 76
10 108 57 82 64 40 77 27 55 35 55
25 111 126 73 120 123 25 116 107 5 141 142 132 68 142 41 117 121 15 95 61 23 61 4 16 12
39 101 82 77 51 113 35 111 54 56 24 103 46 44 61 134 6 31 97 125 26 108 128 7 99 117 69 76 138 85 19 34 89 127 62 45 74 112 38 20
25 122 113 72 31 136 104 116 53 42 40 135 72 92 16 69 86 96 21 8 99 10 13 74 74 97
27 22 83 104 107 102 113 19 2 140 61 106 78 130 50 82 52 23 42 48 10 136 87 35 106 140 65 132
40 123 40 137 60 133 11 79 2 134 107 21 71 141 57 120 142 139 32 82 111 15 8 103 35 46 31 119 42 141 136 4 54 118 66 41 121 31 132 133 80
33 21 71 5 59 133 66 119 90 74 132 21 89 46 62 53 96 142 45 136 22 28 127 69 8 19 45 95 29 63 18 104 34 66
18 32 48 17 109 141 59 73 116 105 119 85 6 29 134 93 111 104 28
21 47 66 60 34 38 66 125 60 44 114 56 56 88 115 119 114 79 124 125 28 55
19 109 102 86 137 139 117 86 78 97 100 6 54 140 21 80 99 38 7 135
14 104 19 78 57 81 92 122 118 92 72 37 16 71 13
40 68 112 49 88 45 36 62 123 114 68 5 36 73 26 45 108 17 93 127 108 47 36 39 45 6 126 60 126 3 51 94 142 49 55 3 1 38 68 93 20
22 139 91 64 114 128 7 51 79 59 44 103 93 17 115 119 79 93 38 46 128 62 80
37 41 73 9 3 103 68 49 73 85 142 9 141 108 7 26 64 28 139 56 18 55 101 51 12 3 108 139 64 141 62 125 88 141 3 127 60 85
42 38 94 125 44 111 125 7 20 64 126 73 44 26 66 60 3 66 59 125 7 112 73 142 93 60 25 55 56 64 139 73 115 101 142 100 29 142 17 101 56 123 20
15 33 47 22 104 17 127 137 60 102 35 91 1 84 60 29
32 24 48 3 105 25 13 73 62 4 55 12 30 74 44 68 66 97 14 23 76 36 93 1 94 26 120 88 85 126 56 89 78
41 47 20 39 66 60 59 47 76 141 55 91 94 20 34 88 126 6 39 34 5 84 100 124 44 100 115 41 46 127 25 55 38 51 9 62 91 44 45 28 134 38
12 8 89 140 9 33 2 140 142 63 107 130 97
43 41 2 91 69 136 2 94 48 21 61 132 28 105 110 54 33 115 134 12 13 115 115 127 106 41 87 30 68 59 35 50 139 27 61 141 92 71 12 117 133 109 122 68
5 50 13 90 104 53
5 142 38 44 93 85
10 105 94 12 136 74 26 79 42 7 124
9 63 128 59 70 89 124 140 121 20
6 49 10 65 97 72 113
23 124 128 89 51 100 139 9 141 123 80 127 100 41 88 20 139 123 64 25 127 126 119 49
36 63 37 63 110 137 53 136 109 67 106 69 61 23 81 87 72 140 116 129 95 140 63 69 23 117 21 95 2 31 117 27 96 21 117 31 65
6 23 126 103 19 39 126
4 84 96 68 44
37 142 54 98 74 51 50 93 125 12 124 140 125 11 115 53 140 44 136 27 52 114 68 77 109 61 27 47 35 119 41 83 118 24 130 44 27 41
49 61 140 23 50 42 96 106 102 74 63 4 131 86 19 74 102 72 86 71 104 130 129 33 27 96 129 54 65 67 95 102 122 96 97 122 118 130 10 82 27 71 102 82 35 77 32 78 71 98
49 82 26 24 80 67 98 40 1 119 108 101 18 73 49 68 46 85 91 4 79 43 112 120 105 66 28 93 133 22 25 123 48 56 115 62 19 52 41 127 125 36 118 27 14 126 5 103 114 47
29 111 36 88 115 105 68 25 39 138 9 80 18 112 44 62 68 17 68 44 125 39 128 44 76 18 20 88 6 126
42 27 103 77 21 89 7 116 96 31 44 124 18 68 101 127 10 69 140 93 9 56 91 1 80 60 38 105 128 125 87 32 55 130 39 134 40 136 115 36 3 73 84
44 16 63 87 65 2 102 82 11 16 92 87 72 137 58 54 96 116 37 35 82 110 70 104 87 130 71 61 32 53 16 140 77 54 121 129 48 43 90 107 57 35 87 121 11
30 116 35 101 84 97 89 54 30 139 100 68 39 10 96 69 20 43 141 28 79 17 5 127 49 136 115 23 67 103 42
9 131 104 13 132 136 121 129 106 96
14 17 79 108 103 1 30 100 44 108 103 101 139 49 80
30 9 1 95 140 111 100 18 138 30 24 124 120 49 45 33 63 7 39 101 106 136 123 82 115 42 21 10 53 6 72
45 140 75 21 2 37 40 33 40 10 82 137 35 11 53 57 74 23 40 104 107 95 135 15 13 71 87 92 50 31 96 92 50 22 50 74 58 35 107 86 83 54 10 96 109 21
8 129 77 27 58 133 48 8 113
39 136 137 48 42 31 81 78 52 133 31 109 102 98 72 77 136 65 117 96 37 106 65 121 67 92 43 81 87 61 92 97 83 117 92 31 130 140 92 31
9 49 126 64 28 56 84 46 6 17
12 34 115 113 75 104 34 70 12 30 74 13 90
18 108 130 99 66 44 121 74 75 112 103 25 44 107 126 71 21 66 123
42 35 117 125 132 90 11 16 139 135 67 4 5 16 112 78 79 116 137 1 137 21 100 22 18 103 67 30 27 40 41 73 131 17 13 69 105 52 30 65 1 92 77
6 64 41 48 102 85 18
18 14 107 75 30 58 120 26 126 123 8 39 57 29 77 13 78 111 117
37 113 37 109 52 97 53 112 16 85 126 12 70 81 52 78 43 57 127 50 11 91 8 7 67 63 114 66 77 64 117 137 94 137 7 101 103 87
50 136 19 2 130 82 61 107 74 116 61 37 137 32 32 10 33 53 11 4 54 78 96 57 42 71 87 27 21 15 116 15 122 82 92 113 83 129 35 43 50 23 133 137 86 72 58 77 106 67 122
1 112
46 122 65 27 87 54 121 117 92 43 82 48 133 58 86 61 98 110 16 96 117 63 132 96 53 21 74 2 98 121 102 50 87 135 109 109 54 2 4 57 63 102 23 72 118 72 53
27 43 118 132 53 78 131 136 69 10 4 82 78 96 52 99 53 65 107 95 35 90 69 53 107 136 87 137
24 38 34 29 46 3 79 73 55 45 24 7 79 44 120 103 120 59 39 100 30 119 1 139 89
13 84 68 112 84 3 14 36 79 59 62 3 49 80
34 136 53 132 39 16 55 99 92 42 24 61 68 115 52 115 135 9 49 74 11 41 34 59 100 42 83 91 52 23 2 35 112 47 9
11 89 78 113 141 63 124 133 31 30 111 10
40 19 29 48 26 70 83 1 14 92 81 108 86 41 56 34 130 71 46 54 44 111 33 112 62 1 100 102 58 84 26 101 107 32 110 22 8 130 93 43 47
11 10 139 10 113 88 82 60 3 100 66 94
37 139 71 33 127 74 142 24 69 1 102 131 89 23 42 138 125 32 29 94 128 43 108 55 5 141 63 49 110 81 126 84 45 53 112 39 91 123
46 122 118 53 131 77 92 22 87 107 104 8 96 4 87 21 81 136 63 90 130 140 137 52 90 52 97 81 4 107 135 109 132 132 4 97 19 77 72 102 133 58 74 43 43 10 122
23 125 112 130 90 75 55 108 67 15 23 108 69 104 15 69 131 26 73 66 112 114 17 34
6 94 28 127 14 91 124
7 8 81 39 133 29 47 116
19 18 9 117 78 119 98 93 63 20 76 118 5 90 92 74 26 132 8 76
38 13 38 43 112 132 80 26 34 130 48 120 109 76 67 41 112 121 84 6 113 10 60 105 60 51 110 115 5 62 19 2 113 86 118 93 65 82 124
6 6 7 24 121 127 114
35 41 131 140 11 6 55 24 94 54 29 79 1 105 23 95 101 38 39 74 99 127 68 85 141 13 34 58 86 42 20 125 115 120 123 12
44 81 125 10 4 30 70 108 101 64 34 61 86 80 89 56 138 139 72 55 19 134 112 111 123 83 35 77 133 124 57 51 38 103 28 117 107 115 68 79 36 22 137 21 24
8 62 136 27 32 126 76 88 29
7 108 12 35 23 85 46 100
6 97 72 95 97 67 121
48 132 121 100 38 73 21 76 128 58 60 112 44 66 16 59 115 49 111 17 131 3 41 32 97 70 64 55 19 92 5 124 6 84 39 78 7 10 103 95 46 14 28 34 119 133 117 125 30
50 14 66 69 56 6 40 9 129 116 84 17 18 31 3 76 129 58 114 25 125 51 119 63 54 118 58 8 25 2 9 71 96 10 138 119 5 78 25 138 41 73 122 38 140 65 84 20 12 127 122
2 74 48
50 3 26 60 125 59 80 76 34 12 7 115 30 7 66 80 84 29 100 76 47 91 127 39 88 26 60 79 20 101 100 46 141 46 120 141 79 134 24 115 14 9 12 9 12 79 46 73 5 3 125
13 126 70 31 126 26 4 66 138 30 94 67 140 109
27 37 127 107 66 68 48 45 34 14 139 60 9 70 100 99 59 103 43 89 73 46 7 32 44 119 27 123
22 7 52 127 77 6 140 139 58 18 132 88 114 111 130 104 45 63 105 73 119 96 49
9 87 102 58 122 10 116 98 83 117
42 61 12 74 62 18 35 130 99 7 33 58 55 62 34 44 64 18 56 133 10 13 51 60 55 45 47 93 42 121 121 114 142 13 35 98 17 94 7 30 114 102 94
1 131
8 6 2 121 84 36 76 55 71
30 119 142 60 79 86 32 35 19 124 9 97 140 41 76 82 29 96 66 94 63 14 51 45 138 120 53 71 73 126 101
37 27 66 128 20 9 81 24 77 35 124 5 110 21 53 127 35 68 98 69 93 35 22 113 8 105 1 124 8 50 107 20 21 52 69 44 8 122
33 140 113 13 106 82 122 92 42 95 118 92 140 113 99 113 102 16 67 57 19 53 98 97 135 86 22 13 104 19 118 113 104 82
3 5 26 66
14 3 77 28 39 60 95 28 26 48 103 61 74 63 140
44 110 2 87 31 65 54 21 99 65 61 131 110 75 61 117 104 137 72 77 132 129 117 92 140 107 21 65 35 53 54 19 15 82 102 129 31 8 67 131 106 132 102 8 102
31 81 63 77 11 96 86 4 87 67 37 53 90 104 35 42 61 117 92 106 32 19 70 11 10 71 11 32 2 27 27 96
43 88 87 107 3 136 98 60 140 133 20 121 108 114 75 70 46 138 138 47 80 23 24 68 46 106 139 6 25 69 86 70 27 49 91 133 27 108 2 25 37 43 13 33
20 11 133 10 19 113 89 98 63 29 31 49 105 49 91 118 85 4 132 57 139
49 65 56 69 86 59 1 18 87 69 10 73 130 132 76 65 111 3 92 133 38 65 25 95 102 42 43 4 80 18 57 137 122 127 57 115 63 8 85 114 127 124 51 115 124 82 136 41 1 58
10 71 16 19 74 21 22 131 11 107 113
33 101 120 80 123 128 101 56 73 26 76 45 112 51 76 20 12 84 124 60 51 1 41 123 100 100 59 6 91 108 41 127 88 1
45 16 26 56 96 79 106 110 24 91 110 9 14 94 115 66 73 63 127 69 78 141 15 15 102 101 2 96 94 139 17 3 17 29 16 118 7 116 18 20 14 17 131 141 24 87
8 76 18 34 73 93 18 5 25
39 78 87 130 137 116 19 116 117 72 87 98 131 83 106 72 109 74 27 104 52 50 96 86 19 109 19 4 136 102 65 122 118 2 102 67 32 77 74 132
11 12 134 103 68 65 66 89 131 68 118 4
49 25 76 71 113 79 32 127 97 82 140 83 112 27 133 18 32 3 129 30 88 128 136 133 53 131 32 34 116 100 53 137 20 37 70 15 113 8 56 8 94 124 138 31 109 65 78 100 20 19
45 60 13 112 80 34 3 42 67 118 92 85 82 93 78 43 5 128 83 86 105 126 77 76 136 58 1 25 127 46 98 76 129 18 40 108 86 68 68 38 106 112 87 107 84 83
28 134 115 88 41 103 55 38 36 9 66 89 70 105 111 77 28 116 73 84 81 24 15 142 114 1 8 138 17
22 36 111 26 24 62 6 127 17 91 73 29 18 119 12 80 25 59 39 20 93 64 20
24 99 137 121 71 31 15 37 102 122 83 43 57 35 57 130 122 136 23 42 122 13 121 135 50
17 6 125 38 88 115 88 18 20 138 100 128 38 34 142 38 111 112
30 61 87 52 15 133 57 117 113 19 131 37 8 37 97 70 61 136 82 27 15 72 11 86 10 86 53 106 52 92 107
21 75 54 77 137 96 50 74 72 67 43 78 43 109 23 133 98 86 32 11 78 131
33 141 66 35 73 72 31 79 76 22 45 123 138 49 21 40 18 91 108 130 108 26 26 68 116 59 104 44 67 35 48 4 119 73
3 60 16 66
7 115 94 56 7 17 94 62
26 132 23 111 102 70 78 114 12 52 20 99 57 90 82 16 81 87 64 76 38 57 28 43 104 65 84
44 72 90 27 27 81 113 116 81 133 140 65 11 77 40 137 136 86 50 87 140 78 23 50 87 10 102 13 132 31 113 40 43 4 43 4 33 19 136 104 133 71 72 21 43
42 106 108 14 34 9 8 71 66 109 73 2 119 111 96 17 139 40 95 74 112 44 78 33 59 98 55 128 36 68 1 120 69 19 38 100 39 43 58 31 136 28 109
46 126 25 75 108 117 38 34 6 33 7 88 56 55 8 78 131 47 89 31 19 124 68 5 104 95 1 44 41 91 45 53 58 87 59 13 122 35 37 66 12 32 101 116 90 10 60
11 128 29 73 34 127 81 7 83 26 43 39
16 66 66 55 139 24 18 62 120 60 108 94 80 139 38 1 39
8 119 34 101 134 15 141 128 3
12 109 130 76 142 109 71 21 80 60 103 85 103
9 102 26 16 109 58 55 53 129 141
43 60 77 79 33 62 40 131 101 48 83 1 116 119 110 91 129 66 51 114 95 20 6 43 139 138 107 30 19 24 13 113 55 90 32 125 133 94 76 123 64 34 17 3
33 13 19 110 52 35 31 83 136 109 110 113 67 137 110 4 130 118 57 90 72 4 70 82 107 52 72 71 83 72 77 72 117 71
35 68 38 131 17 29 41 70 136 117 140 35 83 101 68 28 98 106 79 56 109 140 7 106 140 100 28 84 69 119 18 74 76 69 115 77
12 71 26 2 48 141 18 28 87 77 80 75 8
2 91 138
27 25 34 84 34 60 103 47 6 64 91 47 28 127 141 139 127 20 51 101 73 6 88 36 138 73 25 112
16 14 58 42 1 35 110 47 124 130 89 22 24 3 45 66 25
8 22 68 127 50 34 54 94 38
17 111 66 20 1 124 115 123 6 7 64 1 24 39 66 17 44 41
32 31 2 114 112 65 76 41 21 125 96 60 79 126 105 130 72 110 130 68 5 1 123 81 64 6 20 9 129 26 84 10 37
30 56 138 30 123 6 114 125 25 24 6 89 108 7 59 45 73 20 120 51 111 103 44 46 89 134 20 51 93 49 62
20 137 40 68 110 76 123 33 138 119 88 87 56 91 86 29 60 63 55 11 135
37 2 135 129 53 13 19 2 87 77 63 74 32 15 33 11 97 90 63 33 98 42 48 11 54 92 37 86 54 63 42 121 104 42 16 97 33 122
31 135 13 72 96 81 11 54 87 135 131 71 19 98 110 106 110 69 15 90 27 15 137 8 43 61 140 136 96 81 135 48
26 28 140 115 68 27 33 48 63 41 55 64 95 60 141 58 118 142 62 71 19 99 20 57 74 62 86
22 23 65 96 27 121 48 32 140 136 78 57 10 37 37 113 133 13 104 121 21 135 67
46 22 71 21 4 19 63 90 27 16 81 63 130 83 118 129 43 67 58 96 31 32 10 83 70 97 96 137 104 132 118 72 70 35 52 130 40 133 69 132 50 48 33 130 53 4 132
29 86 87 126 112 88 120 126 133 47 11 30 96 132 118 3 59 112 95 5 98 23 79 39 123 134 39 3 134 128
49 88 82 26 3 135 135 31 80 113 113 90 129 67 87 20 78 32 32 7 58 135 51 77 92 55 70 86 53 127 41 138 6 89 24 11 80 40 92 140 102 39 101 67 80 42 139 9 20 105
49 29 28 5 3 94 24 60 100 108 111 134 14 28 55 128 76 44 34 24 91 41 7 18 79 124 29 85 119 128 62 64 44 20 128 138 142 62 123 119 142 66 12 62 17 44 68 5 66 112
45 15 81 110 98 59 120 105 51 122 26 141 12 48 93 89 137 101 140 78 141 116 4 51 59 91 106 110 27 2 136 93 77 114 28 24 25 114 41 95 129 8 129 64 126 38
39 90 19 65 33 35 65 48 110 107 13 53 61 10 104 83 67 96 23 32 92 23 87 48 75 40 40 98 113 69 69 131 132 118 11 83 23 137 86 98
43 84 94 73 41 49 21 80 129 125 17 22 23 10 4 90 110 129 106 45 114 120 22 132 121 136 85 7 3 136 25 76 61 119 58 137 120 9 127 75 87 22 117 3
36 24 30 36 36 101 47 100 108 60 127 112 108 41 76 84 141 5 79 44 123 103 3 64 25 108 93 62 55 112 111 108 124 17 46 141 26
8 53 53 67 82 92 130 61 48
41 78 134 92 61 9 83 88 59 52 136 121 66 97 120 127 125 95 30 74 36 65 6 129 101 139 31 60 114 41 24 80 47 105 128 58 79 104 38 64 49 86
18 24 12 124 127 80 47 7 79 60 51 41 68 134 94 123 7 93 14
50 16 102 77 65 27 8 2 135 77 54 4 2 31 72 92 48 37 69 8 37 31 11 2 8 86 106 35 110 22 104 102 97 69 98 82 87 81 22 99 33 117 92 72 121 8 110 15 136 23 10
34 118 16 75 2 27 90 67 107 133 131 87 92 130 140 86 71 117 33 116 48 87 72 122 40 75 78 71 42 90 97 133 13 69 82
43 117 48 40 78 135 10 118 50 87 42 104 132 110 118 15 130 87 13 82 13 96 102 13 70 27 69 10 70 95 130 40 50 58 22 131 121 98 33 71 43 116 53 75
25 68 36 50 79 136 95 138 141 64 24 133 93 141 89 42 23 30 95 28 11 121 78 21 111 115
26 19 77 133 99 63 74 16 99 95 107 104 86 110 35 98 98 58 8 121 75 33 53 16 106 113 67
35 109 48 133 54 16 99 67 21 57 116 11 74 16 33 37 116 121 65 113 90 132 13 77 106 2 54 98 23 122 97 132 61 92 92 90
44 118 136 57 78 53 102 95 53 43 95 78 8 78 69 96 90 23 22 58 61 13 92 121 130 140 122 107 23 21 77 15 75 75 32 107 133 90 52 97 137 118 135 92 16
44 24 115 12 39 17 137 20 100 70 105 14 80 5 131 1 90 30 127 141 139 128 101 79 7 116 25 49 38 103 63 9 95 54 53 68 73 8 44 59 142 99 114 92 36
12 124 51 34 7 123 84 100 94 7 123 26 127
24 124 44 42 14 98 86 49 109 84 28 40 140 62 127 71 37 4 76 85 68 30 35 120 25
27 14 98 81 127 12 119 90 101 62 137 114 95 41 118 125 69 122 28 138 44 1 66 79 141 5 112 15
12 126 83 59 59 27 31 45 120 71 120 67 137
45 127 46 32 5 31 105 77 100 17 76 77 74 72 136 20 118 87 52 61 17 93 43 43 19 8 137 81 84 19 57 99 49 18 52 18 142 94 19 23 48 22 26 14 71 129
13 58 124 79 29 40 85 37 10 126 39 75 70 2
5 84 115 59 41 96
22 111 100 41 139 138 76 8 5 103 43 38 95 30 58 109 88 127 5 39 22 98 130
37 18 29 120 89 126 30 62 55 124 88 24 126 60 5 124 29 12 55 114 44 89 38 88 73 125 123 18 44 18 28 26 62 24 3 6 105 119
24 131 83 53 140 136 97 22 83 57 122 83 8 95 129 52 106 53 16 53 130 98 70 113 107
44 44 108 59 73 18 46 128 5 127 60 44 112 7 68 24 138 79 114 29 105 56 89 88 126 127 36 25 51 9 17 73 93 89 18 25 139 105 112 18 18 108 125 103 105
35 115 103 88 23 71 18 39 111 43 89 96 134 126 34 18 52 37 24 121 97 68 24 113 140 36 23 8 86 108 135 24 8 79 36 69
13 135 71 71 65 108 38 140 92 127 59 20 44 132
49 102 94 54 20 33 87 21 7 105 72 83 93 107 106 47 116 110 136 58 107 36 100 22 137 73 138 41 56 70 46 74 47 61 33 49 6 23 1 27 107 35 5 11 80 14 57 78 75 74
18 106 120 32 108 13 61 114 17 62 81 19 41 60 5 85 8 1 15
38 121 92 129 61 97 117 136 83 32 116 69 92 113 104 16 122 95 137 33 117 21 83 13 104 43 83 75 102 92 54 104 2 96 121 122 98 78 32
2 64 24
31 43 142 83 89 39 36 17 47 51 75 111 49 18 120 5 48 84 34 30 140 3 55 112 56 7 21 93 76 37 124 131
32 83 31 90 133 72 77 107 96 136 104 31 16 106 81 65 140 130 96 92 11 109 107 71 58 54 57 67 74 61 53 96 135
9 122 13 107 141 142 49 43 93 67
49 61 23 37 91 19 4 18 111 105 69 64 101 115 108 140 142 16 65 71 41 125 135 14 127 93 96 8 1 87 134 68 30 57 62 39 132 124 55 34 49 15 53 107 43 11 79 59 123 52
46 60 84 126 134 82 124 14 141 92 69 33 109 82 96 124 47 23 41 52 81 20 111 133 53 1 94 85 78 26 104 118 142 35 9 97 109 108 2 137 84 78 95 47 49 123 125
15 54 64 77 64 8 90 125 9 90 113 36 67 6 12 95
18 123 66 110 129 119 114 91 60 128 8 36 127 93 25 141 108 142 30
11 36 123 101 101 114 20 79 28 125 5 134
38 5 11 104 33 92 63 94 84 114 88 41 35 27 54 123 115 41 33 106 46 64 100 128 121 100 12 110 57 106 16 14 38 64 91 122 89 118 141
29 123 91 72 49 40 134 85 125 120 128 38 58 136 18 70 66 125 3 119 99 48 24 14 48 98 88 21 27 3
23 27 3 97 124 99 10 115 22 131 108 135 70 133 34 136 129 118 54 11 89 30 54 67
10 4 103 23 13 105 94 118 96 78 55
28 94 44 47 126 5 114 125 142 64 68 47 142 44 93 14 12 126 17 44 64 7 80 127 39 59 1 25 28
44 70 50 16 70 99 32 72 11 32 57 61 129 129 131 65 77 129 75 31 21 21 86 48 52 33 140 15 122 129 87 19 131 87 16 11 106 109 113 109 83 31 72 106 65
30 16 12 18 9 49 38 4 9 139 62 114 18 126 71 126 91 22 123 12 19 82 39 9 37 77 27 56 87 90 17
22 133 11 97 60 79 62 89 25 32 57 34 51 31 61 60 115 95 19 120 10 17 108
14 117 43 87 97 57 116 130 15 61 72 10 61 23 98
42 63 90 46 67 108 112 132 22 55 114 75 36 125 104 74 52 44 64 73 128 77 130 97 27 63 56 101 127 134 57 89 74 19 113 82 11 21 82 84 59 21 52
26 39 84 43 26 46 30 80 62 30 131 94 8 110 111 94 2 53 136 15 73 66 124 62 17 5 92
5 60 80 29 51 121
1 84
39 17 117 90 11 34 30 41 59 55 73 61 29 108 124 134 70 51 25 101 128 32 23 1 65 136 99 6 140 103 71 105 35 121 5 31 3 2 138 76
45 118 23 26 59 14 123 101 70 31 91 120 115 22 116 97 141 137 10 7 41 44 1 68 132 7 131 101 134 58 82 128 16 140 142 22 106 19 113 93 79 75 53 54 117 115
29 80 124 27 120 87 69 87 31 8 113 71 18 42 49 7 85 93 24 93 4 47 26 77 131 77 108 127 140 48
11 15 92 104 102 102 13 130 4 95 140 42
3 44 108 44
46 34 84 60 127 73 88 79 79 76 120 88 44 119 34 126 12 1 134 125 64 45 60 124 29 24 123 88 123 93 76 79 114 6 108 138 84 93 41 3 68 120 6 85 125 14 127
37 111 2 127 31 55 14 119 76 103 3 17 7 108 141 96 52 117 59 105 109 38 62 113 94 84 115 66 91 79 93 72 53 118 114 57 69 88
34 63 15 22 53 27 78 130 116 82 121 52 74 40 13 81 13 87 92 69 32 10 77 104 67 10 4 65 92 71 99 99 86 8 61
10 20 44 96 22 125 123 112 24 37 30
49 78 11 72 46 67 13 40 25 103 116 79 17 86 139 1 91 30 67 78 42 79 65 56 25 135 126 8 1 128 52 33 77 135 128 120 70 64 40 41 132 60 83 126 7 55 115 142 60 102
31 73 89 46 130 112 79 92 78 122 132 52 119 56 113 69 140 134 58 79 47 75 40 118 104 14 14 39 70 26 16 17
41 11 55 66 78 31 100 99 123 107 35 139 118 7 13 28 99 67 124 128 30 30 18 77 118 46 72 19 123 2 50 98 8 141 134 10 57 5 55 130 56 6
8 42 75 45 20 123 63 82 29
25 67 140 95 43 32 135 83 135 75 58 110 2 10 130 31 42 27 131 109 122 63 90 19 107 65
46 52 15 140 140 133 132 23 48 31 109 52 81 43 118 81 58 67 32 53 61 11 83 8 116 19 74 97 83 52 78 48 95 82 113 96 40 48 40 35 75 65 102 131 75 107 31
10 82 98 69 16 99 65 70 83 116 135
27 45 17 134 139 92 89 73 129 24 138 135 111 109 1 110 96 5 6 38 142 125 14 27 20 62 21 78
39 117 24 4 90 105 26 32 108 59 30 131 70 109 119 73 96 70 11 101 85 3 134 45 26 78 122 81 97 41 110 137 17 81 24 105 23 16 100 122
19 103 127 115 112 114 9 56 68 66 139 139 93 64 36 114 84 111 26 79
25 32 16 136 122 77 137 15 86 70 31 74 77 22 21 53 117 74 48 129 35 82 53 63 19 74
17 98 87 10 132 71 92 86 43 2 22 116 2 116 21 136 8 40
24 92 30 70 71 61 10 115 4 98 41 30 71 118 47 130 64 61 112 10 49 126 131 126 71
50 30 25 64 64 44 10 135 86 117 33 107 125 89 80 3 51 130 6 19 13 96 119 106 83 74 87 103 102 138 42 66 142 98 114 82 43 18 41 19 56 29 59 124 107 104 100 17 4 56 51
41 125 79 1 59 39 108 142 123 141 94 7 12 44 89 138 55 62 38 125 101 94 9 101 47 124 128 56 41 119 100 45 119 66 68 51 128 55 103 88 64 66
2 50 97
17 44 113 68 114 74 49 59 94 59 40 141 1 15 66 53 69 58
3 55 139 79
19 128 114 68 62 68 46 45 84 14 138 79 46 100 114 47 120 68 47 115
5 92 99 15 136 131
24 115 68 105 24 66 51 133 64 36 1 139 69 58 142 125 34 95 28 77 102 10 136 56 130
21 44 108 41 127 2 89 54 66 95 33 74 80 100 35 63 17 110 117 117 81 94
35 53 92 95 131 63 2 78 78 130 2 69 137 135 69 54 65 71 40 116 58 67 106 132 57 74 8 87 110 4 131 102 11 48 54 74
4 68 86 104 125
41 123 49 50 44 121 76 34 60 120 142 138 133 38 56 25 85 63 81 136 39 100 22 17 103 93 24 119 125 30 3 1 29 5 101 62 43 45 82 28 41 112
21 100 1 119 130 4 102 38 47 50 70 95 108 46 91 5 105 68 11 111 96 122
1 80
49 42 89 108 108 116 129 40 26 71 50 84 108 16 108 59 61 52 100 32 140 31 14 136 49 28 68 64 21 82 19 132 106 106 80 28 70 9 98 136 98 125 11 73 71 94 52 89 76 1
2 77 45
8 95 19 50 11 84 132 35 31
25 61 55 64 20 130 18 92 121 12 95 122 6 75 56 125 34 115 85 109 84 24 14 114 16 54
21 42 91 75 128 56 97 113 122 137 106 84 76 98 135 27 20 19 53 109 124 25
44 137 113 118 132 43 40 121 77 104 16 95 40 106 135 92 23 16 96 33 109 106 13 131 10 8 65 65 22 33 121 40 96 13 54 129 98 122 16 82 52 86 52 140 99
21 97 52 89 17 58 103 66 43 140 99 140 2 94 134 121 57 127 27 32 112 65
47 109 7 132 77 137 70 97 64 38 59 44 128 69 132 93 32 106 82 88 108 110 54 19 32 91 24 61 92 102 21 76 34 131 118 123 133 35 16 83 20 22 6 69 40 6 39 135
6 16 111 47 25 14 141
40 67 138 86 82 57 70 74 40 56 115 99 23 127 53 100 125 43 79 127 106 78 83 93 15 86 137 12 104 55 75 98 88 53 137 130 136 95 58 118 19
6 1 30 118 117 79 60
11 79 82 136 70 133 1 3 11 36 104 84
50 88 119 105 121 87 130 16 99 121 81 135 35 141 111 8 60 41 22 61 71 48 132 25 94 49 131 115 53 56 38 132 25 115 111 119 67 108 55 65 75 71 125 61 83 11 76 128 87 47 18
14 116 35 135 121 19 10 131 63 81 13 122 122 121 104
18 62 112 33 66 29 2 83 133 83 108 97 56 105 62 20 84 3 14
49 63 114 103 28 37 53 80 61 141 67 109 106 30 66 38 48 55 5 131 10 44 34 124 1 118 109 126 104 139 10 131 87 94 119 24 134 65 53 136 121 141 26 33 74 32 16 38 109 14
25 72 124 120 15 25 64 49 75 116 114 124 69 12 42 139 11 24 93 59 87 80 100 3 55 40
1 135
4 108 68 92 63
10 67 22 78 53 11 107 140 131 113 48
48 21 122 7 8 84 64 25 43 20 30 102 107 101 29 13 54 118 9 136 17 2 61 98 81 119 58 51 85 71 81 123 13 116 23 86 72 1 61 135 114 75 55 65 112 22 142 28 140
23 22 140 88 111 129 53 139 2 105 139 12 11 38 107 78 123 12 117 51 35 95 31 74
10 84 33 127 8 14 100 113 55 54 41
14 53 118 11 96 76 83 27 117 40 28 142 105 136 111
37 95 4 16 120 69 106 53 102 109 19 75 82 29 124 14 134 64 38 85 40 15 52 122 132 127 75 57 93 125 139 111 29 36 8 29 1 136
2 127 47
14 12 5 28 46 28 134 112 103 36 49 114 64 115 34
43 56 48 133 85 37 103 40 60 28 85 139 77 103 71 59 37 46 67 22 89 84 51 83 60 111 4 77 125 119 49 27 127 127 35 44 135 73 91 22 51 99 79 88
1 13
31 115 69 126 89 13 85 99 135 4 125 29 39 38 47 98 126 70 136 115 59 127 10 5 20 101 85 95 122 22 85 110
35 20 18 18 136 131 14 41 125 106 63 39 13 30 103 137 37 95 74 113 72 15 47 140 128 35 84 34 16 17 46 93 142 35 87 77
6 95 130 113 53 10 130
31 75 2 14 141 15 118 22 131 137 67 130 126 83 21 58 15 34 111 5 28 62 82 85 140 68 58 46 68 93 25 81
40 30 3 82 97 39 62 19 124 14 85 69 129 32 117 102 74 48 87 46 52 27 16 56 52 93 1 110 17 3 6 139 52 11 89 67 105 91 132 41 98
33 93 55 5 45 138 84 56 18 40 75 6 107 43 137 44 38 59 126 68 81 132 110 51 140 30 88 104 139 127 125 124 71 20
22 27 138 77 19 138 65 122 11 18 14 50 66 118 105 21 53 73 121 70 91 26 84
40 91 68 28 139 50 18 16 81 56 129 75 20 62 51 108 7 87 52 22 77 64 72 103 13 109 92 49 138 37 3 24 114 90 95 115 86 36 82 30 21
27 73 88 118 120 30 135 21 115 7 128 40 131 126 142 16 138 139 129 1 134 4 79 45 33 72 19 100
1 13
43 70 69 8 48 11 75 137 48 131 121 63 106 81 15 95 53 140 21 19 74 83 116 96 133 22 75 54 31 74 22 33 35 8 118 90 132 40 50 16 95 121 106 90
30 128 35 94 125 12 10 97 129 135 19 44 82 91 85 3 29 80 72 1 141 137 51 115 23 18 88 68 76 41 110
37 109 43 123 51 121 61 19 98 103 44 115 115 75 125 114 6 98 8 92 121 79 89 113 85 43 46 61 132 131 27 129 5 29 106 117 97 37
49 41 69 59 83 50 101 72 3 26 102 106 37 92 108 69 20 88 11 84 133 139 113 43 99 27 133 35 38 104 129 85 129 89 34 97 46 80 62 29 75 122 132 127 70 108 25 25 132 5
43 56 129 120 100 79 17 68 60 2 40 72 6 66 31 58 132 51 63 86 55 125 105 140 4 16 13 123 115 116 142 93 119 38 3 21 35 9 50 12 103 75 89 88
28 81 49 124 41 26 87 55 52 66 61 12 36 42 2 101 117 141 68 100 45 60 97 113 83 114 21 74 17
16 142 26 79 8 9 51 122 103 101 34 113 40 6 140 17 125
10 43 77 90 57 33 99 71 22 50 95
2 136 14
49 139 80 5 30 56 44 2 75 62 96 119 9 15 110 27 111 33 7 101 32 45 26 52 126 138 137 90 3 142 132 23 61 134 6 55 141 127 77 79 112 114 83 49 28 12 29 84 21 129
12 93 36 123 16 120 86 103 72 70 15 59 78
40 126 45 34 74 112 12 51 131 98 29 71 36 53 38 88 26 125 136 84 25 135 89 1 44 91 95 61 124 108 102 32 56 39 120 137 64 14 4 42 60
34 126 91 45 20 30 51 138 120 29 59 30 68 20 128 84 124 84 125 119 34 91 28 25 46 18 28 108 100 17 84 3 28 56 103
30 43 9 8 40 89 78 133 27 53 68 23 90 28 6 137 119 111 48 142 17 99 35 67 61 42 48 94 104 129 55
15 44 9 120 72 59 112 62 100 114 13 136 137 33 99 79
28 101 142 39 5 73 5 5 125 79 115 103 94 139 7 64 28 51 68 127 25 114 1 66 18 7 127 18 34
29 42 45 5 124 14 61 54 130 120 94 129 40 35 115 89 73 127 123 100 59 12 75 138 119 101 84 87 49 137
23 29 88 66 47 45 12 124 97 136 62 25 27 134 22 63 65 127 17 141 132 125 68 75
9 74 13 66 120 46 96 3 140 88
23 91 85 56 35 133 130 129 26 133 43 5 85 107 66 34 104 101 138 6 131 67 123 114
17 57 77 94 44 3 27 60 50 93 137 9 142 27 141 21 49 126
23 61 95 83 40 86 110 58 37 16 137 109 121 122 2 97 13 63 104 50 58 78 33 42
7 114 101 126 26 20 89 41
28 135 23 69 54 92 2 118 90 69 82 63 52 27 107 43 90 61 13 16 92 135 27 70 77 23 72 13 48
7 79 9 94 93 26 25 55
12 56 89 14 76 89 1 62 141 126 6 80 105
18 56 114 88 66 12 128 79 13 6 17 111 76 132 7 138 59 1 10
39 49 131 112 33 60 101 113 56 46 48 17 34 64 88 136 30 110 77 91 50 62 74 78 87 114 138 124 20 29 51 121 24 15 133 126 57 84 37 122
2 30 15
23 20 79 127 28 64 28 139 39 93 138 24 51 105 101 49 30 59 80 128 20 5 46 51
28 137 115 81 42 138 127 55 51 62 57 49 75 49 14 88 46 21 105 85 108 82 131 30 88 107 15 38 125
23 59 131 141 38 84 142 46 120 60 34 112 55 79 73 123 26 41 24 76 80 18 98 54
48 80 12 13 111 7 93 9 109 139 47 28 44 84 43 92 60 101 46 42 29 24 57 82 68 64 136 98 34 85 66 120 138 25 11 56 3 36 126 19 52 2 79 112 73 115 105 134 18
36 4 70 19 92 8 122 16 121 90 52 96 16 8 37 81 71 102 33 31 117 74 21 22 35 27 53 32 117 113 102 22 121 37 135 37 72
33 65 47 64 37 57 66 72 139 77 22 141 5 134 112 2 43 62 114 102 9 91 14 28 123 93 119 6 45 125 100 108 11 96
44 50 31 79 136 44 15 66 111 117 53 56 17 58 26 91 137 112 14 30 64 135 68 139 34 9 104 43 23 141 126 89 29 24 6 87 94 119 25 42 55 13 115 85 103
32 68 34 60 25 74 87 23 95 129 120 35 8 122 140 23 25 1 26 96 36 30 14 43 131 5 34 72 3 53 89 32 96
12 63 50 27 93 75 64 111 56 59 120 79 31
18 67 38 80 10 128 88 41 101 3 36 120 73 111 45 56 113 63 20
40 84 47 73 17 49 4 128 90 108 135 20 104 138 101 28 14 25 102 26 60 109 6 93 46 76 29 8 55 134 100 59 125 111 66 18 36 34 58 78 139
5 98 37 100 25 125
16 47 19 54 59 76 139 17 66 114 104 94 134 122 68 103 32
38 56 123 32 94 88 21 74 93 142 76 89 132 68 96 120 45 64 6 102 119 98 139 125 133 29 13 51 128 55 60 95 85 138 113 65 80 117 50
17 1 126 105 79 132 59 24 97 119 5 53 34 29 128 68 129 120
41 46 75 108 116 87 8 5 104 105 87 66 47 1 20 52 45 28 29 49 141 45 119 77 90 50 72 140 93 130 71 127 70 47 116 29 27 90 55 119 140 34
3 131 67 70
18 43 64 129 141 126 72 94 68 77 109 82 35 137 118 12 83 135 24
40 59 18 29 39 74 68 111 45 41 136 30 134 50 49 117 34 88 128 108 104 12 47 139 63 113 118 64 141 127 55 105 17 33 44 142 24 89 10 36 125
48 62 3 80 44 60 51 45 47 88 49 30 9 36 12 59 7 24 46 43 119 65 130 123 111 35 64 120 73 141 20 21 113 124 138 28 10 5 140 27 106 15 98 11 78 17 79 105 54
37 94 62 38 84 17 103 114 114 76 39 138 41 94 34 51 100 5 12 101 112 6 20 93 88 112 51 100 79 114 128 141 93 68 46 62 141 94
28 35 33 77 21 137 110 109 63 140 98 70 50 136 97 16 75 133 87 16 98 82 67 43 58 33 75 54 53
22 111 89 35 107 66 81 59 12 138 52 71 73 112 18 99 116 74 134 100 61 16 38
16 123 45 20 34 112 126 60 134 88 88 62 34 59 84 29 14
25 21 1 52 74 99 35 20 50 20 80 42 16 92 14 84 11 141 48 56 39 48 11 88 23 100
34 131 16 35 75 67 90 42 136 4 83 87 58 61 77 77 70 110 53 27 102 104 16 70 107 22 48 107 135 10 96 22 15 2 136
8 27 46 125 9 78 136 67 127
30 5 11 4 94 124 135 76 131 13 136 81 26 133 64 114 111 135 78 76 105 86 125 8 39 73 91 90 34 8 51
13 39 10 42 48 64 63 36 66 60 68 49 58 1
40 49 14 142 128 5 36 127 73 4 116 97 98 100 44 35 124 108 138 16 75 135 125 139 87 20 111 85 78 26 126 140 107 62 63 134 76 84 7 88 90
15 36 138 24 37 61 106 7 54 41 139 64 125 21 101 59
40 6 51 119 30 94 93 141 38 119 124 119 51 18 9 1 68 139 128 100 56 93 26 126 141 14 103 46 111 34 89 114 14 119 25 108 68 141 127 17 94
33 96 113 56 104 10 43 21 102 105 134 15 50 36 6 42 4 127 31 63 65 132 136 88 122 134 95 47 84 62 49 137 2 92
39 11 90 21 37 122 130 54 83 99 69 97 117 27 43 58 92 136 129 97 71 81 16 97 70 86 72 82 37 77 78 117 104 130 13 54 113 40 140 27
11 75 122 82 35 79 131 23 18 6 49 39
28 39 46 89 108 28 23 95 66 26 76 65 65 93 94 39 97 52 94 20 11 33 29 66 70 52 25 51 134
6 38 1 26 20 41 38
3 77 72 78
47 82 2 95 9 36 22 135 81 114 120 92 33 28 111 128 98 32 84 63 73 47 13 50 98 80 59 108 25 140 59 142 117 102 45 4 117 77 18 92 70 18 23 107 117 67 104 20
10 107 61 32 82 99 70 121 23 117 137
9 25 59 44 102 51 65 124 105 101
33 93 74 119 6 9 22 66 125 73 79 120 104 39 62 88 114 135 77 47 112 108 46 100 138 118 69 64 4 84 142 86 81 78
33 67 32 40 17 38 99 141 3 46 103 85 94 60 50 23 55 23 36 126 20 33 132 6 59 73 140 5 101 108 100 84 5 10
48 36 141 64 1 73 64 1 119 114 12 79 84 36 36 79 141 24 126 41 128 47 85 93 26 7 9 85 128 142 73 62 34 44 55 66 128 12 60 5 38 36 120 6 123 28 66 79 26
50 21 141 16 1 55 131 119 54 51 19 120 22 142 56 134 109 36 132 25 76 128 52 45 121 94 117 60 5 98 58 41 81 101 47 100 28 30 79 80 107 49 3 38 85 34 108 50 125 95 129
41 8 11 95 131 116 133 37 35 107 63 10 23 22 22 40 63 90 35 121 140 54 19 33 136 61 27 40 8 35 72 90 65 40 86 35 33 75 99 70 98 121
39 33 128 129 41 134 51 5 13 126 94 119 72 45 84 103 17 27 123 9 40 121 27 131 67 54 108 140 80 40 97 101 74 29 101 110 84 52 65 131
23 94 123 106 79 3 81 70 10 19 87 73 139 70 31 105 91 88 138 1 55 34 47 30
26 119 112 8 138 107 11 81 85 124 141 108 46 119 90 43 111 69 107 131 109 133 92 97 44 135 124
28 45 123 1 66 44 112 124 68 64 100 64 44 139 119 38 44 128 3 38 12 14 29 30 55 100 24 68 108
49 21 56 48 83 79 22 65 139 105 76 124 103 9 6 41 107 25 11 124 103 42 130 75 12 42 46 7 27 107 117 1 54 37 94 35 47 31 7 114 87 80 60 13 88 73 100 42 104 22
21 96 51 55 18 1 91 88 47 123 25 140 17 68 92 141 53 13 124 28 80 134
48 18 56 124 10 139 104 93 89 129 17 53 30 69 20 126 129 66 65 101 70 20 51 37 21 89 60 86 113 115 77 6 88 62 58 124 51 77 53 49 39 16 116 32 101 60 53 46 10
12 65 38 17 24 100 98 36 39 76 55 105 50
50 30 139 39 54 33 114 134 125 88 23 24 135 1 20 12 56 112 94 18 129 93 61 84 64 80 63 47 142 95 66 123 77 110 130 120 101 85 51 137 26 97 73 87 115 67 138 119 53 92 100
30 116 55 84 102 3 24 91 47 39 13 48 139 39 141 17 140 126 40 78 66 26 119 138 96 129 100 115 64 26 76
20 140 69 27 133 82 137 82 98 2 53 129 48 122 107 69 19 53 2 75 11
34 136 21 93 109 35 7 26 52 142 8 52 88 102 8 120 72 141 78 87 13 119 11 81 108 122 11 27 5 115 35 139 104 30 59
9 61 131 129 92 11 104 8 68 60
3 41 100 136
47 73 25 67 56 44 61 107 75 91 114 61 90 90 120 10 98 106 82 78 44 71 70 78 97 98 124 77 53 7 46 78 101 16 115 74 98 31 15 89 81 80 60 68 10 77 17 73
41 16 134 142 36 47 34 18 73 124 26 74 120 123 131 101 114 32 140 91 12 82 58 25 67 51 65 133 11 21 66 80 92 112 28 59 35 62 37 14 109 45
35 39 100 7 56 128 47 91 49 36 119 111 56 85 111 3 94 127 138 38 142 34 103 17 105 138 38 24 88 64 1 139 100 29 60 125
31 6 24 112 25 141 14 47 12 120 123 30 126 47 103 29 88 59 112 124 34 115 124 68 66 66 127 123 105 44 85 26
3 133 31 67
38 14 70 139 87 51 1 93 33 121 28 96 6 103 107 22 108 66 33 16 58 40 10 105 137 55 4 42 9 79 1 16 47 115 5 109 17 115 106
16 59 142 47 121 40 42 14 113 89 133 106 125 15 107 129 19
35 89 102 127 18 12 120 109 112 81 110 48 2 111 41 79 118 128 64 134 98 4 8 115 54 14 100 3 124 103 28 84 93 137 61 39
14 116 112 62 77 14 113 66 135 97 71 10 5 1 108
40 80 130 31 78 18 6 1 103 50 123 131 49 98 129 124 10 109 35 36 105 57 44 88 70 62 74 121 125 37 41 39 127 91 115 94 47 136 68 93 13
15 79 134 139 21 72 8 5 101 18 118 102 84 55 75 45
36 57 76 93 44 9 122 40 68 32 85 142 44 84 86 83 50 98 34 51 125 7 53 27 84 142 16 84 23 22 109 112 139 11 2 34 55
32 119 98 48 135 107 116 113 78 74 75 115 126 72 121 105 14 19 115 65 112 75 19 14 58 52 133 69 14 20 48 1 31
17 126 142 1 5 10 30 49 123 34 110 123 83 142 81 117 92 44
49 134 58 132 96 33 74 118 20 54 131 21 41 114 68 96 48 93 82 81 89 84 98 80 9 103 136 82 72 129 107 133 87 129 133 80 109 68 2 64 8 142 23 4 14 70 91 77 16 125
17 72 14 93 136 129 102 124 49 138 19 105 74 61 122 56 94 73
5 93 16 76 84 48
36 91 119 103 56 64 103 36 114 44 28 18 55 39 73 111 41 89 89 108 114 141 20 103 24 93 138 56 62 103 59 39 47 51 101 68 20
25 39 62 1 92 13 47 33 135 51 102 36 110 137 5 106 133 138 78 55 17 101 140 123 88 28
42 48 27 23 72 116 54 133 104 70 65 71 116 48 33 77 136 118 58 140 116 102 2 52 78 72 8 31 32 87 72 87 61 16 92 81 15 15 31 116 99 57 40
32 98 27 97 124 46 58 119 91 116 7 16 51 65 46 132 41 1 111 104 30 120 109 110 49 41 6 123 66 80 140 59 82
47 49 36 94 38 45 46 29 5 76 12 68 37 26 9 1 11 84 51 87 71 28 60 55 112 136 24 41 109 4 19 88 56 117 47 20 69 7 104 79 108 43 132 90 63 34 39 124
37 20 112 30 128 73 141 3 94 89 141 108 100 51 142 79 9 7 93 138 80 34 138 142 46 47 115 14 76 24 73 120 120 24 17 24 105 38
41 61 48 132 81 54 57 137 11 19 8 2 92 65 2 31 113 57 96 52 61 10 133 23 110 16 137 13 133 136 15 140 117 57 107 129 140 104 135 131 58 110
6 61 58 57 70 71 11
24 92 1 68 142 58 19 44 21 141 118 108 39 54 15 77 95 65 134 13 4 129 11 107 76
45 19 86 1 30 20 73 76 127 28 119 114 103 137 18 21 60 84 110 66 44 79 106 138 82 52 101 58 105 42 75 5 54 85 74 134 94 9 29 89 72 64 91 123 61 39
38 90 47 115 58 141 138 108 69 9 51 113 48 122 97 113 47 103 13 56 63 68 7 40 92 132 33 130 83 50 138 65 129 6 136 44 53 139 138
23 20 36 128 68 14 31 63 25 22 62 134 65 127 138 141 67 139 80 69 123 137 106 119
41 95 90 116 61 13 2 2 81 19 37 99 72 75 69 21 131 97 129 129 118 95 113 109 83 92 81 69 130 11 132 109 129 43 23 116 98 82 21 32 106 71
40 77 119 24 67 63 6 124 140 49 20 133 89 1 57 122 56 138 17 128 56 140 107 2 38 16 32 133 31 133 53 46 52 29 69 12 56 117 77 24 115
32 43 40 32 140 87 82 22 113 113 67 54 104 87 131 13 16 75 132 43 86 78 13 87 97 65 53 78 69 136 69 32 50
3 130 111 85
5 66 67 92 43 112
30 99 99 141 54 44 122 95 15 94 112 128 8 101 51 53 94 141 57 33 141 13 64 38 89 124 112 110 87 30 108
41 38 125 51 60 46 1 115 114 120 101 44 119 125 108 36 18 55 28 25 80 3 134 105 88 105 14 66 41 126 20 24 59 20 73 60 79 80 123 24 88 120
43 74 23 116 8 15 16 109 52 135 121 19 57 82 53 19 48 110 63 113 129 82 13 71 98 90 122 10 82 97 27 72 19 133 107 110 53 75 69 137 16 72 50 2
36 1 102 91 95 111 126 115 97 73 122 96 110 74 45 71 57 28 124 56 85 16 78 139 134 78 136 135 87 34 126 112 99 40 77 62 99
40 101 66 65 5 23 142 94 20 124 22 5 106 21 44 131 113 29 19 117 88 124 12 58 51 111 65 138 110 80 58 127 102 25 33 95 55 105 28 86 140
34 98 37 117 48 31 110 110 86 109 21 99 16 87 121 52 35 137 72 32 130 54 37 53 2 75 90 96 31 71 113 107 19 86 54
1 20
42 9 29 66 1 7 51 134 14 112 6 6 141 124 73 41 44 28 18 28 126 20 26 44 9 3 89 12 66 59 34 6 138 45 111 5 41 47 123 59 108 3 68
7 121 72 56 96 23 22 87
11 78 97 121 133 132 57 81 19 53 21 131
29 6 18 80 38 20 120 6 30 7 91 44 101 119 125 1 1 139 24 7 139 62 34 141 114 93 59 141 45 28
25 57 2 16 48 129 129 122 63 129 135 69 116 67 140 90 110 107 121 65 81 102 42 86 72 4
13 20 141 112 20 134 6 23 6 88 137 73 122 8
14 130 102 74 33 99 115 83 53 45 26 24 102 137 84
1 78
50 102 101 29 5 14 35 9 84 3 41 57 124 1 93 135 141 92 125 67 138 80 6 4 20 50 128 12 19 127 28 79 34 11 25 55 140 46 98 114 131 106 68 113 81 51 123 44 142 108 47
4 65 47 122 3
18 22 84 41 70 88 93 139 102 92 33 82 83 19 63 30 123 55 29
36 74 37 69 107 69 42 42 63 33 35 133 104 35 82 117 21 48 2 57 75 140 74 54 70 72 13 131 113 118 11 109 122 95 129 69 42
50 38 142 37 28 10 60 89 135 11 59 142 72 109 108 11 128 129 71 111 30 51 27 112 20 35 109 4 100 70 84 69 22 48 4 32 109 79 122 58 140 22 48 54 93 53 42 1 51 39 74
31 42 10 92 90 98 8 92 61 90 102 19 74 2 121 83 77 129 71 74 63 31 87 133 97 96 99 27 13 61 67 110
44 5 108 79 127 85 56 100 84 108 39 7 64 88 112 6 128 45 29 60 85 134 25 134 1 120 12 126 26 100 108 124 68 47 6 108 126 20 105 64 3 112 91 47 101
14 82 18 91 116 121 95 79 23 44 39 10 71 77 9
19 38 113 30 97 132 86 78 58 68 119 88 49 95 118 37 136 57 84 134
20 39 22 47 111 28 133 91 85 30 9 12 93 15 142 60 34 29 41 64 76
29 121 86 34 101 71 64 8 18 24 64 2 65 56 40 24 129 8 84 119 141 32 47 132 51 49 19 119 43 4
23 51 119 127 45 91 30 1 17 33 3 88 71 86 92 54 83 127 82 79 43 48 117 138
32 112 76 61 37 75 114 139 85 128 94 48 91 134 12 27 35 111 41 135 33 119 137 92 56 6 29 4 5 93 24 101 73
2 141 64
27 46 45 56 137 48 26 138 92 90 81 94 52 120 86 56 142 71 27 83 42 116 130 94 136 90 109 11
44 25 28 84 88 112 80 141 30 79 91 62 93 126 111 123 88 73 9 88 29 45 111 126 139 51 47 45 88 64 89 123 17 68 124 141 28 91 46 142 14 59 138 66 46
9 42 22 74 87 131 106 133 22 27
29 93 72 112 104 71 51 51 85 61 92 14 34 124 90 97 142 138 58 2 97 91 98 17 62 137 75 111 18 135
32 102 139 103 54 142 6 43 111 68 18 17 63 10 22 22 137 74 59 41 3 52 69 53 21 83 16 15 136 112 48 97 81
8 88 47 91 7 108 60 17 60
36 115 89 60 45 114 46 137 128 41 80 78 112 7 127 134 51 125 52 70 34 64 53 68 119 73 6 139 136 91 79 142 101 9 85 42 100
24 70 99 53 132 50 102 57 53 104 23 95 121 43 65 107 58 31 71 22 122 52 81 50 87
26 1 36 22 25 100 4 7 125 17 29 45 141 123 103 122 14 54 28 48 115 89 56 88 127 57 138
12 90 19 32 92 130 22 106 77 2 106 132 136
6 77 43 110 39 138 72
30 98 69 29 109 97 32 124 100 26 120 106 80 27 66 125 103 73 3 110 55 36 82 60 94 18 101 46 76 30 9
8 135 71 100 47 124 17 45 33
25 10 62 124 120 48 43 38 108 105 88 104 76 58 78 42 52 81 47 42 77 132 24 45 115 40
16 23 68 20 141 109 77 33 81 114 52 72 107 55 50 127 83
25 64 22 31 61 123 134 56 125 16 87 48 63 19 111 70 19 15 128 133 70 42 102 47 66 131
47 56 127 30 39 7 6 21 64 130 37 97 14 52 87 21 62 93 19 41 41 20 86 100 52 1 5 75 29 90 70 6 91 89 55 110 108 40 12 56 35 21 61 40 126 80 81 15
18 51 125 36 20 7 41 9 64 139 62 85 7 47 1 128 5 125 85
50 104 39 79 25 20 39 84 65 6 45 1 32 74 112 53 104 104 13 46 26 17 122 66 118 93 51 76 26 137 117 50 127 68 63 53 55 27 95 119 31 75 21 79 114 52 22 95 56 55 86
6 11 87 38 29 56 48
10 63 8 127 123 14 128 48 40 85 138
9 9 142 93 24 62 38 101 101 7
46 44 110 96 40 137 31 80 44 64 111 140 139 58 6 130 117 38 40 72 63 40 48 47 88 84 9 96 56 95 37 129 17 132 61 142 137 26 96 19 103 44 20 135 59 33 63
42 116 72 11 17 56 41 126 74 88 139 134 7 137 108 67 139 97 131 86 51 115 11 127 16 6 5 125 106 126 59 134 15 42 86 55 24 133 67 136 70 46 2
49 52 106 112 140 85 37 78 135 30 124 18 107 115 42 120 137 51 14 80 90 73 125 66 111 72 117 71 103 28 119 55 39 19 20 126 34 41 7 4 38 45 12 46 49 118 128 50 75 47
4 14 126 134 62
47 38 3 105 108 20 93 7 112 24 105 25 1 79 17 134 29 30 45 126 41 41 139 59 45 126 5 7 142 20 41 18 12 9 60 39 138 68 64 20 20 66 51 30 49 9 56 38
9 94 1 127 49 55 14 39 89 112
27 17 68 137 26 39 29 101 93 70 81 80 70 130 28 13 6 41 64 43 57 59 3 73 15 103 76 39
25 4 15 112 130 116 42 122 48 67 27 138 94 138 64 119 91 16 40 40 134 98 17 27 20 15
42 92 18 110 46 128 46 8 75 82 116 77 69 6 28 134 75 85 130 60 128 33 43 90 136 107 72 94 126 21 137 45 75 125 51 122 87 52 49 132 77 97 60
36 30 34 29 72 87 71 8 108 106 94 39 45 61 15 47 117 107 39 90 85 24 31 4 84 120 97 47 68 83 82 129 140 72 74 54 116
27 57 36 84 46 142 11 103 12 25 110 128 59 86 39 103 108 58 141 45 18 140 99 113 21 48 106 119
12 76 114 22 32 13 99 118 39 107 99 33 34
3 55 90 122
27 61 106 2 129 92 142 101 142 58 24 82 34 48 65 96 12 117 126 19 84 84 125 40 92 24 111 71
22 84 139 28 109 62 88 47 7 12 42 132 36 93 107 55 101 123 121 33 23 34 73
37 133 110 46 28 58 129 45 102 38 98 58 88 81 101 117 8 14 86 43 77 131 115 48 10 131 86 88 112 23 16 62 127 140 5 27 34 138
17 83 23 37 8 118 54 65 27 11 117 99 63 133 15 90 53 81
10 50 34 11 47 41 142 8 46 31 53
24 106 91 15 14 135 44 92 140 40 91 6 58 60 11 96 81 130 63 8 38 24 34 45 44
12 83 104 37 43 33 65 99 33 136 40 137 13
18 101 111 1 120 132 103 8 139 138 122 59 124 62 74 7 91 24 125
23 72 48 85 13 75 64 132 36 35 79 25 32 132 86 119 23 89 91 84 41 116 3 7
48 54 21 75 101 9 93 57 65 21 40 111 6 14 88 83 33 116 40 41 33 74 60 57 24 73 141 106 16 44 1 87 80 32 132 52 60 79 132 10 85 111 67 111 106 41 1 138 51
19 114 53 34 63 20 14 19 66 117 120 123 21 54 102 107 92 116 3 14
36 124 114 125 80 3 112 91 103 139 141 56 24 9 142 17 112 73 3 6 39 125 124 51 111 24 25 56 100 46 103 68 127 24 39 59 126
3 81 74 96
14 118 35 137 68 98 133 83 35 136 81 68 111 85 56
38 90 50 135 96 30 73 81 74 65 118 23 100 18 86 126 54 17 124 93 16 54 117 89 104 106 126 44 66 111 115 43 42 131 114 48 140 51 129
3 18 111 128
19 81 105 34 36 56 55 31 79 45 135 113 126 33 21 134 118 119 26 29
39 119 34 108 80 73 60 6 119 62 126 36 141 88 80 14 14 17 126 127 5 128 1 89 115 25 34 66 34 105 20 127 55 124 7 49 34 6 85 68
15 80 142 139 85 1 51 26 115 139 91 36 5 108 111 6
3 62 83 5
15 106 138 141 23 54 80 20 117 24 38 93 45 120 26 85
7 106 121 93 56 92 28 69
5 131 69 28 38 54
4 102 57 63 40
5 121 89 90 20 18
38 99 71 2 42 116 31 48 86 8 113 74 95 31 61 140 122 37 97 19 81 33 69 74 69 21 110 57 69 33 96 40 40 21 102 2 132 21 74
48 93 138 71 2 103 27 108 126 98 12 112 3 128 42 60 1 96 34 141 107 28 88 9 69 142 16 41 86 104 31 111 117 101 64 15 79 76 19 5 49 53 6 105 131 73 135 72 66
13 7 62 120 100 119 17 47 60 12 89 44 88 24
23 38 111 14 1 84 73 128 85 20 135 115 30 60 34 126 5 49 23 86 10 119 3 123
11 25 139 112 17 76 18 18 60 25 36 29
19 79 28 66 66 123 18 6 139 127 59 114 94 20 128 141 55 62 55 84
9 135 84 101 129 49 58 6 80 94
20 69 88 117 25 61 51 106 118 123 66 129 70 5 10 94 100 6 36 31 134
29 27 81 130 80 84 44 65 30 20 7 133 76 111 29 60 89 73 3 59 49 77 91 119 64 79 103 137 124 141
1 127
42 46 7 30 9 77 96 9 103 141 74 128 101 125 83 36 140 29 30 18 39 95 60 10 132 52 116 136 83 101 82 7 71 92 128 98 107 85 15 57 12 38 25
39 94 52 92 35 136 120 5 98 28 21 8 88 7 135 80 76 61 78 85 97 46 60 128 26 74 57 91 1 113 118 25 41 87 114 90 53 33 16 62
47 74 107 54 97 110 140 130 40 96 110 2 133 48 35 40 132 22 78 136 4 42 33 140 78 21 61 58 40 97 129 69 19 72 2 8 133 4 87 95 70 58 69 135 77 53 140 19
44 11 69 42 129 90 116 42 130 90 99 116 8 42 99 11 113 61 40 132 22 11 10 136 104 75 69 23 16 110 109 53 42 129 27 78 86 77 87 63 71 117 31 67 122
42 64 37 133 106 83 52 43 125 91 49 55 111 84 131 60 135 95 24 80 117 34 88 66 1 41 134 104 85 98 114 127 126 137 79 118 36 51 142 122 128 61 120
40 101 40 131 21 124 125 95 140 83 37 122 26 44 81 62 100 21 135 74 61 117 41 40 64 94 54 127 18 106 61 45 88 59 23 44 132 15 27 140 52
45 107 132 93 81 127 62 43 115 22 33 131 68 113 12 10 28 30 59 19 124 129 108 126 99 17 99 116 131 72 57 102 13 57 10 101 15 64 10 82 13 19 84 131 7 14
40 90 98 91 47 84 20 3 44 51 73 107 62 127 5 93 85 19 134 76 101 23 108 56 7 105 59 111 125 11 28 88 89 80 49 14 115 55 69 1 124
22 103 64 7 30 32 142 50 138 126 116 3 117 83 39 71 60 141 42 86 25 76 84
24 76 90 32 66 2 3 34 95 111 142 99 51 109 17 98 109 39 35 115 1 89 103 106 27
38 111 53 108 7 14 63 75 78 86 83 89 46 29 27 91 3 134 82 100 115 65 85 73 105 64 88 93 51 142 55 42 45 59 84 38 44 43 80
32 123 6 138 114 120 126 134 114 29 85 89 1 6 125 47 9 134 120 85 142 36 9 55 25 141 127 108 126 1 36 20 7
1 112
36 103 126 68 46 105 32 3 34 49 70 142 64 51 83 91 84 12 85 100 45 50 80 86 89 36 127 5 11 62 18 112 55 56 97 20 111
30 64 118 96 22 70 62 112 123 35 92 74 76 16 35 106 25 69 99 40 8 109 96 75 91 14 74 104 114 140 19
7 36 124 30 72 66 22 56
23 93 6 12 20 9 29 3 25 7 46 51 73 73 30 114 93 47 66 66 46 24 49 125
3 109 120 78
41 91 99 99 71 68 46 135 134 130 112 1 63 58 25 122 124 131 17 114 91 130 43 33 63 44 126 70 138 26 9 130 38 33 107 119 113 36 77 17 95 90
49 6 86 92 68 110 7 95 104 89 99 101 72 90 108 47 65 14 112 1 33 23 67 38 58 14 29 110 141 62 120 140 125 60 96 94 102 32 114 61 16 138 124 40 27 10 52 41 92 103
24 78 42 142 63 34 45 103 30 62 126 88 85 18 48 97 5 9 132 12 46 110 107 49 119
15 98 8 130 81 99 19 104 135 31 42 102 110 61 23 81
36 118 41 119 5 68 46 131 135 36 79 112 84 21 65 59 101 24 45 136 34 103 49 120 117 66 85 100 38 114 54 13 94 3 51 141 62
46 54 25 68 7 111 67 37 8 106 103 17 125 87 129 94 28 78 13 139 130 5 64 39 16 18 45 32 141 102 131 48 59 60 34 51 89 91 49 9 107 126 79 55 20 85 82
27 139 38 125 84 84 108 84 6 76 124 68 25 103 49 139 17 108 79 139 101 34 7 93 91 123 17 29
28 132 54 104 53 50 68 66 99 128 59 73 104 93 11 71 11 17 130 103 71 45 70 57 20 80 25 66 77
22 136 17 77 3 125 21 135 87 67 15 113 104 58 104 142 44 65 29 110 137 1 104
34 24 96 64 108 7 119 53 2 5 55 3 122 84 47 44 41 75 105 125 28 110 83 12 120 20 39 115 116 51 9 126 134 62 72
48 103 113 53 88 80 64 29 112 66 61 55 37 74 142 10 100 49 115 44 57 127 139 104 41 135 52 51 13 16 26 108 60 7 20 138 128 36 111 28 141 81 3 42 39 114 96 73 122
41 78 2 97 6 48 4 114 30 136 13 121 123 72 114 137 109 6 39 142 44 24 53 133 66 90 73 8 113 114 101 31 63 57 9 65 97 56 96 20 121 39
44 71 51 27 80 55 128 65 48 100 79 73 62 25 110 37 1 130 76 142 6 35 120 28 103 102 91 64 52 10 18 11 54 85 56 59 3 68 114 96 81 116 15 109 30
32 12 93 142 8 60 67 104 57 27 27 130 108 27 50 128 81 5 92 83 111 105 57 139 135 4 67 131 122 73 6 98 80
34 15 95 42 86 33 37 102 107 106 11 58 10 109 74 116 77 67 92 90 67 71 78 78 97 67 54 37 2 50 72 82 71 81 122
2 12 59
16 18 38 39 38 73 89 101 93 115 88 93 124 114 29 85 62
38 52 15 83 118 130 90 4 78 136 53 135 92 43 58 106 74 104 35 137 61 11 97 23 69 117 16 109 71 75 95 58 16 97 70 4 99 131 8
44 139 97 68 26 58 96 7 127 12 89 69 81 23 41 59 11 3 60 114 55 126 93 82 44 99 9 30 72 87 88 125 85 107 76 28 101 133 10 29 141 1 106 18 53
23 24 29 1 89 38 94 41 108 7 89 60 18 120 141 29 84 25 68 24 47 41 1 79
37 91 64 38 1 101 125 66 62 91 73 49 68 41 123 103 3 25 51 41 112 119 38 94 91 124 5 47 66 79 93 9 59 76 88 64 56 66
31 97 35 95 52 4 137 116 121 52 98 15 15 4 132 104 122 86 81 106 33 53 117 78 22 130 133 116 121 107 15 69
7 121 42 139 52 34 43 94
1 114
17 49 25 49 85 94 76 94 68 7 94 123 46 138 89 88 80 112
34 101 108 7 6 14 135 50 31 60 94 83 78 34 41 112 106 115 25 53 52 66 20 126 124 100 11 64 117 99 116 55 82 109 70
29 81 43 122 129 141 30 47 75 1 54 70 69 3 68 17 64 142 83 131 129 89 39 28 16 15 10 110 91 142
4 113 17 20 40
24 105 110 64 141 6 37 103 135 96 121 96 141 35 95 77 130 132 76 81 32 93 53 53 134
40 142 127 94 73 64 23 42 40 29 22 9 27 68 30 58 51 111 76 85 141 93 134 12 97 69 59 126 118 128 84 18 66 101 11 125 26 124 70 14 79
27 50 137 90 21 118 121 48 107 13 50 22 92 61 50 21 8 82 32 40 4 11 35 50 140 104 97 70
27 121 37 92 8 107 4 129 61 72 35 58 57 104 118 48 113 8 118 82 107 69 52 52 102 82 23 81
42 121 81 136 41 58 86 58 8 54 135 88 67 21 53 97 23 86 117 123 87 97 68 8 84 131 96 66 72 123 79 84 55 49 77 38 60 141 86 125 133 30 104
33 121 122 52 96 129 118 136 113 35 13 37 137 118 116 65 11 77 23 10 129 4 96 81 54 98 95 90 98 72 70 102 10 82
46 48 81 125 115 78 122 25 23 128 6 40 128 131 49 78 77 139 5 32 119 62 6 141 22 21 140 111 22 28 50 104 136 13 6 21 110 92 100 38 142 61 13 77 9 90 127
12 104 42 90 106 133 52 16 69 67 48 135 2
23 3 82 137 28 34 126 117 26 109 121 108 61 44 51 142 73 9 8 15 6 14 60 97
22 126 28 100 20 142 24 122 138 26 96 140 131 57 95 124 125 120 29 17 80 127 42
38 18 12 28 29 93 114 25 120 38 120 9 79 9 64 114 123 20 108 125 134 46 126 142 127 38 46 39 134 115 141 119 3 112 36 66 91 55 60
24 7 131 116 103 138 19 63 2 89 78 92 8 20 88 84 84 104 142 47 25 106 45 140 80
15 126 131 120 113 25 97 29 64 40 124 26 85 56 141 99
20 111 28 116 130 60 15 46 13 44 61 88 138 97 117 98 86 29 65 98 94
43 100 56 125 25 28 55 18 88 99 44 59 23 49 65 2 98 16 122 79 41 123 92 68 61 40 7 22 58 5 74 34 42 51 114 45 132 37 119 73 90 62 109 106
20 1 108 45 35 105 66 49 73 110 104 109 75 77 130 94 72 81 9 82 42
26 79 24 138 13 40 62 68 20 126 91 28 112 124 141 60 61 78 44 59 121 142 136 14 26 87 133
31 141 44 14 51 91 123 39 17 93 59 89 123 80 6 62 115 119 134 112 41 80 138 84 123 6 14 56 56 139 5 89
24 30 14 101 45 14 64 124 138 111 126 12 56 141 59 94 46 39 79 29 141 25 88 139 1
29 68 125 17 7 29 14 88 114 5 66 47 73 80 25 112 3 60 56 14 64 84 80 79 24 94 9 18 9 62
6 114 18 36 45 7 111
15 69 138 136 67 37 36 53 115 58 39 110 62 125 59 119
33 25 90 142 88 68 28 24 21 80 85 31 79 73 81 22 46 103 107 108 50 116 108 94 118 9 56 44 88 69 109 6 115 111
48 62 65 98 10 123 25 104 10 117 132 66 12 115 48 88 132 23 98 106 60 36 48 44 126 73 41 65 127 5 18 42 66 16 56 47 22 55 118 28 79 103 80 71 6 138 52 81 110
9 49 142 118 25 93 55 8 72 28
43 87 69 33 8 37 31 11 72 61 52 106 110 133 110 42 92 96 95 15 107 19 90 23 132 110 95 104 70 136 58 54 57 35 58 2 99 11 90 81 81 61 102 58
22 113 136 40 35 131 117 89 129 100 107 63 62 40 75 29 4 80 49 4 139 140 27
37 51 111 84 2 111 29 133 107 95 72 19 32 56 130 89 135 107 106 102 45 110 114 16 85 72 71 130 127 111 94 83 142 136 142 15 81 28
49 13 65 101 119 80 42 125 126 75 11 45 84 74 119 65 106 5 81 133 118 4 130 134 66 4 5 33 82 118 123 4 88 90 16 56 135 27 66 32 71 56 126 18 55 38 16 70 46 62
26 106 85 79 126 122 106 35 30 42 47 18 10 5 62 85 132 39 116 69 112 81 70 73 52 85 101
28 20 89 28 29 76 18 141 92 124 58 101 84 6 5 139 53 103 79 112 66 91 100 118 39 47 68 35 17
5 70 28 123 32 43
25 74 5 90 2 88 47 81 59 138 7 50 107 81 116 109 30 93 78 120 30 5 86 88 112 43
48 32 121 50 106 87 61 35 72 72 10 140 40 131 82 27 122 54 11 118 57 48 50 122 104 122 140 110 102 8 27 70 106 52 70 96 53 57 16 106 75 113 40 53 95 8 140 40 130
5 106 61 77 65 13
18 99 71 63 38 75 133 6 53 137 125 124 75 25 1 126 1 104 105
25 78 95 92 106 70 43 110 65 11 11 32 10 82 99 72 8 23 104 11 122 4 67 83 11 86
41 90 90 135 4 140 113 135 81 11 118 129 137 81 15 86 48 8 92 23 104 15 74 27 75 27 31 81 63 140 87 67 57 4 10 122 98 83 70 21 57 71
49 118 61 40 70 104 8 113 54 10 130 121 110 61 135 109 72 97 107 58 40 43 104 8 83 19 131 27 117 122 78 130 104 16 86 129 50 71 77 117 92 117 131 132 2 78 61 129 2 99
29 34 74 127 140 76 81 7 26 6 64 61 73 92 108 14 37 10 116 138 44 136 85 114 3 4 137 19 84 36
5 127 76 3 6 17
40 75 112 133 33 80 20 120 115 75 68 139 1 130 21 29 60 31 25 93 82 97 61 52 62 64 33 71 100 14 67 125 21 110 45 50 99 74 123 114 114
39 81 116 57 40 120 101 56 22 43 112 67 110 118 6 104 54 90 131 44 26 34 27 15 120 31 108 10 87 94 22 62 1 54 40 12 126 127 41 99
2 57 109
17 31 84 99 51 15 36 94 48 39 136 38 30 3 103 128 113 40
9 66 83 119 75 135 31 20 91 94
13 91 101 18 11 13 22 96 16 135 27 38 9 131
36 58 63 140 42 37 136 106 22 137 107 43 78 130 82 37 33 131 16 109 21 137 22 133 107 81 121 83 69 19 19 96 130 21 65 81 71
27 17 71 44 96 140 127 139 94 5 12 22 59 77 114 79 124 25 108 15 1 103 47 41 70 68 2 63
2 130 120
27 96 23 77 65 131 32 107 87 32 53 42 81 104 77 42 83 90 75 90 83 130 99 4 137 50 69 65
43 67 118 62 80 8 90 26 97 117 73 9 111 59 77 51 110 58 117 109 78 123 102 9 30 10 37 105 109 52 101 42 25 139 108 23 120 10 63 59 86 10 60 118
18 105 100 79 111 114 39 91 45 125 91 59 142 20 55 59 101 139 1
38 88 120 141 26 60 20 126 39 112 60 127 14 44 134 126 56 126 51 60 119 46 80 36 125 62 84 56 12 115 93 25 85 49 93 17 101 6 62
15 3 75 71 117 76 31 33 106 112 99 80 116 84 25 53
19 125 103 37 113 136 84 128 115 118 4 75 11 120 58 114 85 42 142 134
37 19 102 4 127 137 73 14 121 65 58 92 114 25 50 117 65 124 12 35 50 42 127 81 46 32 141 5 120 15 129 2 124 67 73 79 142 31
28 42 33 32 33 112 107 88 108 51 22 60 57 39 42 58 46 35 114 3 5 26 128 112 1 88 38 74 102
6 132 32 133 11 122 1
8 131 83 31 48 16 70 10 10
5 127 89 111 24 28
35 75 63 83 5 18 79 127 111 126 100 103 56 139 12 112 137 30 75 31 126 44 83 84 23 16 116 112 78 117 120 59 13 79 87 136
31 108 105 50 128 52 118 62 6 23 25 77 44 47 27 111 102 46 37 107 91 2 89 49 139 103 45 76 24 134 72 38
13 96 72 86 104 7 82 52 85 24 37 130 109 110
44 46 7 51 111 126 35 71 32 137 136 6 42 39 135 101 1 123 92 98 34 60 5 119 142 36 55 89 139 103 108 30 112 3 107 100 47 59 65 72 96 11 131 91 24
43 34 65 115 48 43 75 67 135 90 104 133 94 107 69 108 76 103 135 1 38 140 5 28 68 41 73 5 134 18 85 124 114 89 24 80 45 29 79 120 128 94 103 129
7 132 88 110 69 142 9 64
15 140 18 105 136 76 5 104 63 103 1 39 107 94 89 122
16 11 51 56 62 94 46 101 121 27 61 17 102 125 140 42 73
24 102 74 107 74 43 11 102 4 106 22 13 22 77 77 13 15 102 35 63 97 122 132 135 54
21 131 37 97 66 36 20 44 30 72 102 56 52 57 34 92 90 95 9 78 98 61
1 58
35 10 65 113 50 122 107 121 110 10 135 61 82 122 92 31 58 140 130 135 97 74 58 19 27 83 117 135 83 77 132 71 107 27 10 82
29 82 77 129 37 54 43 78 106 121 43 69 48 107 37 104 95 48 72 106 104 42 35 95 67 52 23 61 37 140
17 118 140 15 96 87 50 69 75 31 130 107 40 48 61 104 72 96
14 37 99 69 136 50 10 133 110 31 86 74 86 21 33
10 81 67 131 43 81 87 71 2 136 57
48 23 100 35 16 114 20 79 86 31 57 44 26 104 27 13 93 86 131 109 130 4 1 43 113 82 27 140 86 141 46 76 19 15 74 26 108 98 24 88 29 59 1 32 38 75 92 55 77
29 17 60 14 142 134 93 112 55 112 17 26 46 12 73 17 49 9 114 28 141 14 112 30 111 123 55 88 114 88
17 107 90 40 3 40 59 9 42 111 13 71 127 44 44 139 140 56
38 50 130 54 81 118 71 58 106 109 104 8 40 106 77 69 92 121 22 132 78 50 65 67 57 98 99 65 118 90 129 27 19 132 78 83 58 117 65
3 108 17 7
50 37 57 72 113 69 69 95 72 109 99 110 63 22 54 65 40 97 132 10 65 107 32 99 137 97 32 58 133 78 10 133 57 135 58 31 132 35 70 43 16 58 109 106 57 71 118 10 2 71 70
45 10 127 32 17 52 80 55 9 3 113 126 141 109 88 118 115 92 74 124 46 47 54 6 36 140 41 59 65 71 119 106 38 101 142 26 31 28 19 139 108 114 111 91 16 5
46 53 6 64 126 95 70 21 25 53 65 27 130 64 132 37 102 134 10 46 10 16 127 19 23 88 105 142 86 52 43 92 7 140 76 58 15 11 35 104 30 34 26 126 116 43 36
16 58 99 117 142 112 106 68 20 109 142 4 14 108 6 41 93
15 71 17 9 7 39 90 18 76 125 3 93 112 66 30 55
43 120 102 59 28 76 80 14 49 116 78 1 112 99 101 16 141 55 115 108 7 21 88 69 111 25 52 83 125 128 100 18 8 66 29 63 77 114 13 73 46 89 81 123
1 53
1 60
37 31 11 123 127 123 71 66 104 75 22 87 64 91 63 97 105 111 86 17 25 20 34 66 116 94 30 77 89 47 97 1 59 39 27 127 2 19
14 114 102 71 74 115 125 74 73 49 84 120 142 22 44
7 15 117 48 11 98 42 87
28 81 50 71 43 113 139 65 125 55 129 46 75 54 21 55 67 90 69 56 53 101 36 41 110 127 127 74 45
47 130 19 82 48 118 23 106 65 19 11 57 107 21 109 121 137 81 31 2 2 86 90 2 40 63 23 31 74 95 33 48 122 16 137 16 77 87 98 52 87 61 109 113 98 58 132 58
19 123 46 98 133 18 86 20 95 46 42 61 110 136 15 67 124 98 117 111
48 135 33 80 79 2 30 120 1 51 85 40 25 73 119 10 18 28 141 33 119 86 121 76 61 35 120 58 138 42 45 140 82 52 44 135 128 139 47 13 78 65 96 64 53 99 55 107 79
41 116 19 79 9 117 93 2 136 43 65 101 119 96 116 89 114 136 103 14 116 124 105 30 56 39 130 64 95 72 36 53 3 88 46 46 31 67 57 30 112 4
27 74 31 137 24 108 83 137 45 74 98 101 47 55 60 55 26 67 34 111 34 40 132 57 102 5 46 68
30 87 113 82 10 132 74 90 104 57 69 13 110 27 69 82 135 71 104 129 58 113 113 92 99 97 131 13 16 11 50
9 105 135 71 73 126 45 32 11 134
24 88 100 79 55 47 101 128 47 85 101 49 49 127 120 41 112 120 60 88 88 66 139 41 34
43 56 119 7 51 9 120 98 81 117 127 134 8 112 18 89 85 104 20 79 17 84 88 5 68 6 100 24 34 107 60 46 41 49 29 55 67 126 111 31 131 19 114 136
24 115 32 9 9 130 51 109 14 86 93 114 130 63 34 92 77 36 137 140 42 8 38 77 56
2 18 30
23 72 103 109 108 56 67 47 60 129 7 130 123 51 51 86 102 56 130 102 128 101 96 72
16 93 14 115 111 79 79 127 39 126 127 6 85 7 115 3 55
7 119 55 126 96 111 16 116
4 20 9 56 17
14 136 50 77 35 133 86 71 32 65 69 67 87 2 136
30 109 13 74 93 10 136 79 132 77 83 28 76 94 122 53 114 32 4 114 125 3 86 86 82 90 32 46 18 141 103
11 115 55 73 60 100 15 66 129 47 111 59
30 14 108 120 26 9 47 28 142 124 20 24 25 85 128 12 125 34 139 62 44 36 29 115 123 76 89 7 88 91 38
19 89 79 66 69 62 11 75 52 69 113 121 85 11 13 130 47 61 139 84
15 113 122 77 85 105 20 52 124 108 123 78 132 140 64 121
7 94 23 97 126 105 89 24
17 68 76 7 66 9 78 121 47 141 100 123 69 14 15 103 23 117
25 35 34 131 90 22 85 118 93 42 50 128 20 110 140 90 121 137 79 84 2 41 33 11 7 51
43 14 34 34 20 56 138 29 25 68 44 29 6 51 123 80 12 56 100 142 56 138 91 88 88 91 38 141 60 41 34 34 59 89 89 76 28 30 34 6 45 24 73 38
36 63 113 81 35 91 55 114 73 71 11 142 98 76 47 68 9 54 141 88 113 55 57 86 27 8 37 35 70 131 34 87 25 24 16 126 85
19 134 34 83 114 28 50 1 119 135 70 39 17 91 96 123 74 27 45 111
38 54 65 106 65 2 66 94 37 107 40 107 20 142 2 20 70 70 115 31 73 112 52 117 12 116 81 111 137 113 112 58 59 83 110 74 4 6 117
31 96 61 56 85 22 4 31 82 55 71 114 98 114 10 100 24 130 36 2 132 54 95 48 53 26 57 90 10 106 57 72
21 137 90 75 32 23 15 110 35 140 74 140 21 58 8 53 136 121 15 81 31 27
29 141 84 44 49 45 41 141 123 89 84 128 89 91 30 100 119 103 30 125 17 24 120 29 41 17 17 1 142 47
42 100 14 138 41 18 47 1 34 25 6 64 51 66 103 94 88 55 29 85 9 142 20 47 28 120 56 114 55 24 128 62 44 17 73 138 46 79 14 51 36 68 5
19 104 132 113 82 77 27 21 42 140 2 50 23 61 122 137 83 48 122 8
24 140 5 77 116 25 125 105 29 56 63 101 76 73 34 36 3 44 7 82 89 12 88 8 51
30 61 105 65 24 120 138 46 2 113 1 10 91 19 27 67 134 98 6 11 27 130 131 43 82 115 63 110 82 62 72
12 12 125 113 83 79 94 25 18 112 34 28 142
5 29 135 91 105 11
16 100 22 53 16 39 48 29 89 106 78 135 52 131 5 133 38
25 1 11 17 2 55 46 3 10 78 87 94 130 27 60 100 80 30 134 5 7 117 102 138 63 103
10 30 58 76 44 73 141 102 85 38 41
15 37 37 67 82 107 40 58 74 72 4 99 53 131 121 86
12 45 12 135 28 27 60 33 114 73 21 140 62
45 108 42 73 26 7 20 52 94 141 60 24 106 14 75 22 56 63 64 45 123 3 1 18 77 100 47 62 41 2 76 118 37 133 10 84 82 38 111 139 131 78 112 74 79 43
17 88 26 9 47 93 134 5 46 126 73 139 62 24 127 142 93 29
30 87 77 12 24 37 61 15 94 82 31 37 101 90 112 12 116 49 106 74 8 40 55 53 106 101 46 55 110 7 83
12 94 19 8 10 125 130 48 115 84 10 141 18
36 95 83 107 2 87 132 81 77 4 109 118 136 87 15 104 87 31 21 131 77 31 116 99 81 135 32 135 37 42 35 129 104 96 72 96 8
11 33 121 85 136 127 68 67 117 135 123 126
45 130 73 100 39 94 63 91 35 17 25 86 92 128 142 43 13 76 14 79 125 121 104 108 141 115 24 5 56 112 105 119 134 138 36 136 90 129 29 103 127 64 26 52 12 45
17 125 16 46 133 65 27 19 124 78 16 13 115 78 2 31 21 126
31 99 45 20 90 78 66 4 142 10 95 13 52 59 58 85 26 79 8 31 88 66 9 142 46 67 31 2 103 79 109 127
7 139 53 35 92 65 59 12
19 106 59 127 45 91 98 113 47 7 19 127 18 118 44 101 118 82 74 50
19 129 67 110 38 8 101 82 7 16 134 74 56 139 9 64 40 25 128 122
15 5 52 26 99 69 54 83 41 123 49 39 77 102 84 25
9 9 82 1 7 137 127 81 95 84
12 57 3 114 24 63 85 100 44 124 59 104 34
40 13 52 10 140 70 75 87 71 27 81 22 65 40 110 74 58 40 140 132 137 78 10 23 61 90 113 40 102 110 107 83 96 90 48 65 42 27 22 99 130
26 92 58 24 93 126 30 120 8 69 78 85 9 2 34 103 53 38 117 123 65 1 89 74 43 76 122
19 132 52 37 65 116 121 90 52 27 37 90 69 42 70 4 130 52 77 71
4 64 46 103 5
13 127 132 110 32 138 121 44 19 97 4 134 12 54
17 140 98 17 25 119 23 133 84 88 55 96 99 27 30 125 60 89
17 56 93 88 119 139 24 22 3 63 98 124 140 97 51 66 142 41
21 80 84 17 139 35 82 113 11 50 16 58 67 113 42 136 26 88 73 60 39 93
37 19 96 47 38 76 25 26 41 112 61 126 138 36 115 6 39 131 114 10 12 33 64 55 139 5 24 94 119 63 62 88 28 14 60 89 84 66
19 97 102 65 70 129 77 122 53 58 83 136 117 54 32 72 50 61 110 118
6 6 34 130 111 70 62
47 32 108 79 95 31 135 66 134 58 15 104 74 134 54 123 24 67 133 62 142 61 91 67 11 23 106 141 55 110 63 97 36 116 63 38 102 43 53 129 42 55 136 103 135 94 98 40
6 38 127 128 18 73 89
39 18 105 120 46 25 102 94 97 4 27 84 33 128 88 123 45 6 21 7 73 131 68 28 19 49 111 40 90 66 51 139 112 101 34 50 67 44 23 91
46 51 109 128 112 41 68 46 107 115 77 14 9 113 27 119 76 99 125 71 23 113 45 37 108 24 49 32 70 65 54 6 105 97 99 93 55 136 68 18 38 93 118 140 133 35 3
36 116 105 129 131 90 7 84 4 118 29 40 29 13 73 123 15 5 81 141 78 122 120 116 11 117 16 80 6 45 67 134 63 55 131 25 62
44 100 39 137 23 107 41 60 20 9 24 3 138 80 1 126 82 55 85 73 120 12 30 67 14 76 56 31 123 92 45 40 118 36 93 66 108 32 28 121 115 141 50 47 59
7 89 37 13 119 48 93 27
43 104 129 87 86 40 37 21 35 48 129 107 53 75 43 53 104 92 83 109 31 116 97 22 53 129 58 118 58 69 137 57 92 135 8 102 140 72 61 78 90 116 21 117
34 84 141 25 62 14 93 56 7 14 62 124 44 91 12 89 119 94 60 47 6 60 59 45 94 124 112 28 1 41 62 125 84 59 64
28 123 9 132 18 135 60 12 30 79 104 20 101 85 76 17 89 100 77 120 134 3 64 111 37 84 2 71 63
47 48 135 77 92 9 47 114 111 13 91 45 61 46 102 4 48 80 27 36 51 93 38 121 133 32 92 77 121 82 101 121 39 73 58 87 71 33 66 64 8 94 41 112 35 112 106 51
22 46 18 126 12 33 32 19 119 82 118 133 84 4 139 54 55 138 60 13 78 96 108
12 36 131 78 26 20 84 9 135 13 94 124 116
39 38 80 44 39 107 43 80 95 89 86 124 139 9 34 81 77 53 93 115 110 97 135 79 20 116 139 137 90 26 88 100 120 107 5 63 68 52 18 109
50 46 26 76 16 91 21 88 48 13 9 11 120 24 100 74 142 109 123 23 86 63 112 28 139 56 127 111 129 89 34 4 1 51 5 14 62 39 41 49 66 122 47 79 93 85 97 80 115 36 92
34 39 38 108 46 7 45 91 141 5 119 84 124 1 39 20 18 119 46 1 24 142 56 103 59 88 79 47 73 111 100 59 127 85 3
9 46 79 91 51 34 112 115 47 89
3 22 96 72
10 14 134 16 127 88 119 29 105 40 38
50 55 120 25 49 112 40 136 27 47 111 103 70 28 138 1 109 100 39 4 41 21 12 94 141 78 131 101 9 66 46 16 18 139 142 85 6 2 8 77 29 72 89 108 114 73 68 36 93 60 96
22 107 67 35 41 62 57 27 91 87 65 86 42 19 56 43 73 137 1 69 141 5 59
41 88 121 58 137 75 131 37 49 41 73 37 135 2 73 54 56 121 51 140 130 130 85 63 134 6 112 3 49 47 67 56 65 98 53 82 76 127 96 68 97 140
14 60 17 100 75 80 120 16 83 1 59 14 94 44 138
35 18 112 29 64 28 107 142 108 35 21 128 59 76 49 124 44 119 101 134 36 89 20 7 80 103 52 17 127 70 9 140 67 100 97 125
35 12 102 7 15 6 31 18 114 37 64 11 80 83 78 9 20 112 1 130 36 21 94 89 29 45 27 39 105 111 69 100 44 66 30 25
42 37 72 127 54 79 126 73 7 79 54 6 136 133 134 48 133 34 108 42 31 30 34 78 92 105 14 80 5 51 78 57 55 112 29 67 4 85 39 94 58 111 40
47 84 39 1 115 29 115 142 45 100 141 24 91 44 66 25 18 45 139 125 68 39 120 62 49 76 85 26 108 56 76 88 114 79 26 9 5 39 120 85 108 30 88 93 84 73 38 108
9 130 137 57 1 83 79 39 71 17
25 38 128 7 28 141 25 105 124 30 141 9 142 139 139 64 14 93 114 14 125 9 115 105 80 44
20 44 6 18 95 30 69 17 132 23 141 60 130 139 115 137 15 140 27 8 102
23 100 44 60 118 1 45 38 93 7 40 94 120 80 84 67 12 3 62 86 31 125 111 127
46 104 61 130 19 75 117 22 96 95 116 137 67 135 11 2 13 137 52 70 121 19 57 4 82 33 67 58 58 48 77 65 77 109 140 77 67 110 23 135 77 87 137 54 87 106 82
47 52 104 128 93 59 27 30 90 31 9 94 15 81 108 66 49 3 8 114 13 101 116 34 91 25 41 125 5 38 85 123 18 96 134 62 73 80 142 99 20 45 22 92 127 75 36 121
38 117 35 3 44 81 17 80 83 137 17 77 136 3 131 32 54 47 123 142 22 105 98 115 24 75 41 11 81 67 95 103 118 16 79 119 130 112 90
16 8 40 69 43 102 74 2 140 110 10 61 135 99 33 96 122
22 4 102 99 34 40 128 124 39 84 23 95 107 104 73 101 112 9 120 93 48 98 30
34 22 133 135 31 86 116 40 72 87 11 110 33 4 11 61 130 131 70 86 27 57 16 87 11 69 11 15 130 4 135 21 83 104 74
42 137 46 114 77 74 10 111 66 43 139 108 47 38 66 44 135 90 107 85 112 53 97 132 7 120 123 86 18 61 52 116 51 110 103 85 58 93 93 64 107 97 56
10 36 40 132 89 90 57 44 64 1 69
50 107 26 43 45 119 105 114 112 12 88 50 27 46 102 124 52 1 47 51 34 128 32 20 76 117 98 36 127 5 56 131 74 138 48 30 109 55 103 80 72 57 97 132 2 59 79 66 115 140 35
31 49 36 59 20 6 66 29 84 36 139 26 79 59 30 112 73 73 62 47 111 36 6 89 119 47 142 47 105 1 46 51
41 87 40 50 23 99 83 99 31 102 70 57 82 8 71 74 2 27 104 99 121 86 58 69 116 92 65 87 136 40 75 43 58 53 13 32 50 95 67 16 83 102
37 32 99 52 92 118 53 32 116 132 67 130 70 106 22 37 96 140 97 98 72 75 13 27 33 2 77 129 65 137 106 33 132 136 35 53 117 96
26 41 112 32 26 2 93 55 105 17 137 113 62 1 53 102 138 60 84 141 122 136 34 66 142 49 91
14 66 59 76 115 114 26 14 88 93 100 3 134 94 128
40 45 132 45 113 70 71 117 40 56 97 19 93 107 64 91 17 18 92 12 142 83 84 54 73 58 118 40 18 71 16 129 115 89 91 140 79 132 3 123 141
47 37 81 102 71 107 69 126 88 13 68 53 46 129 123 53 113 123 127 88 26 86 119 80 24 28 13 136 25 130 59 115 132 81 2 71 32 129 129 34 130 68 44 126 137 69 97 70
35 79 88 91 107 67 68 131 64 100 37 20 33 73 75 42 45 66 118 46 93 5 115 28 105 35 2 53 55 123 38 78 127 106 4 59
