19
3 9
16 8
4 5
15 13
6 16
1 9
10 6
19 9
10 2
6 12
7 1
12 5
17 12
15 17
14 9
9 4
18 4
11 16
28
7 4 19 9 3 16 12 19
4 17 1 17 4
1 1
8 9 1 16 6 9 4 5 16
11 12 5 10 5 10 1 15 19 3 7 10
19 10 11 9 5 14 18 15 3 13 6 19 16 12 4 7 17 8 2 1
1 11
10 9 8 6 4 16 3 15 17 1 10
7 2 13 16 6 14 18 19
11 10 14 10 1 12 14 4 10 9 19 12
12 10 4 11 15 16 6 1 19 18 3 17 12
1 1
10 2 7 5 8 3 6 4 11 18 17
7 8 16 8 13 17 14 13
16 4 6 5 9 10 6 5 16 1 10 1 12 12 10 4 6
4 10 14 12 5
3 11 8 2
1 18
3 18 19 11
11 1 9 14 7 11 6 5 3 2 13 12
19 8 7 11 18 19 2 3 2 19 8 11 18 18 7 18 13 14 13 19
14 8 19 19 16 16 6 4 3 4 18 14 18 5 7
9 11 18 19 14 7 14 13 7 11
8 8 19 7 8 14 8 3 2
12 7 11 18 11 19 18 18 2 19 8 18 8
7 4 9 15 13 8 15 17
14 15 17 19 6 11 16 18 9 12 4 1 8 10 14
12 5 8 16 4 1 6 15 9 17 10 12 14
