214
171 167
54 146
74 131
88 129
135 198
175 122
1 36
2 82
170 132
158 209
93 126
103 204
183 141
157 2
71 128
68 192
209 49
122 23
84 35
47 182
50 207
74 151
9 138
214 193
183 92
64 141
4 74
18 106
31 149
213 23
186 118
26 18
140 187
118 133
56 180
86 10
160 67
171 15
60 151
174 204
23 151
181 59
128 32
21 162
104 27
214 204
143 53
47 145
203 149
101 184
16 116
117 209
165 202
4 55
82 42
126 178
173 5
80 200
56 136
141 146
62 121
115 17
189 204
111 112
117 153
77 7
139 12
46 18
145 97
112 23
114 68
209 25
108 60
164 34
57 23
152 202
67 148
109 163
8 61
40 70
74 39
188 44
3 30
61 24
185 91
184 94
70 129
173 87
67 75
197 156
84 113
205 162
69 48
10 44
22 84
56 69
107 197
205 27
11 78
203 98
153 171
117 168
201 100
46 27
166 171
95 21
79 180
134 153
67 208
2 88
76 166
88 183
142 22
68 159
14 137
92 210
66 198
181 58
69 144
29 21
65 156
41 151
207 119
48 63
117 159
56 212
23 10
88 74
47 174
176 167
106 52
194 115
208 130
214 38
96 19
125 202
12 88
69 117
105 143
66 85
77 88
115 118
62 146
99 63
155 182
102 184
28 195
191 127
186 101
122 126
90 27
185 180
176 147
46 179
175 137
89 176
8 202
124 59
183 124
157 202
12 85
100 90
92 128
209 50
196 39
4 20
158 187
33 129
150 123
9 80
19 56
163 183
209 177
83 24
51 46
162 170
25 31
6 30
208 205
161 139
173 43
154 139
9 149
118 25
46 199
164 21
13 21
190 202
118 195
81 163
117 197
150 124
84 48
45 6
146 73
120 49
115 169
174 56
172 148
206 171
42 211
138 37
36 25
21 153
151 30
177 11
146 53
191 8
117 88
110 47
79 72
56 5
116 76
756
42 48 83 98 154 89 69 98 128 90 108 108 167 34 68 103 207 69 110 72 208 79 113 194 70 181 165 182 176 184 45 112 198 158 204 198 164 1 35 145 74 44 170
7 52 201 94 181 74 154 15
21 2 131 75 37 193 4 108 23 164 139 58 90 108 33 18 55 135 49 151 125 6
12 54 211 162 167 167 130 30 175 110 72 183 135
37 175 22 173 69 48 203 203 162 18 214 162 143 149 112 60 101 182 19 195 106 6 2 80 25 85 204 112 48 148 156 139 21 207 27 88 24 214
46 190 37 179 45 167 22 86 163 153 53 181 71 166 98 97 177 205 48 24 165 212 204 54 18 3 10 73 75 1 74 46 123 64 51 126 108 25 143 68 182 61 183 150 131 137 207
21 45 1 51 161 130 144 78 14 136 190 142 160 15 97 20 192 210 147 152 57 178
3 95 53 107
13 153 6 59 171 100 77 23 9 166 106 205 150 82
29 14 176 152 160 36 182 53 121 102 171 183 58 18 52 212 133 29 46 169 179 7 86 165 166 20 121 58 107 12
8 22 191 59 157 202 10 180 204
42 151 134 82 205 92 99 115 191 210 157 182 195 183 153 193 123 160 100 10 146 148 39 70 196 49 25 35 41 91 101 167 186 143 207 74 150 122 62 181 170 154 53
39 138 194 19 146 64 175 80 9 32 121 141 87 61 79 80 130 69 105 197 17 155 1 86 183 70 69 29 198 101 24 41 30 84 193 132 100 85 51 73
4 45 178 164 55
16 150 146 143 192 76 1 39 27 98 184 26 129 15 124 67 115
37 174 3 51 32 52 41 69 114 48 9 61 8 165 159 30 137 129 23 106 133 85 21 148 152 140 46 161 50 188 150 62 56 18 5 203 24 44
3 43 9 205
48 3 72 199 125 189 123 195 51 102 51 29 41 71 54 85 162 137 66 147 13 84 193 153 38 5 112 174 102 108 168 202 11 81 5 181 117 200 32 144 194 132 42 48 27 135 6 200 182
40 210 205 23 149 27 187 203 90 151 6 193 117 167 47 85 150 24 126 115 105 61 104 30 25 163 214 197 28 195 79 206 116 170 136 106 109 156 174 153 76
45 2 36 80 170 21 81 196 79 115 86 57 132 168 18 167 84 47 106 146 195 209 134 44 119 13 67 28 34 69 145 108 197 128 22 200 182 31 139 122 154 129 66 177 107 56
14 176 98 146 159 150 11 205 114 94 107 179 148 85 44
9 194 95 15 194 14 172 111 38 13
7 126 210 44 58 126 39 96
12 196 201 142 173 185 35 6 192 17 23 177 138
39 47 187 185 53 4 50 124 162 198 159 166 70 197 9 186 63 167 10 184 164 92 204 197 182 80 60 139 85 139 209 138 146 143 138 46 85 8 198 191
30 121 28 71 114 89 38 83 33 14 29 144 155 1 28 3 34 97 98 179 7 109 169 120 127 99 120 26 199 127 104
5 123 104 79 4 194
6 75 130 189 99 105 35
43 52 17 1 163 78 95 166 45 203 212 73 189 175 193 66 108 41 120 208 86 131 104 7 131 130 142 173 2 51 212 202 179 35 171 133 169 76 42 192 69 159 210 70
19 106 124 48 207 66 6 182 143 148 101 53 193 126 29 62 176 4 42 214
7 189 147 194 105 172 104 15
29 31 81 115 104 46 88 108 184 174 111 160 28 104 92 46 176 148 48 126 22 152 152 78 196 1 144 205 30 1
34 107 37 172 14 200 168 102 200 188 13 121 15 161 43 93 87 140 120 20 136 38 199 97 65 13 160 213 178 91 121 142 200 16 104
46 57 177 111 86 113 39 59 93 138 41 191 178 139 176 143 198 65 180 35 174 161 21 34 187 69 142 112 20 163 97 153 25 209 115 147 146 46 162 137 27 129 202 158 101 50 210
50 74 124 137 9 26 90 41 4 37 160 198 84 40 19 89 78 142 86 187 163 116 10 132 195 17 116 9 205 3 85 213 19 93 77 155 179 56 152 89 201 40 173 83 184 69 116 12 76 187 136
25 173 120 144 112 59 42 167 175 66 28 35 171 23 34 165 113 79 10 188 30 13 14 159 117 163
14 80 153 142 51 164 2 185 34 45 147 38 203 154 154
31 59 10 164 191 90 159 167 184 195 187 70 18 61 53 47 183 53 25 129 124 214 202 181 42 53 2 197 36 22 18 176
7 6 131 120 157 14 214 108
35 206 98 161 155 160 34 210 41 193 212 7 194 109 125 32 97 111 211 132 75 131 35 64 99 96 127 190 125 87 178 20 86 34 45 26
29 19 121 213 30 41 27 17 65 164 91 25 210 153 161 162 59 89 110 213 194 77 147 151 57 190 76 160 104 53
8 178 69 16 170 98 99 180 203
38 34 11 199 108 141 141 172 71 209 134 105 123 49 195 88 148 125 15 174 120 57 133 96 154 177 139 161 175 177 101 59 136 86 108 46 14 212 106
15 89 127 121 72 188 87 15 165 1 201 32 179 3 55 161
47 180 6 135 57 76 173 94 90 116 2 46 18 168 185 40 25 101 170 92 157 53 83 12 114 143 130 121 197 81 48 68 122 164 96 86 42 141 211 62 67 203 148 129 123 65 107 4
4 17 133 172 144
36 175 79 181 185 59 90 39 63 84 182 195 156 150 148 85 9 23 50 159 18 116 61 90 77 157 66 117 203 90 22 44 61 170 202 61 49
40 30 166 24 79 142 106 51 161 70 84 101 211 120 25 74 117 143 56 34 137 77 128 134 74 190 147 212 75 12 86 161 196 70 189 48 174 133 196 131 96
12 32 59 61 54 138 11 196 90 98 8 196 67
24 58 211 96 194 64 57 109 201 130 28 86 43 54 131 91 194 155 193 43 15 210 43 75 75
11 156 195 150 184 163 9 100 203 50 21 202
29 61 168 77 159 57 101 186 165 109 28 200 40 41 90 104 155 210 124 154 165 164 75 176 122 80 87 97 156 28
28 23 106 112 76 118 122 115 148 84 60 79 159 46 146 131 125 10 54 177 38 28 181 191 42 9 152 75 184
32 57 144 105 29 72 31 31 207 142 53 183 121 171 140 98 201 37 125 132 161 114 164 199 6 115 22 174 212 34 15 36 204
44 63 69 181 151 63 5 6 112 150 44 60 205 46 181 80 207 18 118 163 11 80 118 137 166 66 49 177 30 79 100 115 197 203 77 187 18 66 88 31 156 100 117 150 157
49 151 31 158 112 151 116 6 206 205 166 99 133 61 149 85 166 27 208 114 173 51 45 32 135 101 70 186 48 24 48 110 51 151 3 15 122 5 170 213 7 107 79 124 67 10 21 164 176 125
30 129 185 118 193 210 82 37 112 208 175 148 122 62 86 63 61 209 126 132 186 196 111 43 161 191 93 100 142 163 56
22 187 124 139 44 133 110 203 137 10 38 143 89 52 109 36 182 201 67 13 181 135 151
50 109 78 147 37 105 206 154 136 26 7 152 178 155 154 133 81 52 13 33 121 14 206 210 58 83 35 78 14 28 179 127 89 71 57 200 123 194 75 179 41 190 147 37 40 111 213 133 114 28 111
48 114 206 54 123 105 81 147 192 16 58 188 1 190 140 178 13 34 168 40 16 45 34 40 188 104 37 165 120 194 200 104 108 121 99 17 147 190 105 34 172 132 103 41 97 103 52 41 188
32 130 83 75 172 212 97 179 140 95 98 152 57 37 52 3 16 189 130 55 17 113 144 1 107 72 99 14 213 111 190 152 16
28 32 133 16 114 103 94 192 127 133 140 86 211 103 123 110 95 104 125 7 212 26 13 105 102 192 125 144 120
37 145 27 90 6 29 204 186 214 139 60 183 164 4 30 49 39 122 77 53 129 138 150 120 111 59 181 156 182 197 173 92 63 108 8 176 209 33
11 180 53 183 118 169 124 67 143 174 27 46
12 184 151 157 66 48 187 27 137 117 74 197 44
2 105 123
45 25 64 54 195 89 101 192 101 23 183 196 106 172 25 123 48 47 152 54 194 205 87 214 75 164 74 97 40 169 24 129 200 209 3 96 71 81 65 197 110 33 1 23 200 91
11 110 126 77 172 177 30 194 208 62 136 39
23 143 126 97 107 79 112 113 182 136 61 27 51 89 60 66 10 163 102 30 80 115 181 23
47 77 23 141 98 59 112 103 126 116 83 128 135 117 191 34 4 139 70 159 91 137 9 24 30 67 113 204 3 136 127 138 175 167 145 207 198 118 68 143 115 89 7 125 18 84 151 10
32 100 166 53 165 211 5 48 105 121 173 67 30 148 28 148 173 119 49 105 17 122 141 135 164 134 54 78 181 79 34 207 191
33 200 64 115 28 39 22 98 206 29 4 50 12 31 62 168 76 164 203 161 176 18 162 47 145 192 5 166 54 159 191 204 140 90
32 30 135 207 9 213 43 110 149 61 84 142 117 127 143 70 169 147 38 30 64 207 24 212 169 157 108 173 150 132 131 31 162
46 23 200 37 59 149 45 145 105 15 28 150 127 186 10 117 126 1 176 110 58 81 14 10 101 193 78 214 23 59 15 154 17 178 146 203 88 150 76 172 95 62 40 119 88 204 80
2 205 124
30 112 194 126 38 120 135 84 62 15 194 80 153 198 32 122 214 183 201 151 59 59 97 207 112 151 120 175 9 212 136
45 188 4 122 2 205 44 206 31 19 193 30 69 67 177 96 72 127 27 156 144 83 150 80 210 138 171 59 113 109 161 73 26 88 163 136 36 158 34 49 85 203 105 29 137 184
50 63 201 37 206 38 101 30 174 94 61 70 129 157 206 35 38 43 27 182 179 45 168 15 8 137 204 47 90 44 10 41 5 149 114 66 80 113 158 116 5 174 93 124 24 202 190 60 192 106 27
25 183 137 199 52 174 126 69 68 128 143 163 154 182 180 77 203 49 32 198 122 176 142 29 51 48
16 36 108 32 122 96 41 174 46 114 166 139 118 153 160 110 119
11 40 143 5 196 165 125 197 70 82 164 97
22 109 125 28 120 65 109 75 38 154 194 142 15 40 189 108 135 136 1 140 144 144 178
29 123 186 204 85 53 199 163 100 17 74 185 173 127 126 54 129 175 21 96 102 186 37 39 198 188 104 58 176 14
37 28 152 13 68 78 112 34 48 64 198 73 76 14 160 67 22 100 91 135 97 171 27 75 181 120 12 49 60 214 182 61 164 69 126 208 108 175
3 32 151 149
39 184 17 88 171 72 195 30 21 163 121 95 132 36 116 99 22 59 115 94 58 183 2 76 75 86 100 19 38 174 167 5 107 6 90 205 165 53 79 131
48 116 60 101 42 79 150 116 5 79 150 69 209 112 69 166 56 8 195 117 159 6 153 126 59 176 138 77 30 207 82 139 61 85 187 82 12 84 138 47 85 61 88 146 183 112 44 174 198
11 205 187 180 10 33 55 89 191 126 19 52
35 74 185 78 175 193 55 77 194 212 19 6 156 70 9 150 106 1 32 12 99 112 148 42 134 72 112 42 214 195 40 202 126 12 135 67
12 14 190 131 130 20 132 213 105 154 192 113 107
36 10 151 112 166 56 211 93 203 86 159 36 98 50 45 186 123 46 59 25 13 178 33 144 90 64 76 61 6 164 120 16 41 153 74 201 19
45 95 96 192 200 83 136 14 89 199 91 26 123 188 132 78 172 32 189 71 89 38 125 165 58 57 135 52 93 45 105 57 54 73 52 192 58 7 169 7 193 168 105 38 40 1
42 104 1 146 71 160 198 28 201 45 183 55 89 154 27 48 24 32 56 200 36 61 185 18 160 197 44 105 103 97 39 39 15 134 6 162 54 212 58 44 47 61 170
6 129 100 117 65 22 24
24 85 46 118 205 203 158 149 204 195 39 49 117 100 56 44 82 177 187 208 164 76 173 56 203
44 116 128 48 146 5 53 61 185 24 209 66 60 129 56 74 31 203 70 170 146 4 153 44 22 158 149 183 124 116 76 162 164 197 53 12 9 202 92 9 118 186 2 77 214
48 45 20 27 18 39 88 64 40 182 11 29 130 166 124 84 206 59 69 58 121 2 36 102 127 190 195 73 35 77 176 66 17 86 85 190 1 139 105 99 79 85 16 70 77 101 73 2 115
41 120 155 119 108 1 16 130 87 119 168 78 152 7 52 78 28 91 15 132 107 35 33 121 98 192 134 206 199 131 110 189 28 97 26 201 130 155 107 160 123 125
26 86 199 98 111 109 13 120 26 192 35 169 111 83 105 135 97 114 113 210 210 75 57 113 111 81 136
27 69 68 156 19 208 101 138 170 101 49 166 153 164 60 156 139 175 115 66 59 148 30 117 124 126 61 151
32 78 120 130 39 48 62 11 34 95 84 71 24 124 18 12 67 162 2 128 132 63 193 122 36 83 28 69 186 131 68 5 130
46 30 175 104 134 5 76 46 23 177 110 99 129 69 128 96 31 137 77 84 164 67 158 70 19 116 144 208 79 127 78 86 206 85 74 125 122 55 207 204 186 32 150 63 213 130 92
43 195 30 84 207 113 42 22 88 201 13 61 165 143 84 117 35 103 210 158 181 196 4 43 16 113 174 180 6 161 175 182 109 118 160 85 70 74 206 13 108 116 183 100
43 83 23 126 33 93 90 151 204 60 30 213 134 44 42 101 10 75 30 69 114 139 76 193 63 1 47 86 110 42 42 47 23 159 49 40 173 26 187 102 212 184 36 43
27 203 112 145 69 171 94 16 124 25 114 118 39 84 142 135 122 130 128 120 175 116 156 66 8 44 179 106
14 207 131 123 72 73 140 58 150 59 176 214 10 172 42
18 194 169 131 6 165 164 45 93 27 100 148 46 10 182 11 28 172 42
36 46 8 176 88 106 170 115 47 77 205 180 18 9 70 173 66 8 21 143 44 9 47 128 143 191 92 36 197 117 23 166 42 62 191 106 84
19 210 56 108 209 135 71 174 168 105 193 49 105 144 148 139 47 17 6 120
8 93 190 201 132 28 37 154 32
28 214 141 10 2 118 145 50 183 203 170 159 39 42 151 66 205 27 36 60 30 186 118 115 36 177 185 138 118
28 19 65 105 205 178 121 102 45 23 84 148 207 18 90 41 24 84 208 74 93 48 54 185 118 82 63 209 195
37 135 75 103 107 96 146 144 206 199 166 210 48 199 111 46 195 30 195 207 40 160 175 74 155 195 56 67 70 206 189 34 170 137 212 105 200 120
41 21 112 22 126 46 31 138 117 112 92 117 143 185 214 5 10 9 90 46 90 80 4 195 62 39 122 12 27 101 171 176 173 77 214 63 82 23 164 183 5 138
34 103 105 29 15 168 130 103 113 107 103 57 107 35 211 35 98 38 71 94 17 13 142 169 161 97 103 14 108 113 14 144 73 144 32
14 108 133 166 206 161 33 174 17 157 175 45 112 28 200
50 139 85 185 60 98 73 128 116 212 207 62 126 203 35 161 79 18 69 113 148 6 93 42 100 181 170 60 22 158 52 177 9 211 165 133 184 113 140 157 68 93 197 208 204 204 73 172 7 179 191
13 24 164 5 118 10 6 84 157 208 100 101 174 157
17 36 123 114 91 42 52 5 183 165 181 82 16 78 1 128 174 28
32 61 80 68 186 63 101 79 184 53 128 157 47 166 61 208 112 143 126 129 214 18 157 63 150 195 76 76 25 128 164 162 21
8 85 71 158 10 117 40 122 112
36 58 111 212 41 190 212 114 91 1 121 15 105 43 34 37 108 165 103 152 64 108 58 41 178 75 83 130 99 37 206 71 104 87 147 165 140
42 60 3 114 109 39 78 40 193 14 35 20 133 162 8 197 179 207 135 63 118 114 170 94 198 60 110 176 78 62 25 146 7 20 17 201 194 151 9 16 28 104 181
30 55 125 168 52 78 17 1 32 108 179 155 87 73 105 206 26 7 20 192 190 188 38 211 93 41 165 17 189 40 40
17 10 182 162 11 114 9 195 120 54 178 24 145 140 65 139 28 146
18 63 100 124 10 70 92 61 85 191 202 85 53 129 12 157 23 84 173
45 167 117 88 70 92 157 88 129 185 175 153 177 141 56 5 129 62 74 5 197 31 19 186 25 106 124 50 66 214 112 46 50 198 214 170 8 48 59 162 48 124 115 115 69 195
16 123 94 103 168 212 16 188 168 89 38 121 51 131 172 132 35
37 162 63 11 207 67 173 129 48 100 61 209 21 2 70 198 150 39 185 184 85 156 49 62 90 158 207 163 39 100 82 207 23 116 6 146 79 185
31 190 178 169 89 15 8 98 62 128 67 54 205 156 183 163 53 101 112 205 112 37 186 31 187 169 116 74 38 187 167 89
6 83 168 134 104 98 32
14 51 72 101 169 102 101 200 57 13 183 62 164 7 85
13 73 45 96 95 192 45 104 58 103 57 165 87 7
14 78 51 37 38 199 15 16 114 136 58 26 41 201 154
49 81 15 148 149 141 168 56 137 77 32 83 181 169 39 175 181 164 196 21 61 183 2 154 79 47 131 197 22 213 75 70 105 26 191 39 75 122 40 143 159 196 148 113 165 124 172 175 214 32
21 47 189 209 144 140 32 19 139 126 29 83 146 90 68 204 66 125 162 105 142 135
43 214 167 208 59 186 62 155 55 61 84 193 70 83 162 116 204 149 24 10 170 54 31 47 205 79 21 183 14 40 172 42 203 197 5 202 18 85 127 164 212 78 198 8
43 199 97 149 142 167 60 83 19 125 198 138 25 151 38 153 67 88 68 63 166 8 189 58 81 171 49 194 111 89 197 85 92 93 116 196 208 74 62 28 176 184 177 205
44 201 150 101 205 114 156 76 181 9 199 93 95 176 144 187 122 28 207 4 180 63 194 23 85 112 172 67 209 129 174 15 145 116 153 68 190 197 208 167 186 56 31 125 163
25 19 84 82 164 117 53 39 197 118 74 36 164 181 101 204 23 167 175 23 36 195 207 76 149 90
36 110 213 140 28 13 179 83 165 136 200 43 28 104 152 110 14 28 38 160 29 52 20 107 103 3 211 91 81 165 172 152 110 32 109 52 103
8 25 79 126 171 164 42 162 198
14 110 96 46 175 125 204 153 112 98 130 76 210 53 178
27 43 213 80 193 70 16 148 28 134 27 168 43 44 181 120 148 197 53 169 89 29 126 95 60 123 205 41
19 185 124 27 81 86 74 150 16 177 115 182 209 77 28 4 132 38 29 145
19 37 166 64 150 101 145 35 133 58 56 61 142 184 48 174 182 1 61 51
22 114 162 81 192 71 196 88 203 128 114 118 58 66 181 41 48 213 155 145 164 48 46
50 83 160 172 121 34 125 192 212 54 93 172 160 109 134 14 168 55 51 168 32 97 147 65 121 41 35 213 54 125 111 107 155 97 103 123 194 94 94 144 194 130 107 133 188 108 189 201 130 40 152
45 76 77 126 59 69 148 145 124 8 49 53 70 145 5 2 24 143 162 124 90 22 24 5 187 48 207 209 203 156 92 138 151 205 25 187 9 204 68 56 157 56 177 76 85 74
25 72 135 55 26 99 130 161 58 78 35 15 1 193 123 142 97 108 119 97 210 161 94 120 154 192
30 132 39 11 200 30 159 170 80 134 59 4 65 129 25 205 186 24 52 112 116 69 171 20 36 184 122 51 191 111 78
41 88 158 125 15 119 181 115 142 160 54 55 148 124 76 51 192 79 83 24 62 122 69 37 100 127 191 6 9 121 167 112 197 104 134 59 179 4 186 82 183 11
46 126 120 97 186 94 99 149 24 79 117 127 77 202 109 166 90 69 138 65 210 17 61 214 2 28 11 118 156 92 128 10 195 187 23 67 82 70 137 12 171 95 101 153 207 13 88
43 63 171 143 203 175 178 72 88 105 68 65 159 85 41 106 197 73 39 32 27 61 199 24 34 31 186 137 6 45 84 204 56 79 147 181 141 19 59 2 122 90 198 208
44 147 7 133 107 201 104 211 130 144 64 135 109 55 193 16 169 147 199 190 194 121 107 114 190 206 142 20 13 165 152 107 144 114 98 131 161 130 154 38 133 212 103 136 28
10 45 48 199 45 174 108 163 133 187 162
21 202 159 96 88 210 167 116 207 166 122 36 12 101 160 21 29 8 97 28 185 4
46 120 58 55 86 160 83 127 147 168 20 89 142 55 14 91 114 32 190 211 20 45 13 109 7 73 192 104 65 78 94 169 57 152 199 40 169 213 111 65 110 89 14 160 179 111 111
27 81 106 58 189 213 154 58 26 211 114 46 156 69 90 114 86 5 158 129 126 203 86 38 91 139 12 11
23 122 35 206 2 133 1 78 174 91 206 61 75 59 107 70 174 51 64 179 106 10 198 98
19 82 190 131 96 22 118 6 148 166 91 70 56 64 38 99 149 206 184 112
9 188 50 69 133 5 139 154 170 89
12 175 150 84 17 12 6 163 159 136 18 71 174
45 166 164 204 76 151 181 202 202 143 174 80 146 53 171 27 126 76 126 2 128 60 82 117 156 198 214 84 138 214 2 25 198 90 82 46 205 177 157 76 30 66 166 36 70 19
9 121 161 130 97 16 34 165 147 127
17 166 109 165 45 156 197 63 60 9 9 21 152 39 45 108 138 115
7 214 19 150 146 90 171 42
26 197 183 143 59 166 186 151 162 106 69 10 18 149 198 5 167 66 173 126 170 25 11 141 157 84 56
31 102 124 17 214 29 76 186 48 139 36 135 49 183 194 149 202 65 79 84 16 80 208 42 62 40 184 88 166 18 68 34
9 182 170 160 22 71 146 59 186 159
23 57 54 64 106 41 45 172 172 155 82 82 10 97 51 41 194 24 148 110 157 139 98 111
17 23 71 162 151 103 116 74 182 197 45 214 141 129 34 53 22 77
12 18 133 198 184 186 196 183 174 42 44 159 44
21 127 200 28 165 212 165 93 169 35 212 201 103 154 86 107 108 40 43 154 64 57
4 11 42 80 183
2 135 64
50 58 160 155 34 34 78 95 54 32 64 105 17 13 91 136 15 132 3 104 199 134 104 104 3 97 29 212 213 188 102 58 93 169 178 32 40 26 102 189 15 210 15 179 133 81 110 120 144 136 132
19 62 205 53 59 175 204 158 183 46 173 68 9 195 77 185 158 19 176 18
39 21 72 105 111 150 5 166 18 110 53 93 86 193 8 29 40 3 35 112 80 175 97 196 185 52 114 137 97 137 45 82 14 106 204 115 199 8 122 179
25 156 51 41 78 138 63 69 22 56 22 183 91 5 48 103 35 196 132 198 66 7 186 84 62 69
8 212 103 136 35 168 168 196 54
16 214 158 158 208 67 141 208 22 126 56 185 27 117 63 202 139
50 127 113 78 43 43 172 189 136 120 71 194 193 41 72 144 132 95 113 154 3 34 169 86 65 109 28 179 131 199 114 3 211 131 161 103 190 212 98 86 1 168 189 111 72 26 15 35 98 72 87
17 31 146 175 143 19 159 70 132 85 11 92 10 214 145 49 205 192
27 176 19 213 23 169 43 12 75 208 80 80 57 191 58 117 145 84 44 190 200 94 42 73 79 127 68 156
46 7 214 31 45 116 41 179 181 106 159 142 171 198 115 62 67 198 214 32 160 160 130 48 209 207 71 87 84 213 37 186 106 197 201 14 59 131 210 21 119 42 124 211 93 84 207
8 2 87 1 167 195 56 135 205
31 18 118 186 6 181 191 82 36 191 47 182 11 4 191 170 70 66 74 53 79 166 9 2 205 77 204 156 163 157 126 166
9 9 49 36 7 26 141 173 151 110
32 62 178 111 114 136 72 111 65 38 210 202 27 196 78 35 171 100 176 202 174 30 69 109 75 198 200 97 199 38 95 138 154
50 100 41 64 38 200 16 189 90 182 211 133 113 87 191 208 201 16 178 143 47 141 53 37 104 194 66 198 98 198 128 79 26 186 86 14 136 194 204 102 52 181 182 31 9 96 39 166 185 40 93
49 161 59 29 192 19 90 71 111 48 142 192 65 109 85 52 175 49 196 124 192 119 3 50 134 105 112 105 151 65 41 166 132 192 158 52 25 106 155 55 114 197 114 21 203 90 121 58 26 40
26 41 63 143 119 92 131 166 93 140 151 174 42 93 196 1 7 213 167 62 147 177 87 186 168 213 207
34 15 185 181 189 118 109 149 139 117 5 110 168 170 21 171 49 44 20 213 153 211 204 12 36 83 24 143 162 129 156 100 2 59 61
29 91 121 132 144 197 105 115 103 54 191 107 119 84 92 34 22 48 62 189 59 22 42 196 107 51 119 13 100 177
24 206 111 107 65 196 192 94 15 32 132 160 43 123 136 125 190 81 169 121 14 1 201 89 133
47 35 209 16 172 167 101 130 155 94 206 155 146 184 57 50 49 106 13 38 60 154 33 101 154 1 135 148 146 17 37 135 58 37 179 98 27 64 50 161 84 6 53 206 97 151 17 188
11 23 26 32 104 209 116 139 124 3 115 40
31 101 66 68 209 191 54 207 33 181 58 10 105 187 97 113 55 81 4 204 118 188 184 6 172 56 86 119 165 84 137 112
41 13 11 87 28 205 59 66 161 32 181 29 87 171 143 210 188 194 17 3 116 72 211 195 154 123 150 183 166 56 74 115 158 207 124 46 9 55 84 166 114 36
46 48 90 37 59 149 108 200 49 125 203 153 184 206 102 10 2 64 143 50 199 212 119 133 87 167 173 172 79 15 46 44 18 15 118 91 163 173 64 42 14 34 142 113 39 183 24
36 173 66 12 100 146 42 139 203 61 30 62 50 170 191 2 148 85 141 30 153 146 137 59 176 124 50 122 84 158 12 48 56 90 202 197 191
5 185 62 184 195 73
43 178 192 102 97 3 179 100 81 87 117 174 175 192 157 98 127 194 46 72 27 144 117 135 70 113 199 21 182 186 44 214 106 39 51 212 38 189 7 15 122 146 6 194
28 88 96 19 127 68 191 119 32 97 132 141 1 92 49 4 112 21 64 187 121 94 36 126 149 162 23 22 106
5 81 70 110 138 43
40 182 166 189 76 136 33 189 162 165 170 90 101 24 104 138 7 214 149 97 172 184 159 194 116 196 14 119 75 31 165 68 178 212 87 118 126 128 26 200 209
32 101 84 132 135 71 140 130 209 174 3 12 56 77 200 54 5 136 4 113 31 80 47 72 196 173 89 104 48 149 77 138 122
11 31 29 47 204 104 52 129 181 93 191 166
24 175 72 203 9 118 8 74 85 144 192 176 19 129 151 126 181 149 7 29 6 116 106 45 4
26 93 120 103 55 190 83 206 95 121 95 29 103 111 211 3 108 142 120 192 212 29 194 212 83 97 201
13 110 201 181 138 25 166 64 41 93 81 30 15 24
24 113 74 193 164 59 183 182 141 82 39 72 12 70 35 196 44 158 53 214 185 206 189 137 77
21 33 188 186 185 20 92 38 34 30 205 195 10 182 145 115 9 208 184 152 128 154
50 4 185 175 214 157 51 138 132 70 174 22 61 170 82 166 124 97 83 189 11 56 114 152 21 104 31 195 112 179 90 159 165 139 71 153 191 27 80 55 2 94 206 171 210 89 30 100 156 24 164
18 54 201 89 163 34 200 204 73 4 190 75 162 118 48 37 48 210 62
30 111 111 18 12 109 176 177 76 112 165 65 105 181 174 183 51 151 162 126 45 171 169 108 202 146 125 168 142 167 208
16 202 128 203 197 8 191 145 209 164 97 162 12 158 7 204 159
26 106 18 151 174 47 129 198 151 36 163 85 163 100 61 82 138 205 74 90 46 191 186 180 175 67 198
46 159 63 46 43 159 104 144 7 157 207 53 205 175 20 29 188 83 53 45 184 140 196 120 108 116 152 150 24 192 68 22 96 79 5 35 168 132 114 185 151 111 69 1 28 93 44
9 68 165 111 195 93 145 84 7 166
43 125 109 119 80 39 156 30 69 193 115 100 5 79 101 212 196 208 109 69 44 205 154 171 20 27 150 92 79 72 61 27 32 208 105 209 144 92 43 33 61 203 171 206
42 182 153 156 166 1 188 155 164 138 70 209 64 24 159 5 173 7 63 162 59 90 150 65 87 77 94 10 11 41 27 202 82 122 62 183 137 129 34 199 92 180 8
20 54 49 31 17 10 181 134 44 166 199 201 56 207 90 111 148 145 69 105 131
22 151 77 58 80 191 198 197 71 162 15 156 134 68 6 186 61 89 203 164 137 145 143
48 193 144 73 91 140 142 51 211 196 91 102 64 140 142 189 131 40 136 65 121 58 55 34 34 15 168 35 194 73 132 3 147 73 193 169 73 127 120 72 104 16 73 140 16 125 147 103 119
3 128 97 60
44 88 189 171 23 200 58 25 154 209 52 16 75 48 192 207 214 16 132 109 52 87 195 2 184 160 163 177 160 213 152 113 158 106 65 54 39 162 27 114 162 157 150 133 192
42 133 76 99 127 92 124 41 11 97 85 142 59 15 181 144 144 3 57 159 199 132 141 10 25 67 181 23 13 158 85 1 191 69 16 189 132 101 158 4 127 205 122
24 153 33 99 6 8 91 12 118 145 166 171 149 99 48 75 139 212 165 185 142 177 106 86 192
20 102 61 161 42 89 210 3 197 52 94 79 59 58 102 196 71 196 79 175 190
20 175 53 60 191 101 197 2 22 10 66 21 128 156 122 202 61 2 18 62 70
7 136 33 133 14 17 73 81
26 196 32 59 46 166 147 79 191 48 152 123 8 70 122 147 49 83 156 190 112 109 169 89 22 92 39
27 182 24 138 21 137 157 4 23 116 18 63 10 18 77 116 25 49 49 207 101 48 209 63 156 117 157 182
28 178 130 102 7 194 81 37 194 113 99 20 125 110 41 94 210 35 110 135 142 86 161 105 104 73 188 55 178
40 41 114 213 199 35 200 154 119 99 152 91 192 15 154 103 110 193 135 109 210 14 32 1 20 127 26 83 34 26 98 160 178 34 52 212 38 200 108 75 168
7 127 121 144 127 189 54 188
41 103 152 83 29 165 54 72 52 119 51 121 78 20 37 201 201 54 111 135 57 97 87 189 97 134 78 134 114 120 210 81 119 125 134 154 131 190 110 131 132 95
46 187 80 163 77 31 92 46 146 208 77 85 80 214 18 173 22 184 208 67 106 184 159 115 63 18 126 153 4 138 181 62 84 137 22 50 171 122 77 174 124 44 19 204 157 173 139
30 115 72 182 107 100 164 4 110 3 36 39 102 85 61 80 137 101 76 198 159 190 50 92 124 48 138 51 44 60 132
12 155 7 47 143 6 76 131 132 68 69 62 168
34 37 205 56 2 161 105 77 43 51 11 27 3 85 39 28 126 179 95 187 174 76 12 66 122 69 68 61 25 204 63 8 101 137 119
41 81 211 147 209 189 187 126 79 181 42 15 174 209 54 134 99 49 49 167 72 24 48 114 151 113 116 33 64 143 36 24 68 8 113 56 78 155 24 23 79 5
4 110 27 184 163
15 145 9 42 11 41 190 178 70 101 164 35 197 187 24 27
16 173 1 12 22 165 87 171 125 178 134 143 147 19 2 202 121
26 69 27 141 124 68 36 154 118 184 189 180 178 6 25 11 182 208 84 149 142 203 71 148 212 30 214
49 122 30 48 139 143 23 157 170 36 209 44 70 30 59 203 2 27 60 174 60 170 143 159 170 207 186 100 203 50 23 63 47 5 9 30 50 60 77 39 5 203 146 207 92 122 10 24 116 25
2 109 111
13 116 85 185 183 101 208 11 185 70 56 146 174 61
18 180 167 208 23 176 62 146 62 49 148 186 44 24 2 157 8 198 167
16 139 123 193 35 208 214 156 210 70 200 169 197 79 176 126 83
8 105 126 58 24 115 106 1 120
35 90 145 128 170 69 85 157 184 92 11 19 163 79 205 173 209 195 167 185 141 62 18 4 205 126 124 163 139 62 22 90 173 159 148 164
5 106 54 13 20 186
8 181 122 200 58 28 171 72 75
5 97 179 1 58 35
38 187 69 145 36 141 165 172 38 43 207 95 125 111 182 212 190 210 134 5 90 61 168 186 204 103 25 83 97 9 19 25 197 39 101 73 34 187 19
34 60 209 145 13 102 170 186 176 116 15 107 168 158 208 142 43 35 195 36 175 82 49 39 179 173 115 13 50 69 99 68 20 162 89
14 107 65 64 142 121 107 132 144 55 86 28 125 37 87
30 181 45 109 56 75 37 104 150 36 81 43 73 144 53 168 210 18 67 77 17 179 75 87 91 183 158 116 153 74 197
34 80 205 98 70 87 148 85 36 53 97 203 56 49 100 52 77 186 163 182 124 44 207 185 197 31 129 10 8 184 60 138 171 28 5
16 107 127 65 1 1 16 14 172 189 65 155 134 16 193 105 104
44 44 92 50 85 84 203 129 195 61 59 82 11 128 79 204 208 116 61 146 143 141 129 5 24 67 170 68 77 204 66 128 177 173 23 214 207 184 70 12 126 162 162 159 46
25 33 45 104 26 142 17 94 102 160 140 131 54 99 119 113 97 3 103 113 38 113 55 213 99 41
4 144 30 119 107
50 184 120 70 111 122 138 177 65 174 180 176 113 168 92 107 89 9 191 110 15 172 132 117 18 98 130 78 12 195 12 25 35 145 179 129 97 145 128 134 84 182 72 7 97 207 196 170 205 37 78
30 11 23 66 107 156 7 99 144 6 106 149 56 40 10 30 94 112 152 88 92 58 67 3 115 89 13 15 106 124 87
11 48 119 33 196 103 142 20 134 64 122 198
11 55 64 140 54 93 29 201 32 78 206 111
30 163 154 65 192 102 195 32 62 161 12 204 139 19 50 4 122 81 204 175 13 210 152 168 44 169 185 84 45 161 97
29 62 87 80 31 27 131 169 211 133 180 181 207 93 60 202 191 206 128 214 25 110 71 3 5 68 77 124 156 63
29 35 99 7 7 188 93 32 152 114 40 71 41 98 7 121 105 13 110 113 154 13 142 108 29 64 165 99 165 178
41 191 173 186 94 111 145 178 198 34 152 149 138 151 165 82 33 67 106 181 30 140 9 167 65 14 128 116 74 184 110 171 77 202 104 90 130 180 136 53 161 132
47 169 29 107 96 122 169 27 210 133 156 140 167 11 102 16 92 210 3 22 130 12 181 197 33 85 72 10 101 188 19 7 112 37 170 202 21 21 183 146 156 15 16 140 41 178 6 162
1 131
21 62 209 156 165 82 143 59 148 181 49 182 103 69 84 93 111 168 45 78 206 187
36 93 135 28 86 188 3 3 178 109 103 211 41 103 133 43 114 17 161 55 154 113 58 121 15 15 64 13 199 121 64 28 131 131 43 136 132
31 97 52 108 119 65 15 114 72 211 15 95 33 206 160 65 155 109 28 210 17 75 196 125 20 132 13 160 55 152 1 109
42 199 150 68 164 190 24 213 6 11 210 69 92 159 153 20 85 197 126 138 135 73 1 167 101 71 93 72 116 198 32 188 89 149 31 88 63 146 201 36 44 214 124
25 154 25 44 191 90 209 4 86 145 200 133 214 205 102 144 111 148 139 70 132 165 82 84 81 12
42 80 174 118 144 55 90 168 186 214 53 72 51 96 40 96 114 36 29 85 183 36 33 24 188 5 82 40 130 110 92 177 51 69 156 110 203 63 188 29 50 41 136
19 128 9 186 23 27 72 165 79 190 17 15 47 63 64 204 157 65 151 94
39 5 74 195 44 141 181 70 186 202 74 150 166 156 39 49 79 156 101 175 183 164 39 39 8 162 100 24 4 9 22 176 156 31 22 207 80 100 79 187
21 111 200 52 17 136 96 45 113 1 41 194 3 41 71 113 1 107 120 72 13 123
6 10 186 162 204 122 19
30 211 201 136 58 189 78 199 33 190 91 95 188 45 96 26 102 29 41 13 43 20 37 113 168 206 192 212 58 179 135
13 185 65 212 30 108 152 204 1 31 192 193 94 38
30 6 213 64 27 41 102 44 46 26 100 151 171 116 197 113 8 39 5 158 91 187 18 82 21 144 15 24 19 186 139
30 169 57 55 54 161 99 136 20 38 192 3 135 35 103 34 35 160 155 17 113 127 16 200 93 206 40 75 165 189 165
11 66 161 66 73 28 106 16 79 159 68 214
22 88 192 100 122 180 101 84 194 105 56 18 126 157 66 65 93 46 11 202 128 177 185
13 32 144 50 207 134 172 184 141 141 38 53 174 99
41 186 141 118 202 157 7 138 60 185 5 179 83 194 68 151 90 45 149 6 23 77 116 69 78 73 207 119 27 81 89 127 137 147 81 86 156 10 49 74 60 116
48 200 72 193 29 155 114 131 110 20 133 102 133 160 179 189 7 140 134 65 140 189 140 14 40 142 119 196 168 103 132 28 97 29 160 131 51 155 192 95 57 64 172 72 121 190 26 17 190
37 19 151 10 16 9 49 67 174 112 125 36 140 130 202 194 167 129 11 111 79 57 181 94 139 178 89 69 80 77 33 45 8 43 111 27 37 127
34 194 155 87 34 212 105 7 34 108 32 127 147 196 52 144 140 154 104 13 38 64 196 33 165 87 109 75 33 213 83 190 123 58 52
23 98 121 201 17 109 108 189 32 52 38 109 193 152 168 155 105 15 13 57 134 96 96 15
3 125 115 144
28 148 61 116 89 207 76 10 104 72 202 3 130 178 200 81 197 209 185 70 34 178 77 192 17 55 15 19 187
43 167 147 152 53 35 115 113 47 207 65 26 155 184 127 89 183 92 173 114 156 145 114 85 5 27 86 206 57 169 74 39 41 120 56 76 36 171 210 183 35 102 4 8
19 34 33 154 14 17 133 132 91 165 113 165 188 134 161 7 38 108 206 15
30 198 76 18 59 46 177 108 153 136 84 124 73 126 107 35 72 140 86 51 101 131 152 145 77 184 4 31 37 139 88
39 188 142 134 80 3 133 130 138 181 144 85 177 155 52 115 57 110 83 61 140 117 11 126 5 50 175 43 105 89 10 42 104 19 121 65 6 212 193 150
17 146 163 56 49 11 19 135 182 181 183 80 62 124 126 186 207 9
21 29 204 103 1 70 16 183 156 101 110 76 173 80 126 79 209 63 24 49 33 203
15 201 169 43 149 175 13 108 124 68 121 187 52 107 3 88
30 2 121 113 136 67 101 170 205 44 178 88 1 3 201 114 63 100 156 94 201 118 142 126 66 170 40 78 68 200 149
44 171 149 88 78 207 158 196 18 21 92 154 25 161 185 46 209 175 133 55 147 105 10 172 64 101 143 17 54 16 43 205 110 168 177 85 53 167 195 98 20 102 145 49 186
34 179 201 65 98 192 57 33 135 95 110 109 107 210 72 64 201 206 87 212 123 78 160 45 72 206 134 154 33 199 131 120 210 200 169
17 52 183 22 197 177 62 118 186 109 104 36 42 3 190 176 83 81
26 73 212 123 127 119 40 169 71 104 35 140 161 192 165 132 64 64 94 211 130 121 97 86 91 136 192
35 22 154 1 138 140 21 48 97 183 197 82 111 105 195 162 96 150 18 51 50 69 137 97 79 197 109 151 129 1 174 2 107 64 57 94
37 196 48 184 51 165 74 101 38 74 70 57 131 144 175 34 140 174 110 101 42 3 158 188 186 155 49 201 97 141 76 110 132 9 92 92 89 144
21 133 138 71 19 91 14 96 134 80 156 99 174 12 124 152 112 160 135 55 81 37
22 192 142 111 132 135 132 72 121 86 37 20 161 35 110 107 192 97 1 200 189 17 34
32 206 44 192 55 198 30 5 183 124 83 182 143 196 172 173 72 165 163 176 164 119 177 207 88 211 132 202 74 156 144 12 51
20 1 82 116 47 209 115 28 128 186 24 214 136 29 4 14 175 99 156 211 4
36 141 79 82 60 106 129 47 150 126 106 42 118 137 173 27 198 177 39 175 203 62 197 100 63 5 9 10 70 141 207 117 157 6 124 49 176
22 35 127 206 125 119 96 16 13 105 65 81 35 16 107 28 41 169 110 154 140 43 43
37 80 11 18 191 68 26 31 65 116 179 119 124 122 131 63 78 102 21 16 14 81 123 83 117 140 170 22 16 157 128 16 177 87 135 169 128 130
14 202 104 200 174 165 119 116 105 137 1 171 24 78 67
34 124 26 91 12 164 132 175 209 1 181 165 34 210 199 135 54 54 171 20 158 60 41 138 7 67 184 204 149 193 125 21 85 163 60
41 93 142 169 85 62 32 82 144 61 80 54 74 98 83 188 158 186 147 199 109 180 168 104 196 86 143 5 180 108 199 82 19 133 37 141 80 125 145 150 118 102
23 4 94 128 9 61 56 191 68 170 18 19 12 142 30 182 76 49 153 178 126 71 202 97
32 127 93 26 96 89 64 52 142 89 142 110 131 51 87 194 127 3 1 189 14 94 29 40 28 189 83 32 16 91 199 121 97
31 71 40 55 26 136 213 140 135 194 86 43 131 134 194 64 72 103 94 196 104 97 72 210 1 189 102 93 147 193 120 105
44 13 119 152 155 160 35 144 57 97 121 93 57 144 89 152 136 38 26 132 105 51 142 41 201 142 14 99 93 155 152 94 189 93 147 43 125 190 14 111 108 111 94 37 15
36 16 87 45 189 81 54 37 199 133 17 134 40 29 51 212 34 17 114 55 93 96 32 120 121 142 210 168 73 172 140 43 155 87 93 131 142
2 26 210
21 39 10 185 25 68 14 42 96 112 136 104 199 89 8 19 13 188 72 76 20 214
1 195
33 109 199 162 41 184 173 89 2 123 53 147 4 137 40 72 150 62 16 19 211 155 178 115 51 182 129 98 157 91 86 124 63 152
18 159 204 58 62 79 184 45 120 163 151 31 18 177 24 103 20 139 150
5 174 184 85 71 76
17 209 84 205 207 187 44 6 137 90 163 18 141 202 84 36 23 197
9 87 147 109 172 37 210 7 179 188
1 8
4 203 163 12 27
25 54 119 130 131 7 107 152 110 14 103 140 127 58 108 155 32 168 135 103 89 192 134 131 130 17
48 23 99 61 4 210 212 204 209 71 110 45 122 70 28 118 55 135 10 62 189 150 145 180 208 116 30 40 87 82 80 142 196 197 28 50 202 59 70 138 82 1 213 170 214 135 90 1 136
38 25 152 17 145 49 179 117 61 8 104 105 29 36 18 30 158 124 210 204 171 166 192 51 59 93 22 34 52 74 165 42 95 131 103 57 198 60 195
28 131 149 101 59 119 156 38 36 157 159 109 74 194 197 56 171 120 139 12 187 23 184 71 52 47 148 164 25
3 95 161 193
40 107 213 154 123 81 32 193 152 110 97 33 37 94 190 35 89 17 38 20 55 73 58 20 123 113 154 29 120 45 109 14 87 192 28 165 105 113 7 123 32
50 76 30 187 57 204 176 159 72 38 156 66 164 34 214 19 18 41 182 77 73 24 72 181 11 11 132 117 18 187 176 141 199 112 38 177 68 15 53 86 187 37 55 177 81 91 86 15 93 82 18
7 168 108 152 175 111 47 143
35 82 98 155 68 6 177 24 74 73 194 141 163 78 103 119 70 212 176 198 120 143 159 30 121 151 126 61 134 20 57 21 181 75 200 166
37 174 117 82 90 21 89 131 68 124 41 78 16 56 91 19 53 119 59 145 66 39 134 5 195 83 129 208 103 2 181 57 89 167 201 197 149 212
35 85 182 126 24 164 70 206 110 10 196 113 29 144 125 39 27 25 80 136 16 15 141 21 68 79 163 160 50 135 103 22 166 121 213 117
21 213 64 124 26 185 168 11 152 15 187 182 42 180 155 37 3 175 97 76 149 135
34 65 79 30 196 81 22 4 115 185 83 46 173 152 207 198 132 28 90 34 52 47 77 180 123 146 3 40 76 98 138 97 137 74 88
45 125 114 159 108 38 75 42 201 4 140 20 146 94 117 207 107 92 68 139 51 102 209 212 2 102 213 32 135 174 204 166 21 189 205 120 83 81 8 200 39 17 48 6 204 34
5 166 146 180 142 50
30 67 173 72 63 134 170 211 188 60 39 46 36 73 58 19 67 25 104 88 26 180 98 160 129 120 116 54 177 76 35
3 182 106 49
43 17 188 19 151 21 117 13 43 148 213 183 152 206 193 21 109 187 185 180 55 123 39 155 64 13 85 36 38 111 147 204 21 88 148 85 55 164 168 95 190 33 29 188
40 144 200 73 107 179 190 178 127 13 169 105 102 32 93 135 51 95 15 71 134 29 169 140 93 95 14 211 72 83 144 102 125 179 211 15 72 99 104 206 65
9 61 157 126 205 137 84 117 143 184
10 80 25 112 129 166 122 146 46 129 61
19 202 34 138 9 104 76 144 97 132 30 183 59 191 84 33 63 136 5 206
2 36 11
23 187 101 146 187 8 206 209 149 109 97 10 163 49 30 20 16 15 168 1 97 213 22 174
41 28 206 73 196 130 94 149 67 103 162 171 95 120 191 35 126 27 177 3 35 71 213 96 100 106 160 191 152 137 77 162 24 168 185 69 60 64 25 28 120 56
8 192 48 195 119 131 32 49 168
40 148 151 185 64 121 145 147 38 25 1 91 56 166 118 67 206 195 90 50 189 46 71 169 163 96 204 161 77 120 130 180 208 4 71 154 124 88 28 51 197
41 197 162 169 82 187 45 209 213 166 136 44 128 118 110 167 79 65 111 88 99 49 189 37 96 201 91 137 84 65 102 115 147 182 202 38 23 150 100 205 85 74
50 118 164 148 10 79 162 182 187 44 101 112 204 31 122 167 90 118 141 207 153 167 23 143 202 177 151 67 88 24 157 205 137 42 101 5 4 101 76 10 90 124 181 202 82 39 197 186 11 22 23
14 194 86 38 64 200 94 71 58 127 161 20 161 169 125
45 194 194 155 130 26 38 64 89 160 134 155 119 26 78 120 140 103 121 111 87 72 1 26 179 189 1 123 168 83 168 179 89 178 132 140 121 136 29 58 81 86 114 155 55 130
45 131 96 33 133 83 64 136 35 96 17 33 37 89 210 212 51 125 20 123 54 200 125 178 152 103 29 98 40 33 34 169 43 172 17 199 89 178 193 81 107 33 102 135 113 189
4 99 83 201 16
22 55 116 44 131 51 208 210 126 185 190 102 84 8 206 102 150 104 141 65 89 114 88
33 45 78 55 135 192 168 78 201 37 121 179 206 169 200 73 130 3 200 51 136 58 41 15 132 29 29 161 75 104 78 196 86 154
36 205 73 107 169 152 70 97 199 39 162 162 91 142 73 78 53 132 42 142 160 173 82 214 3 49 99 131 199 94 122 195 136 135 55 7 149
14 145 204 143 28 51 202 58 181 126 157 183 210 84 2
11 158 76 88 24 185 31 76 77 129 177 67
47 101 31 69 84 79 143 22 85 50 137 158 56 8 39 6 102 66 46 67 183 187 60 165 156 130 167 52 9 126 75 91 90 80 2 83 51 81 104 209 118 106 207 10 200 161 55 29
33 100 39 4 30 177 85 39 205 36 69 9 214 149 173 198 163 56 69 202 56 44 8 162 141 67 214 116 118 151 209 209 204 177
33 31 199 45 208 203 149 127 198 3 36 211 15 43 124 86 35 150 91 177 156 196 11 176 151 57 60 18 165 156 161 141 154 193
47 16 57 75 14 102 108 179 142 194 152 213 17 91 123 73 123 98 201 20 135 91 169 33 142 165 194 121 109 55 41 110 26 120 35 155 3 134 87 103 97 13 192 179 212 17 57 75
41 166 137 181 71 2 70 80 111 180 58 1 3 116 8 85 122 170 55 45 208 56 133 60 143 154 31 177 23 49 9 13 27 189 99 175 136 138 178 93 191 22
8 115 6 137 80 69 174 63 171
23 16 111 57 104 1 38 71 188 189 133 51 3 94 168 130 14 133 114 40 196 75 121 38
49 168 111 103 135 87 134 120 201 179 34 172 37 154 7 200 200 71 152 95 17 213 196 94 7 99 135 45 33 78 78 81 15 130 43 155 7 109 133 154 142 3 13 147 65 89 210 16 206 131
34 212 179 37 94 52 130 97 93 3 108 178 103 155 73 154 211 120 105 144 154 140 190 131 154 65 155 108 127 108 192 201 97 15 190
49 47 174 56 49 19 143 115 191 49 23 115 129 84 174 8 191 79 156 141 118 82 182 100 85 138 207 24 48 19 18 138 8 4 208 191 5 128 56 9 116 88 214 90 48 151 11 21 39 68
9 95 117 16 5 86 53 27 166 87
7 11 126 175 187 50 170 171
31 55 14 51 207 147 136 104 78 103 191 138 176 200 121 27 4 100 186 7 127 26 68 112 117 13 41 161 104 68 134 165
6 201 75 165 148 24 84
17 10 212 36 118 147 68 12 170 145 151 121 59 125 40 186 74 158
14 178 96 121 7 35 91 17 131 86 213 15 190 114 104
38 5 40 177 67 146 166 30 81 202 138 92 207 36 48 29 27 116 19 113 134 10 46 209 100 158 155 148 122 204 167 185 149 156 184 13 89 80 39
44 180 84 6 56 174 69 184 153 25 163 31 18 74 184 18 158 204 63 74 46 74 162 187 77 100 186 30 124 184 117 77 47 6 209 23 115 63 158 79 139 24 184 175 128
12 90 159 55 140 168 97 156 132 193 121 32 162
8 65 110 195 214 124 108 40 200
43 67 59 114 31 213 98 20 49 203 36 24 187 40 145 88 82 47 25 55 9 148 32 128 163 139 110 206 105 68 208 6 100 170 142 77 189 205 149 112 119 44 172 175
2 204 136
12 211 58 21 35 50 117 18 49 200 61 58 179
39 182 146 25 144 158 188 3 185 31 209 38 123 185 115 167 18 173 141 61 67 210 10 29 126 170 101 65 47 151 177 187 63 115 143 201 79 14 185 52
17 104 32 15 20 113 81 132 43 71 178 188 178 103 108 144 72 3
26 165 116 92 128 56 121 156 71 195 187 146 2 8 192 145 103 66 69 80 177 67 85 199 68 23 62
33 208 182 124 208 186 88 19 143 25 185 164 101 77 30 167 27 21 21 170 36 186 124 50 128 205 18 166 80 44 177 88 11 5
11 79 196 82 195 76 51 101 138 36 21 143
14 193 109 133 107 147 96 152 178 37 7 54 123 200 125
32 64 164 43 170 62 174 41 102 38 204 207 182 132 78 138 25 30 39 205 166 88 47 89 158 167 139 212 40 159 152 156 36
23 122 36 148 11 143 115 5 184 74 185 207 164 4 198 6 170 24 153 176 30 74 174 203
36 41 204 126 39 70 18 174 51 182 83 169 117 203 21 24 123 186 116 201 81 139 25 206 105 173 75 102 66 177 98 76 12 175 47 202 134
45 170 157 121 107 47 213 137 63 155 107 212 99 42 183 25 70 189 74 148 50 79 183 30 162 212 130 198 162 60 188 209 64 131 135 168 28 132 201 121 203 60 123 126 195 130
19 70 66 47 171 122 90 50 162 12 44 154 2 46 158 76 124 45 115 208
50 145 53 16 212 139 204 163 157 116 27 78 200 103 29 6 137 119 8 106 108 186 23 60 69 171 105 126 42 100 63 17 198 2 143 33 107 208 210 214 164 84 205 149 72 182 155 85 118 124 43
8 174 139 70 31 104 214 155 206
18 113 130 15 37 172 169 13 26 13 28 188 206 133 169 211 193 120 206
20 182 38 209 21 170 1 80 146 104 169 43 65 135 1 27 125 202 42 154 176
31 124 36 78 162 173 139 114 43 118 150 92 156 73 21 1 186 34 130 59 34 38 174 87 209 81 176 177 180 132 54 73
2 42 94
1 107
33 99 185 34 165 12 9 213 140 20 34 53 191 196 131 193 62 168 117 204 167 161 130 28 153 168 159 102 60 115 22 79 100 80
20 163 32 72 160 54 98 97 21 71 14 84 5 131 40 122 67 25 11 64 205
10 178 153 162 31 86 30 15 212 21 150
19 39 85 185 146 101 18 122 17 151 25 159 99 102 208 175 147 12 175 63
7 93 177 119 101 202 18 180
14 12 114 84 140 137 86 129 194 167 174 69 109 89 211
35 148 78 133 110 24 145 185 175 169 192 109 5 148 136 11 150 80 201 152 144 23 110 44 107 171 201 16 198 103 181 94 116 108 70 18
30 11 208 4 174 137 92 145 68 89 6 199 42 148 156 135 134 75 197 27 153 9 27 40 103 91 100 107 30 124 82
30 157 136 75 103 44 179 75 124 62 167 192 45 90 54 187 134 99 71 139 67 19 204 102 122 48 42 103 58 93 202
7 148 70 101 50 177 156 50
34 168 209 96 146 101 3 156 16 151 140 47 186 107 15 156 169 156 171 96 120 211 175 167 22 53 101 214 86 47 24 3 103 24 17
49 102 75 212 14 179 196 71 110 64 16 58 51 83 142 134 86 206 165 95 111 114 29 13 81 32 188 161 125 160 95 200 114 189 64 189 54 102 26 65 210 37 169 99 54 73 131 152 78 142
44 87 34 109 65 121 86 199 119 135 87 194 211 57 40 206 1 29 16 73 105 206 26 72 45 212 95 91 130 127 168 89 131 98 52 35 125 86 110 109 102 179 35 140 16
43 191 61 173 207 187 40 39 21 199 18 169 206 152 186 164 63 34 193 90 143 138 80 30 210 181 2 36 57 154 177 5 109 124 69 163 198 91 175 162 157 70 84 59
11 154 20 78 114 26 96 89 134 102 109 3
48 30 101 106 12 150 111 203 124 204 184 97 70 199 34 120 142 183 69 170 133 86 175 81 21 36 112 4 10 169 129 84 176 163 182 45 148 29 127 28 154 145 152 165 113 188 53 201 91
6 191 157 44 151 62 159
32 2 78 115 9 87 10 128 2 121 48 51 18 154 121 207 131 128 51 144 172 140 59 97 8 153 198 133 209 131 43 150 199
34 118 84 68 175 60 76 4 101 184 10 5 181 197 156 44 8 80 4 106 23 11 82 100 126 158 18 60 176 70 170 153 59 198 62
5 89 199 34 104 93
27 153 42 202 66 191 90 46 66 53 122 126 62 22 126 138 21 156 162 158 70 204 186 85 76 60 80 85
1 147
3 77 40 36
48 144 14 155 81 152 32 142 95 161 134 165 65 95 14 192 132 103 64 127 15 103 147 123 34 160 41 135 109 1 3 78 58 179 114 123 147 147 154 201 7 15 108 131 131 212 127 54 193
23 207 214 31 39 18 148 148 56 23 6 146 167 138 101 69 85 90 186 100 79 214 22 74
8 37 40 161 20 17 83 168 155
42 203 214 77 162 138 184 36 149 79 138 182 170 203 205 62 68 146 146 23 183 151 138 162 182 68 112 149 49 50 66 182 183 56 164 204 208 170 49 92 184 25 126
18 214 213 111 111 201 131 130 63 99 75 183 209 65 117 92 189 45 139
22 2 61 42 96 9 4 139 11 96 146 120 36 117 137 50 143 97 164 68 159 167 154
45 7 122 149 187 48 180 205 102 198 129 44 9 131 183 197 47 52 45 4 69 173 203 167 159 144 185 85 33 195 91 106 71 184 190 46 62 163 176 145 42 201 127 107 55 64
49 109 101 159 33 3 126 88 106 91 178 181 121 1 92 79 16 155 40 184 194 195 118 127 7 81 204 118 39 80 174 33 166 149 165 176 4 142 210 86 157 57 153 30 105 76 205 120 30 62
23 20 204 59 139 214 48 209 92 56 161 1 23 4 186 141 88 31 2 158 137 27 100 140
44 154 194 32 121 213 144 200 41 95 133 32 45 165 121 14 75 89 16 169 196 103 73 43 94 64 94 194 99 81 1 152 51 64 105 127 65 64 206 125 193 99 102 97 114
25 60 63 136 201 17 116 167 98 30 163 23 5 196 69 208 50 49 44 51 183 122 22 170 203 214
24 194 33 120 160 147 86 29 199 81 155 114 35 110 108 13 140 86 87 104 131 65 13 123 64
43 69 109 47 212 183 199 163 132 55 46 197 110 183 159 162 193 5 143 99 142 38 90 207 21 205 13 132 133 66 154 35 213 109 159 139 41 7 60 85 76 83 155 91
19 159 158 48 182 203 176 203 170 34 34 51 49 56 94 163 115 43 94 129
16 196 12 138 6 15 93 59 159 178 85 56 118 127 193 160 57
47 126 106 107 66 26 199 77 209 45 61 33 129 167 145 203 42 42 194 156 26 166 154 16 27 47 50 152 59 55 141 144 24 159 13 196 169 174 74 169 208 155 124 49 2 111 196 76
47 181 104 36 31 49 57 176 115 66 35 82 54 16 78 89 3 193 137 186 117 29 155 125 183 54 177 77 178 30 132 36 152 89 46 148 112 175 136 124 34 39 128 147 147 111 189 135
36 103 140 54 130 87 83 212 72 196 108 134 108 57 133 152 144 161 189 17 190 45 1 98 109 155 109 3 40 140 87 89 1 132 3 131 119
44 24 54 160 139 138 61 206 145 31 103 53 11 101 180 6 198 200 51 36 213 142 27 22 189 76 111 1 18 159 137 57 167 49 21 8 74 190 96 178 12 23 43 32 59
19 15 142 123 108 152 121 92 190 53 114 11 42 8 18 88 55 208 69 200
32 48 11 81 25 77 145 163 188 170 9 184 214 62 84 53 37 195 98 167 27 118 154 83 103 106 90 213 88 119 197 120 112
45 27 2 203 70 4 146 10 163 137 67 70 198 187 128 53 46 146 90 150 100 197 56 88 138 70 62 167 141 208 61 77 2 76 156 8 117 5 203 146 167 53 209 143 6 174
8 202 149 90 10 207 23 128 66
6 94 157 80 63 27 150
1 34
18 94 169 108 172 26 94 43 150 69 161 199 158 128 179 119 163 114 183
35 117 122 139 197 156 126 54 16 128 175 185 104 39 157 74 76 214 68 138 25 207 73 60 6 38 124 87 172 77 7 46 12 62 4 205
39 196 66 156 153 55 138 180 92 2 204 19 42 167 24 36 6 51 30 161 94 49 107 145 200 17 74 21 195 140 164 26 59 146 212 118 129 173 116 178
13 134 145 67 69 129 209 182 88 158 171 140 141 193
18 189 210 183 132 81 117 191 39 8 131 26 148 158 166 129 211 90 13
29 82 193 103 35 157 165 186 182 37 161 22 22 23 173 48 16 92 68 171 92 130 142 72 103 201 98 174 212 102
20 19 198 49 172 190 175 100 76 53 141 13 152 187 10 4 45 119 81 71 145
50 2 144 155 16 33 212 51 100 163 1 73 37 206 33 212 214 188 140 35 202 92 63 149 184 52 95 84 172 30 147 192 122 10 54 133 153 201 173 211 35 29 70 118 45 51 102 26 11 7 144
9 4 162 166 205 143 24 171 208 21
24 138 186 159 92 174 63 59 10 138 90 63 117 156 25 187 191 182 18 115 146 177 88 191 106
10 21 153 62 112 173 209 151 6 56 146
12 119 48 117 199 152 23 114 108 204 193 105 155
37 70 205 129 185 140 148 101 116 156 141 63 5 204 30 69 74 113 128 174 194 96 27 160 1 181 93 68 16 15 32 45 170 159 203 48 190 126
36 40 25 170 16 145 125 48 129 213 5 127 111 2 209 167 61 208 44 35 111 45 62 43 115 149 189 142 120 204 44 65 161 35 81 113 60
32 11 122 12 211 166 191 52 10 10 167 96 158 185 31 70 183 82 74 137 182 167 94 14 96 68 39 159 141 103 95 82 87
27 28 121 94 206 107 210 38 161 26 14 16 15 194 200 86 133 41 196 134 114 154 172 103 52 168 194 161
33 44 27 101 80 14 174 157 183 153 7 16 60 22 62 128 155 71 92 186 17 107 50 119 175 12 211 139 136 158 180 172 138 11
18 139 115 4 214 11 17 208 202 55 198 205 89 189 189 212 152 57 82
42 82 204 181 30 117 205 84 197 121 213 186 159 114 3 22 166 195 68 11 116 44 129 164 115 151 145 8 106 200 74 112 88 79 5 42 47 196 139 173 66 180 16
3 2 45 134
17 173 114 164 57 128 209 104 88 24 136 21 48 100 141 117 11 25
36 150 103 201 190 46 105 40 185 101 161 185 71 119 81 122 165 157 40 117 158 88 132 97 113 109 170 55 143 112 15 146 47 163 1 87 176
50 3 138 59 214 142 115 193 113 10 124 9 91 103 118 105 84 20 54 5 108 70 148 57 182 67 61 142 204 143 177 178 200 153 112 118 182 143 73 81 179 127 134 156 114 20 92 19 66 100 43
23 8 40 114 138 200 207 76 112 27 19 183 146 24 46 196 84 23 113 158 142 199 38 25
29 177 123 160 116 63 24 180 198 106 197 42 95 100 190 129 139 27 58 48 79 131 44 68 169 158 118 40 126 105
31 84 172 104 182 128 99 170 157 76 45 53 194 188 112 14 61 54 120 185 164 30 140 214 143 4 181 167 41 5 55 91
40 105 97 213 61 122 166 35 151 191 199 24 29 26 118 102 75 155 144 97 186 123 16 123 70 176 55 189 143 151 198 125 1 141 8 184 66 158 178 117 78
29 28 37 112 206 175 152 86 104 43 208 17 91 208 12 15 76 91 83 135 34 134 10 27 107 127 24 47 24 144
37 137 145 116 180 212 164 85 112 3 117 166 175 158 60 12 138 195 22 124 177 187 10 197 173 80 15 183 16 77 38 153 4 184 210 157 13 203
30 48 149 166 24 129 9 43 187 109 173 127 56 131 123 23 6 35 209 71 120 174 118 208 141 207 210 82 161 204 116
35 85 202 205 122 59 180 128 52 28 32 115 127 63 209 100 6 183 97 183 78 130 211 194 198 5 9 139 17 72 116 50 48 147 29 118
9 90 80 77 150 82 166 117 118 198
30 101 79 93 75 24 59 163 142 27 34 178 174 130 187 185 103 177 166 181 130 170 134 43 31 142 130 111 36 10 133
34 150 177 163 63 53 208 207 48 138 118 36 49 79 166 173 187 69 22 203 18 2 116 171 68 164 117 21 6 4 36 47 162 30 6
9 40 25 179 159 202 119 98 187 175
7 19 130 107 160 92 170 3
29 142 26 91 190 81 33 189 98 1 33 108 26 213 29 132 104 94 52 131 135 140 109 196 37 13 134 87 15 37
20 175 137 79 214 139 195 2 82 143 77 92 181 150 204 53 202 138 19 74 174
49 80 88 132 153 176 62 31 201 77 76 179 132 49 172 141 175 166 77 155 120 56 56 147 61 153 101 187 147 16 130 203 185 29 109 128 197 33 123 96 70 72 167 29 163 109 173 133 142 143
5 203 84 122 121 48
23 32 83 104 110 72 102 78 168 35 54 172 34 32 29 120 212 155 65 179 194 93 114 33
16 179 14 137 211 89 36 179 36 103 40 102 84 28 149 149 72
6 131 116 85 29 2 160
20 6 192 162 9 156 132 20 118 93 178 176 202 168 2 199 11 63 205 179 73
37 180 214 68 59 60 146 66 11 63 145 204 129 4 182 214 21 128 117 116 187 50 101 164 48 11 126 79 195 170 150 22 164 146 23 90 100 49
7 186 55 209 123 46 34 83
12 128 104 38 94 211 69 159 183 102 25 157 70
44 178 68 106 111 12 59 182 114 206 44 103 119 133 190 77 9 45 86 103 183 21 157 70 88 86 122 159 76 171 212 49 36 169 24 125 201 56 81 21 16 146 65 200 20
23 8 174 85 204 181 214 149 77 56 22 186 5 153 19 153 80 42 214 146 162 53 9 106
37 159 82 61 30 137 164 126 77 176 126 187 46 10 68 129 44 90 49 177 36 214 36 47 128 80 5 69 25 70 11 8 182 76 116 197 124 143
9 188 136 75 102 166 21 44 190 189
4 209 79 136 84
20 27 187 208 112 25 106 88 150 187 202 118 59 47 128 157 70 175 205 153 203
4 134 52 196 180
36 44 186 126 139 62 101 171 151 173 84 63 21 209 62 68 23 74 82 186 22 8 106 143 115 126 6 21 66 69 209 44 74 8 163 60 138
41 91 142 13 55 14 142 168 136 37 169 58 142 201 189 34 119 81 64 194 152 7 83 114 168 196 120 193 20 152 110 165 165 142 142 201 86 32 102 199 72 193
28 74 109 78 52 178 34 95 64 142 105 41 139 138 16 177 109 67 1 145 41 83 175 115 125 141 204 145 190
19 206 206 81 190 105 119 189 134 178 73 189 33 89 45 89 20 160 38 72
16 205 198 195 59 37 44 67 186 145 51 194 86 19 172 191 170
24 99 103 173 31 17 38 44 128 13 80 183 133 197 29 33 152 42 137 107 31 62 205 57 135
47 27 76 63 180 167 77 118 176 42 207 92 33 209 8 36 71 189 7 52 69 116 171 30 197 185 50 68 162 15 67 80 105 45 153 143 179 110 84 191 203 156 160 194 12 201 55 126
1 91
10 180 28 34 168 37 135 146 188 109 202
41 96 51 54 95 169 142 38 55 14 113 190 194 134 103 123 134 45 211 65 3 65 87 206 14 45 142 83 132 144 7 105 196 108 99 71 161 28 95 40 108 152
22 133 109 211 41 194 196 201 35 16 210 29 65 125 7 7 199 152 161 110 196 17 99
48 10 23 187 90 84 70 93 139 49 144 63 163 9 31 110 140 74 198 202 152 78 183 171 39 50 178 5 102 149 64 60 59 117 123 69 21 92 38 165 167 61 88 52 173 14 25 42 53
17 157 23 181 153 207 46 187 73 93 17 145 10 204 174 49 84 205
2 102 206
1 4
12 43 145 151 9 172 202 96 65 121 57 83 90
13 59 52 88 118 145 111 35 187 34 133 111 12 66
29 108 123 177 197 200 57 61 146 24 118 151 176 127 97 66 74 83 167 153 120 1 33 99 47 42 27 76 11 198
25 137 54 102 135 173 36 104 81 13 102 79 98 64 104 99 106 52 132 95 190 38 3 91 174 156
5 62 2 37 167 107
33 17 198 78 8 176 164 46 15 134 24 18 153 28 182 214 189 214 97 210 60 34 150 103 155 68 9 6 129 174 90 60 133 25
32 106 94 75 76 153 186 26 108 202 64 61 76 200 3 103 7 9 67 168 14 121 111 211 156 31 133 40 98 25 84 34 77
23 103 152 86 16 38 133 190 147 26 55 111 110 65 81 15 213 40 64 102 104 28 114 57
23 160 154 45 131 160 89 55 1 154 107 7 99 131 91 55 87 75 99 168 93 57 87 45
42 178 111 134 212 199 65 144 83 114 127 75 16 20 165 33 57 111 140 87 43 41 132 98 206 103 206 104 87 7 33 114 75 98 147 213 17 35 165 103 83 81 38
24 122 48 28 83 1 119 100 202 129 22 82 29 176 65 27 33 68 8 177 93 108 14 159 96
28 133 130 52 208 14 18 31 198 127 149 187 32 1 208 20 202 97 45 42 72 82 89 120 197 188 56 176 24
38 18 13 126 114 39 184 84 37 21 70 104 59 45 109 53 189 210 209 127 111 111 42 213 19 179 60 46 201 135 69 71 162 65 118 23 67 161 67
18 178 72 155 15 97 130 206 190 136 96 133 194 114 104 201 140 98 73
36 100 179 76 191 106 80 30 8 89 112 196 23 171 21 41 76 175 32 88 143 168 19 131 120 184 115 99 195 44 72 166 155 108 99 182 48
2 50 214
25 28 161 40 35 161 152 102 144 102 94 196 147 7 105 102 104 37 93 127 131 131 71 196 15 107
24 21 27 101 77 180 164 100 9 177 151 180 42 106 143 74 90 92 60 129 4 10 203 122 63
12 174 129 147 45 128 70 214 3 29 182 117 18
9 2 24 186 25 214 22 118 90 141
33 67 46 197 183 191 204 181 198 2 39 173 30 50 195 5 185 82 12 163 63 63 195 36 145 18 85 62 214 74 36 42 61 118
41 46 67 53 97 98 176 129 191 109 103 82 150 120 97 132 99 182 73 81 143 49 179 102 5 43 35 12 202 145 123 92 148 200 18 195 163 71 51 138 17 182
4 84 149 120 55
46 180 138 66 171 22 174 44 50 151 137 164 27 176 112 42 143 204 149 118 31 59 138 60 19 156 122 56 164 21 191 138 177 143 145 145 173 164 25 118 76 59 195 214 11 18 5
39 69 67 167 149 53 21 202 145 2 162 10 141 148 214 68 47 76 74 124 69 25 42 116 53 126 116 157 39 82 42 68 101 112 12 164 209 31 148 159
33 20 194 50 124 87 16 5 2 37 38 84 169 183 62 77 213 205 23 187 64 103 63 126 175 79 29 152 160 134 114 2 124 54
50 44 167 143 172 68 181 212 196 152 123 72 194 35 138 23 11 60 60 207 20 94 170 170 199 66 126 102 51 125 8 214 115 145 117 130 142 92 88 33 112 95 105 97 103 33 35 98 119 153 143
7 177 39 191 101 59 23 173
6 210 81 65 29 155 200
21 170 105 145 114 168 143 76 52 23 211 96 198 132 16 173 47 87 85 118 61 35
31 147 110 134 125 147 172 51 154 169 98 57 119 211 131 161 34 99 7 190 26 14 132 192 33 165 72 29 193 99 110 81
16 157 214 66 133 207 24 36 206 96 101 21 100 200 18 131 93
36 178 132 137 155 115 151 175 81 41 154 160 142 192 178 118 161 195 95 79 210 119 80 197 81 135 69 184 199 142 62 55 149 98 154 61 167
41 125 166 8 30 1 187 50 143 206 122 127 145 28 107 141 160 36 11 16 46 92 176 201 45 10 207 61 82 149 117 18 96 71 35 174 186 120 57 62 31 90
35 97 54 99 65 168 15 94 169 110 172 136 109 127 131 45 96 131 188 193 45 140 160 95 71 103 200 45 1 127 161 192 71 28 110 14
27 199 78 125 38 87 14 94 212 104 190 189 178 113 89 43 41 75 168 114 29 201 17 98 97 147 52 192
46 162 207 153 106 84 101 5 47 116 59 46 12 36 106 61 100 143 10 203 191 77 198 170 27 159 162 185 25 173 18 18 173 153 166 171 66 141 137 175 70 184 44 74 62 171 197
35 209 189 177 142 169 100 71 177 41 171 30 117 210 20 95 142 20 12 105 193 102 108 212 23 55 108 170 96 31 83 136 91 141 157 5
4 117 69 184 53
47 145 66 141 144 197 24 80 146 42 129 177 27 167 8 147 43 16 148 104 158 101 211 10 93 46 32 98 126 191 150 193 112 66 121 200 6 1 181 48 18 165 184 202 65 182 24 22
17 75 134 15 99 200 178 94 72 43 45 196 43 91 161 102 17 189
50 160 185 29 202 168 39 66 89 69 43 135 180 68 84 188 10 69 2 13 55 184 114 60 165 10 18 109 43 83 176 48 43 151 64 207 23 31 110 188 16 49 136 31 35 110 142 191 159 149 197
37 191 55 69 193 86 112 41 89 160 126 127 204 69 1 212 99 54 45 185 128 70 200 170 213 213 106 1 213 71 56 24 6 81 57 141 180 193
23 211 204 165 79 22 210 150 198 186 199 160 103 72 118 112 56 89 116 203 90 65 154 103
41 139 182 88 144 162 5 26 24 80 174 187 204 141 191 19 198 122 6 36 155 173 29 76 70 60 44 65 106 158 184 4 183 194 61 119 178 97 58 31 149 126
18 150 193 22 29 32 127 5 49 121 14 60 163 176 8 10 156 178 130
34 119 15 39 162 167 101 53 128 152 18 156 45 149 151 209 84 27 92 56 48 94 36 116 21 201 10 77 68 109 191 174 103 90 175
32 170 12 102 103 35 152 175 193 40 58 50 177 109 121 99 165 18 212 130 42 138 189 204 118 158 96 11 101 3 61 141 163
40 60 214 183 161 41 184 202 41 204 140 92 28 80 18 49 90 78 61 56 2 74 111 192 98 127 28 190 59 120 22 127 63 7 160 20 46 196 130 212 6
13 90 192 130 213 36 88 57 80 157 106 50 110 104
11 60 191 156 67 165 30 202 168 147 131 80
25 132 93 72 52 29 127 93 130 73 57 83 134 133 38 212 41 127 65 142 105 34 32 35 93 1
49 156 181 61 111 192 21 72 47 144 80 104 151 42 82 150 54 114 71 66 105 34 186 63 88 128 36 213 33 206 130 166 213 39 182 162 162 60 126 201 92 155 7 213 118 91 11 123 66 145
32 197 30 177 207 204 18 129 163 25 49 88 204 148 76 66 205 157 151 9 182 30 175 141 59 177 181 143 31 50 60 184 112
31 180 147 18 13 203 100 62 122 132 54 132 143 207 161 151 90 142 205 10 30 16 73 112 32 53 19 145 144 110 189 32
35 140 41 105 131 93 37 17 32 78 189 142 135 103 178 28 194 113 20 45 110 104 99 96 114 194 78 160 58 57 95 94 17 136 81 178
46 75 153 43 10 95 200 191 170 194 193 144 82 159 3 133 164 50 63 27 10 88 210 77 101 61 34 48 171 137 213 41 175 46 113 76 199 139 33 188 164 142 184 26 29 107 51
45 11 176 122 176 116 145 181 112 128 137 31 85 153 204 100 74 2 204 197 77 106 163 128 180 68 175 5 176 183 92 146 48 159 115 2 56 207 6 82 181 195 21 61 209 39
45 208 58 193 188 174 9 59 67 83 9 32 179 166 211 177 46 193 131 171 177 6 213 85 109 207 76 67 66 81 56 106 173 54 74 79 70 172 130 207 44 96 154 173 157 211
47 15 28 206 112 192 167 23 207 35 209 42 12 63 128 140 55 2 93 174 9 146 115 83 82 130 163 104 26 198 11 33 116 205 17 69 168 39 138 109 27 74 161 95 157 84 169 38
30 12 69 211 26 94 121 73 169 176 22 43 6 146 22 45 111 31 179 65 6 188 133 116 11 205 124 32 97 190 212
25 115 207 148 49 170 151 10 21 100 187 115 79 88 5 124 4 30 153 67 129 139 82 164 9 18
17 26 6 204 167 50 169 36 82 122 197 22 73 90 182 8 101 189
46 201 145 124 90 30 77 11 47 133 34 52 152 210 12 195 4 51 170 118 110 69 202 117 204 131 169 181 57 76 101 42 166 141 135 148 65 70 68 15 122 36 208 116 139 187 173
40 102 13 55 99 40 51 26 34 103 107 131 121 178 119 200 99 144 83 83 17 33 134 135 51 111 189 104 26 71 55 95 37 32 192 212 132 32 108 142 155
49 68 162 111 207 177 88 171 106 9 14 167 141 29 62 12 180 129 138 56 55 164 83 163 201 155 107 118 49 53 61 22 101 36 172 115 204 24 182 206 70 17 81 152 202 95 66 8 183 190
33 111 87 164 8 191 156 51 182 125 117 201 212 164 90 88 21 151 42 102 3 125 60 49 27 204 152 134 200 149 2 133 140 192
22 207 163 116 129 6 90 183 208 138 115 24 67 70 56 203 36 204 158 66 197 62 170
33 9 21 50 146 67 42 77 128 129 138 23 181 88 100 191 6 4 42 69 4 67 156 162 208 25 158 84 126 183 149 176 49 80
6 182 25 147 59 61 10
6 15 52 43 168 172 168
13 138 49 189 138 191 38 202 17 49 194 42 80 132
45 132 132 96 167 97 212 60 132 56 148 28 15 41 168 152 185 72 7 192 27 74 132 83 164 115 74 165 131 183 122 89 88 195 94 180 211 115 26 140 22 21 173 76 42 109
40 81 3 41 194 20 134 78 96 111 97 38 109 37 172 38 193 111 212 160 35 83 104 193 127 190 26 178 65 7 95 33 120 113 35 134 75 81 193 131 196
22 10 140 186 187 174 136 2 105 160 190 104 118 204 66 203 119 29 163 24 73 57 83
11 181 111 183 143 97 2 13 6 140 114 120
6 112 201 154 9 40 70
6 122 187 206 67 58 12
46 88 23 106 25 145 115 5 170 11 167 4 122 156 173 167 167 44 166 202 50 100 126 19 39 118 42 25 10 126 187 70 176 153 146 18 25 207 145 162 77 204 171 128 174 118 195
11 121 146 49 135 183 27 22 15 176 24 89
36 115 200 41 115 178 21 183 65 26 92 11 25 100 18 10 211 192 155 213 206 137 52 154 90 127 113 137 187 165 145 174 183 79 16 22 127
6 30 42 208 76 202 150
39 164 56 116 13 205 190 135 171 182 74 140 43 82 40 187 4 57 90 37 43 174 76 213 45 203 57 59 7 91 20 194 2 173 129 115 155 130 46 24
31 47 165 176 46 165 39 170 134 199 9 195 124 84 39 36 110 79 207 101 196 38 211 79 164 121 111 62 114 143 48 159
2 104 129
44 159 36 143 43 136 94 147 205 87 122 154 179 180 4 38 138 179 110 17 12 63 31 7 169 41 120 167 40 136 143 207 80 39 112 44 133 171 116 130 147 98 130 62 15
36 13 142 111 97 196 86 33 192 83 152 72 73 40 34 91 111 94 99 52 111 32 155 41 210 107 102 121 212 147 192 41 14 127 140 16 104
22 70 165 71 69 69 164 174 98 213 131 25 206 18 122 44 196 57 125 80 80 6 10
26 97 103 144 125 47 71 111 31 211 11 177 86 194 193 160 122 23 155 50 136 134 175 124 57 135 82
26 139 42 90 191 196 103 201 214 106 55 24 62 50 92 117 2 160 159 22 172 98 123 48 8 26 183
48 108 211 199 102 108 78 165 1 161 206 200 41 40 130 196 120 113 104 189 169 110 110 97 45 41 154 211 188 26 111 20 135 142 38 89 103 119 127 125 127 32 86 179 87 41 15 34 81
41 130 95 58 35 207 46 67 27 115 53 70 192 45 139 209 171 138 177 129 14 149 213 206 126 50 88 141 199 140 181 52 49 30 66 57 122 109 137 133 159 193
39 6 203 88 2 177 197 173 174 116 187 106 6 19 175 85 180 198 209 106 2 70 171 56 197 122 69 186 42 62 197 59 153 148 61 100 74 166 141 68
46 80 114 213 131 135 108 125 98 165 25 122 96 7 42 190 97 36 113 17 19 180 196 196 116 74 173 165 174 161 121 83 213 183 87 109 21 87 28 134 11 108 30 132 7 84 192
29 211 52 37 124 178 44 211 64 188 121 8 61 100 193 29 128 73 134 89 194 104 6 34 139 124 97 211 59 149
29 44 188 45 50 135 32 187 106 33 64 103 185 65 61 105 82 24 194 197 173 1 163 201 160 17 95 18 138 105
13 32 28 145 26 159 168 100 157 16 84 7 136 107
5 83 44 82 20 35
22 209 21 64 191 78 99 167 197 23 36 171 62 115 6 158 148 112 182 60 143 156 174
34 99 38 65 110 108 58 57 142 105 51 97 165 190 169 13 130 52 132 32 107 65 102 16 94 109 210 194 120 43 169 45 54 123 132
3 61 210 170
28 122 36 184 15 128 191 140 54 106 42 148 3 100 48 80 209 94 44 28 92 137 62 119 70 172 186 32 118
10 166 100 30 69 42 5 116 148 159 192
3 43 71 134
6 200 49 64 122 96 209
19 102 213 213 142 43 17 38 169 213 107 210 201 33 110 120 33 109 94 193
46 38 67 196 199 171 77 151 84 16 168 194 101 103 207 112 47 201 157 123 77 97 191 33 42 56 107 40 154 8 59 56 97 24 137 122 136 85 200 17 140 134 190 181 26 115 116
24 195 101 61 131 209 148 183 14 190 114 161 114 160 140 208 140 58 108 47 147 58 167 202 85
46 74 213 210 57 75 214 88 177 14 93 2 188 151 173 163 7 197 123 39 165 72 22 67 87 91 179 35 170 76 36 116 31 158 128 101 136 138 84 73 184 127 191 102 157 69 44
27 53 123 101 116 201 95 23 79 39 98 124 203 70 170 12 172 198 21 134 179 193 135 80 156 71 206 75
33 190 179 72 192 37 41 189 73 192 20 78 32 51 206 178 7 111 94 178 93 188 169 78 40 200 133 120 211 199 155 131 7 87
40 151 134 179 194 119 78 4 141 26 41 159 11 18 10 195 65 32 19 185 94 176 84 48 188 212 106 137 49 54 73 105 130 123 56 83 177 102 106 175 49
31 39 116 148 164 12 47 173 90 141 171 27 59 47 6 166 151 66 153 69 48 9 183 148 9 185 209 62 59 63 77 166
21 143 52 11 85 71 1 162 68 70 183 113 56 39 200 105 83 49 81 196 210 122
48 205 135 152 163 39 149 170 124 3 114 110 90 124 2 20 150 119 77 164 39 87 193 142 165 72 67 86 63 101 169 73 144 89 27 139 57 64 149 91 55 93 170 4 6 47 112 132 31
30 34 53 15 10 149 153 131 98 214 3 37 50 117 72 51 78 22 73 136 156 44 165 120 54 152 102 27 192 47 24
19 190 203 102 150 106 64 151 30 146 107 171 118 71 88 145 202 172 25 70
49 170 184 205 150 47 159 27 149 94 2 204 22 37 200 199 214 74 101 139 158 197 89 130 69 213 53 88 39 141 79 163 12 182 8 190 92 146 112 208 66 188 70 207 138 10 80 183 126 180
9 128 209 47 101 58 30 48 176 150
49 93 136 40 189 83 96 32 72 81 110 45 13 178 161 14 72 108 189 89 193 99 152 110 97 172 81 120 26 3 102 147 13 83 72 121 212 34 111 64 161 114 107 40 154 140 20 110 201 83
14 177 23 206 134 78 164 26 52 133 162 185 58 47 174
28 183 73 4 97 50 81 2 120 85 92 21 174 184 212 66 113 116 52 191 101 10 90 135 16 15 23 104 45
3 119 133 64
31 214 43 165 189 26 214 84 47 33 183 64 105 170 129 208 157 103 112 168 204 78 116 119 169 72 132 135 146 142 70 11
47 2 77 125 117 3 185 109 67 120 152 24 194 11 30 138 184 79 150 115 19 94 63 158 16 100 95 124 44 43 64 204 193 139 180 203 36 187 129 74 101 199 88 213 90 179 126 140
9 33 185 137 82 191 205 170 124 73
12 7 94 135 57 93 165 134 213 131 55 132 64
30 123 192 89 86 48 52 178 26 163 155 179 140 91 119 173 196 159 139 155 40 138 180 22 77 35 143 195 115 211 164
47 82 109 21 191 191 175 44 196 210 184 124 160 143 211 205 165 107 65 51 82 134 119 178 5 38 191 113 42 22 166 90 35 142 208 90 132 126 4 23 159 87 2 89 59 86 192 48
3 211 100 199
29 210 121 86 95 184 212 149 11 212 96 16 181 103 136 150 40 2 38 159 163 193 204 171 76 13 48 204 84 191
15 57 120 102 97 50 94 91 90 55 78 68 197 194 45 165
41 175 129 170 129 209 187 122 24 187 74 47 156 21 183 126 49 156 19 6 70 185 198 151 141 79 185 145 42 36 181 181 149 115 59 141 100 143 27 92 186 151
43 137 36 145 207 115 19 150 181 79 47 42 117 166 84 174 181 12 163 198 5 198 12 183 143 74 23 185 139 183 166 204 208 80 214 22 197 182 204 184 68 204 183 128
17 119 57 200 42 159 136 178 123 37 1 37 54 24 122 123 23 194
36 99 121 169 73 194 213 96 103 95 96 30 112 67 60 146 50 73 155 131 95 123 148 93 7 122 99 159 202 140 111 208 178 114 171 4 54
25 34 40 9 175 161 165 75 92 157 83 138 102 49 173 153 25 81 171 170 2 128 154 112 214 203
45 10 131 18 57 68 123 8 92 75 195 111 39 74 29 211 110 137 194 173 23 148 85 24 180 213 92 71 160 71 211 201 15 59 88 174 26 95 82 86 89 141 7 62 206 43
30 97 67 111 143 201 192 66 13 163 9 53 148 206 77 117 173 102 62 149 77 78 166 15 100 80 163 78 22 94 44
9 33 31 124 134 147 40 34 168 106
29 97 33 167 41 113 60 88 140 10 190 203 88 60 55 14 199 120 124 37 98 131 104 167 94 75 191 56 71 143
27 134 7 81 196 163 63 110 202 144 188 207 161 70 172 83 124 213 105 56 21 32 183 5 74 176 194 157
39 97 168 93 20 94 38 96 134 140 121 161 34 87 7 206 20 105 72 65 123 17 93 55 20 188 54 95 64 135 13 147 28 113 96 172 161 87 132 127
37 174 157 76 143 42 56 10 87 61 4 112 27 73 156 3 141 108 101 33 120 29 209 43 206 111 46 164 19 94 204 85 12 128 159 21 59 118
30 115 171 46 18 23 18 140 206 83 110 111 11 6 61 163 170 50 173 133 28 156 49 192 108 77 138 34 5 138 33
50 176 128 53 73 137 44 66 25 177 141 184 35 159 68 90 172 51 191 187 79 150 214 36 84 61 2 71 9 75 23 45 174 69 49 48 56 126 47 28 129 122 8 182 140 59 117 67 173 148 5
20 72 91 62 23 113 186 81 40 210 162 49 121 81 2 100 88 150 14 149 3
40 36 33 72 139 130 92 79 135 37 31 191 201 60 122 185 5 26 204 72 72 67 134 24 105 211 208 61 122 196 142 194 207 112 41 203 43 133 102 44 184
21 8 59 177 142 195 45 29 206 135 120 150 90 3 38 152 209 187 109 123 122 115
15 105 166 157 150 3 63 199 3 119 49 142 14 79 23 140
39 174 143 11 175 74 72 70 15 146 42 160 1 24 151 187 191 56 181 6 116 126 198 167 12 10 34 133 131 112 144 23 169 199 171 76 140 172 7 78
12 109 133 135 89 105 17 83 196 179 140 192 130
15 39 38 63 161 132 70 18 214 158 164 200 62 192 18 184
49 211 178 136 169 136 58 45 109 73 3 89 20 172 17 26 206 32 91 14 7 199 144 210 54 40 165 110 200 26 89 73 96 144 201 78 86 95 154 43 161 107 130 179 103 40 108 89 87 105
28 10 141 73 212 134 193 151 185 12 198 49 139 34 50 83 72 176 39 149 209 194 130 97 178 136 189 198 197
49 145 186 180 30 166 166 129 158 36 173 170 59 158 117 145 205 122 69 63 180 170 90 182 208 203 174 11 115 167 23 66 183 151 88 23 2 8 100 177 5 170 42 139 197 146 47 181 164 2
45 115 14 2 38 75 166 116 81 183 11 127 16 94 175 208 162 54 50 89 105 59 147 129 21 125 75 130 182 172 128 17 7 138 79 98 70 54 190 2 48 96 130 105 106 86
12 69 76 180 174 79 191 12 208 69 122 209 204
18 124 86 4 53 26 193 92 114 6 25 22 127 56 10 163 122 144 26
3 46 159 40
1 49
5 167 132 129 164 209
40 29 85 63 40 171 163 66 115 178 157 209 139 48 60 179 160 213 97 15 164 11 118 130 188 127 101 7 16 117 133 125 94 141 4 73 77 106 93 149 31
22 50 122 24 50 60 30 74 174 205 23 163 151 174 44 198 141 42 36 204 115 164 68
27 140 140 176 77 39 173 72 163 97 66 61 93 3 38 37 196 36 46 117 181 147 202 92 12 122 190 172
2 53 177
37 157 72 197 89 208 68 77 155 20 54 137 58 170 202 182 204 117 150 25 114 30 190 118 63 146 62 110 166 113 92 10 75 6 164 175 98 176
45 121 147 57 96 21 93 126 57 55 208 23 69 48 14 11 162 3 24 49 214 201 183 178 127 13 17 177 177 9 204 55 205 95 19 166 34 114 62 126 212 36 180 89 153 48
16 48 36 73 61 195 81 114 58 178 113 87 53 122 176 60 82
1 57
21 188 131 147 57 114 29 32 34 38 154 121 144 206 200 73 132 192 133 154 123 26
46 135 182 22 123 51 103 74 152 65 31 170 119 38 187 2 190 70 155 56 133 151 49 195 200 182 107 79 212 70 35 70 125 135 121 22 97 179 205 13 98 63 131 29 173 46 17
49 125 53 213 213 179 33 173 177 6 152 206 103 84 20 30 205 191 177 94 35 143 37 171 143 166 121 54 199 182 196 155 81 132 81 86 169 90 176 150 123 9 90 39 111 59 102 89 125 66
36 25 198 167 177 141 209 100 31 176 106 46 158 88 150 181 24 150 5 137 61 60 2 183 21 82 27 156 42 10 197 106 48 186 137 115 48
26 72 48 143 80 14 12 149 90 20 104 25 68 32 131 172 47 198 173 85 91 200 194 52 71 132 51
22 66 151 153 204 5 205 56 61 74 25 63 70 18 182 191 129 84 5 153 150 122 101
40 32 31 57 9 156 205 115 137 110 7 151 104 48 84 76 85 134 129 156 68 168 78 176 14 166 81 11 103 97 73 55 51 211 19 45 89 27 43 64 131
15 66 128 77 144 135 79 101 178 162 180 34 80 146 135 153
20 160 172 54 86 104 161 13 64 196 168 127 34 108 189 140 168 200 210 130 98
39 36 13 172 87 90 1 141 182 74 105 60 160 39 113 143 115 113 75 136 150 33 9 139 202 162 37 129 136 114 120 213 138 154 148 212 90 93 107 133
6 168 94 131 83 211 13
16 90 157 205 29 119 114 45 103 65 132 66 60 196 39 131 19
47 157 188 88 89 30 28 210 153 21 6 213 183 71 194 203 117 129 151 98 106 208 83 148 207 47 197 162 56 195 150 49 9 41 23 202 52 181 111 58 167 69 80 115 176 130 65 133
5 41 19 36 101 201
18 186 211 47 168 2 200 163 39 191 178 181 136 166 60 95 207 106 11
4 81 127 39 199
21 80 31 167 4 20 23 177 105 137 116 14 57 175 152 153 196 60 146 117 62 107
47 108 29 127 58 26 32 75 125 33 105 178 132 78 154 95 178 178 45 17 201 131 119 109 211 172 107 199 57 201 133 142 38 52 169 72 26 125 109 179 51 16 109 78 41 95 73 199
22 59 13 47 175 94 153 60 60 40 35 84 38 205 85 136 37 2 208 183 20 55 135
5 25 185 134 153 21
1 28
41 134 60 205 117 70 28 127 142 106 202 164 68 107 1 154 104 88 73 198 36 80 31 102 69 74 193 66 184 176 196 153 55 130 115 27 165 179 181 206 9 183
37 178 134 81 199 81 40 108 96 35 33 131 81 155 107 199 78 194 119 107 123 45 110 104 105 102 109 110 14 125 94 105 28 43 119 135 94 179
43 116 157 165 67 117 118 183 162 184 126 202 23 198 132 147 66 151 63 190 140 152 107 150 193 144 173 128 94 5 12 62 174 148 8 158 161 90 146 135 196 25 115 208
41 99 68 141 85 108 19 97 209 177 31 116 124 129 175 15 61 121 200 118 40 185 163 14 5 84 21 151 176 50 106 57 156 36 204 187 120 93 11 22 161 150
48 26 16 144 3 190 213 168 51 127 200 15 144 109 178 71 192 71 194 192 165 119 54 17 38 188 3 178 73 178 73 211 121 136 99 94 86 34 65 132 110 16 45 190 206 1 169 13 97
4 156 142 151 108
22 120 26 81 192 99 71 125 41 127 34 189 35 45 3 35 200 142 57 213 87 13 190
2 112 18
31 202 102 35 199 7 99 48 30 87 142 94 79 208 22 128 39 24 10 65 70 111 42 12 27 20 131 152 79 46 82 98
3 143 48 13
15 191 122 75 190 23 21 38 177 130 156 119 30 204 148 143
28 184 148 114 7 113 82 74 163 206 10 199 67 45 152 118 151 173 27 70 150 140 212 172 193 81 70 3 151
36 186 85 156 112 79 151 191 180 27 202 141 11 122 146 185 92 122 8 183 2 191 148 106 214 181 115 166 174 70 8 56 84 2 191 8 162
35 94 34 178 132 188 108 134 131 108 111 103 144 132 188 102 1 211 87 37 190 210 64 144 35 107 17 213 43 3 13 196 37 169 13 212
7 96 91 14 91 59 93 113
13 186 28 119 80 161 88 26 27 105 155 189 184 160
4 77 56 124 149
29 134 30 111 195 16 210 8 211 147 85 69 144 94 52 191 29 76 33 56 177 3 182 5 136 140 30 15 194 137
23 65 155 168 55 57 200 133 75 7 1 108 57 38 212 7 103 40 206 125 32 196 120 104
45 150 192 145 65 139 205 35 33 88 108 207 43 47 152 131 99 205 153 155 45 129 118 4 103 171 135 155 140 154 143 125 20 26 5 51 80 7 168 74 181 168 18 28 128 190
45 64 93 1 210 127 127 72 108 43 172 110 114 125 160 114 7 43 102 87 34 152 97 96 54 210 71 125 200 13 123 165 108 160 38 52 99 43 14 96 142 110 35 155 189 123
31 183 100 23 15 85 98 25 105 14 197 12 26 84 42 194 117 186 97 200 108 130 197 71 139 210 104 189 124 39 84 76
1 53
4 187 81 55 166
16 35 79 26 10 142 18 196 95 137 174 113 100 186 126 63 19
21 115 57 97 137 22 28 10 13 16 142 204 129 17 164 111 191 147 169 209 82 199
3 25 204 54
2 72 94
21 67 128 150 37 154 132 19 138 50 19 157 135 25 206 82 8 147 181 71 61 116
