48
18 36
31 34
16 43
10 40
47 36
8 5
10 9
17 47
25 9
31 1
7 29
42 36
23 48
14 6
1 36
36 13
38 5
25 47
39 10
3 40
45 21
34 37
26 2
9 23
33 6
14 19
21 25
32 15
4 38
11 39
25 29
46 1
28 22
21 26
45 15
12 47
14 35
20 1
16 11
22 39
14 13
36 27
5 1
18 44
30 14
41 27
10 24
54
26 46 35 43 43 24 12 48 2 4 8 30 20 46 17 42 3 43 2 12 35 48 48 48 28 42 7
5 45 34 34 39 25
22 42 37 44 12 8 42 42 12 7 4 28 30 17 17 4 35 43 43 42 43 42 4
8 6 39 46 18 38 9 14 27
9 35 38 1 44 34 31 32 26 46
40 19 3 20 41 35 13 10 47 24 27 1 18 16 22 8 36 34 4 12 46 21 11 45 15 33 14 32 28 40 29 26 31 6 25 38 48 9 39 23 5
36 48 6 14 17 38 29 4 18 47 16 10 2 23 36 12 30 5 46 9 37 40 41 7 27 13 15 39 11 34 20 35 1 25 22 21 26
11 10 25 24 12 46 18 47 28 48 46 5
32 22 38 43 37 24 36 3 45 3 13 12 11 12 37 2 31 48 43 40 13 23 4 33 39 29 4 11 11 38 33 18 16
9 31 39 5 20 15 47 34 1 12
31 40 1 30 33 21 40 10 36 15 3 38 12 6 2 41 3 22 48 46 10 42 12 31 17 12 16 21 2 26 46 29
45 39 19 43 30 48 39 21 26 23 37 26 44 19 30 10 29 27 13 6 16 39 41 38 5 18 47 40 7 4 40 48 44 14 47 14 19 28 22 15 45 43 5 42 4 15
31 23 11 29 31 29 34 31 27 47 18 38 10 18 22 16 18 13 40 15 15 23 5 10 34 11 27 6 18 16 29 45
34 22 27 31 13 36 11 16 14 25 22 23 40 47 21 10 29 16 16 39 25 15 10 1 10 27 15 26 29 29 9 29 16 36 36
48 6 13 12 23 30 44 45 21 12 25 8 40 29 25 38 16 29 41 32 19 25 23 37 39 19 27 45 29 36 10 34 6 21 7 2 4 31 26 14 10 37 32 45 28 22 13 7 20
46 5 7 26 25 46 6 10 9 42 34 47 13 3 48 29 18 21 23 39 44 36 43 41 27 45 24 22 40 16 14 31 35 38 8 32 37 11 30 4 1 20 28 15 17 33 12
46 32 33 26 34 7 28 20 27 18 41 19 35 26 34 19 21 5 48 12 33 7 7 40 29 45 17 33 8 33 24 26 14 20 36 47 7 12 47 9 29 24 13 16 22 44 1
17 23 37 19 27 6 28 31 24 16 4 35 15 42 5 34 1 14
5 48 24 33 7 35
12 16 10 14 47 38 7 39 25 27 18 31 22
24 31 11 16 34 47 31 13 11 13 21 31 47 6 45 18 39 18 39 15 26 15 16 40 21
3 27 8 18
24 5 47 43 33 23 9 37 10 8 41 36 23 14 23 3 41 13 17 17 18 27 46 44 34
23 29 36 43 22 7 9 21 41 7 31 1 33 35 19 28 12 42 11 15 30 31 40 18
29 46 18 47 5 28 42 39 44 3 30 45 25 41 1 36 7 48 33 12 9 31 40 38 22 11 29 16 27 19
30 39 16 9 9 23 45 9 1 23 25 26 22 10 22 15 34 47 34 22 27 25 1 13 16 26 45 31 31 40 9
17 25 10 34 40 9 40 21 13 36 26 31 38 15 6 1 26 25
13 17 7 20 28 20 12 42 32 8 37 32 17 33
22 44 16 32 42 41 25 29 13 6 20 43 14 12 19 1 5 20 18 19 21 24 26
23 37 44 37 46 32 19 30 7 33 44 48 7 37 33 17 48 43 42 12 24 17 7 8
24 23 26 43 25 30 29 3 1 19 11 9 34 17 48 13 42 23 14 2 40 23 27 37 27
12 33 28 20 24 7 12 8 17 19 30 2 24
24 15 40 14 39 18 38 14 45 31 45 10 10 18 38 27 6 15 27 34 18 9 13 45 22
46 31 5 12 48 25 11 10 14 29 23 21 19 6 32 3 44 2 24 2 22 23 7 20 42 26 11 15 40 42 44 9 12 14 33 37 5 39 26 6 25 28 16 37 46 17 7
19 1 43 43 39 14 22 34 38 7 9 29 42 44 31 22 26 9 7 40
25 2 39 37 25 9 6 31 26 11 15 46 29 24 14 41 18 1 3 34 38 8 35 13 43 7
11 10 46 48 33 37 28 25 5 7 15 36
30 42 17 2 4 8 44 44 28 12 32 12 4 17 17 30 7 35 41 7 42 32 3 42 3 35 3 7 2 41 33
31 11 33 12 35 23 47 37 15 36 31 39 40 22 34 27 45 10 41 32 9 38 44 28 3 21 5 1 13 14 25 6
41 23 27 18 48 39 37 45 24 26 46 44 2 20 47 3 11 15 3 48 22 22 12 5 24 3 29 25 38 28 24 47 5 35 22 8 5 15 22 1 30 3
7 26 15 34 23 14 8 30
19 22 29 26 16 27 5 13 26 47 18 16 39 16 22 15 40 27 36 18
26 48 48 24 12 32 2 46 42 32 32 12 46 44 46 17 28 24 19 19 12 24 48 43 17 2 4
29 14 22 29 9 28 5 15 35 18 45 13 6 26 39 23 38 1 40 20 31 24 17 10 21 43 25 36 27 34
24 35 43 20 7 19 33 30 7 32 33 43 46 37 19 8 8 28 37 46 3 46 3 3 2
21 30 45 42 23 38 1 22 31 18 9 6 29 33 27 14 13 8 28 25 40 21
5 29 32 31 20 47
35 48 1 22 47 31 34 37 34 22 15 29 35 33 31 17 46 23 11 26 27 37 20 45 41 38 26 13 21 21 47 35 35 42 27 31
35 11 36 20 25 9 6 14 45 30 7 8 8 22 3 25 41 21 2 18 33 5 21 34 7 32 15 6 10 22 37 6 26 24 6 37
20 7 30 10 45 24 31 42 28 37 1 29 46 12 28 43 6 12 43 21 17
41 47 17 18 14 40 43 46 47 32 33 26 35 26 23 42 11 36 15 44 9 5 36 12 19 47 8 5 39 20 37 21 47 45 13 42 4 35 24 19 18 32
30 17 36 18 30 44 38 43 47 16 22 29 39 21 13 20 10 42 12 1 40 24 32 46 31 15 28 4 3 37 9
42 19 42 34 39 26 13 30 23 35 8 39 2 14 24 14 28 46 20 46 5 48 16 45 30 37 42 28 20 13 40 12 12 33 33 32 10 4 28 29 5 18 18
41 33 46 28 28 17 4 32 2 28 41 33 43 4 17 7 17 12 2 37 19 20 44 8 4 30 42 20 2 44 20 46 17 20 37 48 3 20 30 19 17 32
