95 187
986732989 789639790 485980675 792293998 495105727 1865984 174693797 107275473 713936555 390477430 180938956 65710262 332470807 411232057 750750847 418294223 328627190 988093238 647274698 608888764 758438919 46297857 952622335 423277503 474732742 966082956 2106837 633366079 306377221 874196248 968344577 888444327 377430541 373575548 315670710 28691582 992679905 376962553 219129859 700342941 260470199 300979752 715009611 105139507 753962689 538198388 991312638 639162563 664260450 472800691 224225884 133553440 732753175 920637339 825021504 47529027 344414026 915074043 600446521 361114364 732241598 974989082 172177879 913349309 750464751 484528109 22915134 742670281 203553386 603254944 519447891 270779725 178084005 619409218 10931575 912190708 255416525 226185464 432919108 364694637 462923109 94823022 951877659 835772668 682553267 106668816 466478169 979242309 548526983 659518360 293402424 346456721 75190323 742289407 878096140
27 26
93 63
66 70
45 48
59 78
14 9
88 25
16 5
72 1
76 43
74 70
6 54
14 53
52 78
80 94
27 46
58 28
15 79
39 64
31 81
56 71
35 8
95 35
44 40
41 93
46 53
41 89
90 85
90 37
56 57
43 30
21 25
17 58
82 54
56 50
28 33
40 5
31 36
87 1
47 8
42 24
33 47
24 28
16 7
13 38
90 60
55 3
82 89
51 38
80 42
71 23
28 48
75 84
95 20
49 25
32 10
87 13
40 25
80 37
38 73
78 92
37 75
88 85
23 35
95 70
77 68
80 12
77 80
19 80
64 9
65 39
6 22
72 4
92 79
75 4
18 27
62 74
70 55
5 86
2 58
65 29
34 15
91 39
44 11
25 32
54 76
57 67
19 43
17 83
75 36
79 4
46 44
69 40
61 85
19 22
27 33
1 31
45 78
94 75
27 65
39 18
77 64
44 16
50 8
28 40
39 31
42 65
69 90
77 75
57 79
37 91
76 67
15 64
28 66
20 87
36 46
63 80
10 68
81 34
45 8
36 26
7 74
51 65
25 33
62 49
92 68
12 21
2 49
13 48
47 61
7 58
29 43
12 79
62 16
1 11
3 48
62 89
92 33
50 23
4 90
70 23
2 43
12 75
39 32
50 31
35 46
52 80
44 89
82 11
94 23
62 93
5 65
27 61
44 83
19 11
77 8
12 93
13 86
82 78
57 23
51 55
60 91
13 91
17 8
76 95
42 93
77 43
12 34
1 38
69 75
15 24
6 87
17 65
9 93
19 95
5 24
59 14
63 91
6 93
44 22
4 49
47 56
44 87
1 67
63 79
53 55
37 68
92
0 38 946146602
0 86 773686363
0 8 603806959
0 26 883292497
0 10 719673712
0 21 393429640
0 10 150760702
0 5 418313467
0 28 339662542
0 47 176498471
0 1 390269884
0 52 377386655
0 49 716786033
1 27 17
0 89 6507455
1 61 10
0 40 983808476
0 56 288705808
1 30 39
0 34 936949186
1 22 2
0 30 761604521
0 62 361153762
0 73 939776876
0 91 401083162
0 68 43559683
1 93 86
0 10 948969613
0 13 582511214
0 26 344955378
0 76 595313315
1 69 49
0 94 586277949
0 78 136467591
0 63 766909332
0 52 886675954
0 29 93287003
1 45 81
0 35 652153014
0 90 281512044
0 10 87632246
0 63 97630974
0 75 501737442
1 67 52
0 78 967062216
0 74 532549135
0 93 506969030
0 69 299350007
0 29 558281104
0 81 469340108
0 40 21997318
0 30 107087234
0 18 862756385
1 71 53
1 49 3
0 30 215882804
0 23 976827255
1 37 3
0 34 613270829
0 87 751738916
0 64 919838421
1 18 91
1 33 52
0 67 860339140
0 9 398932036
1 33 31
0 81 735446512
0 54 384823055
0 89 408360052
0 82 11217768
1 43 31
0 74 252973502
0 27 717425541
0 28 258179633
1 71 29
0 85 85527183
0 39 242037679
0 31 138789314
1 48 72
1 22 89
0 53 26961165
1 80 54
1 92 1
0 29 365186924
0 71 281979870
0 48 803444361
0 46 315947734
0 89 400046429
0 92 818098193
1 50 89
0 73 492234017
0 45 594459473
