97 96
20949804 14812296 16868880 49909186 12765570 36365359 73840782 96169631 3114155 78263023 76388472 76559186 9468988 92415399 22236733 8530873 76619601 56467824 74823828 59769182 4664605 98368698 21388634 29875336 29340256 24627422 69257709 10256172 6446367 1680113 56821317 95054715 944900 68506421 85187414 80290621 28810038 71940169 59966965 18573812 6540138 52397933 49660825 59357178 99959754 80534948 89632414 62018864 34580516 22334122 98331248 46546076 23694070 89874210 97078412 50339905 96266345 73174090 81727357 49715224 64470316 72456932 89405673 50940381 29964585 86364643 86813924 19873655 63184767 79081190 1353616 99628789 35508490 88180770 15149052 79807308 48918687 77060877 50863802 413964 65393180 27557271 37691877 41977389 13999577 43790651 84070686 30457641 19414062 41020245 52288055 12338521 22938912 10005688 41530339 88168676 58208133
43 44
68 69
6 7
29 30
9 10
24 25
5 6
31 32
7 8
84 85
71 72
88 89
56 57
64 65
79 80
89 90
77 78
96 97
17 18
63 64
15 16
78 79
38 39
37 38
87 88
20 21
55 56
74 75
3 4
33 34
72 73
67 68
12 13
40 41
66 67
76 77
92 93
54 55
48 49
23 24
22 23
19 20
30 31
93 94
86 87
39 40
80 81
44 45
75 76
69 70
27 28
18 19
32 33
94 95
58 59
46 47
1 2
85 86
36 37
49 50
2 3
21 22
83 84
59 60
91 92
81 82
35 36
8 9
52 53
45 46
82 83
28 29
61 62
16 17
11 12
13 14
10 11
41 42
70 71
95 96
51 52
34 35
65 66
50 51
42 43
57 58
53 54
25 26
62 63
47 48
90 91
4 5
60 61
73 74
14 15
26 27
100
0 34 98256034
0 88 42067407
0 35 34067799
1 8 30
1 76 23
0 13 33266599
1 93 71
1 2 52
0 30 15026930
0 8 25628962
1 66 66
0 24 44191947
1 73 55
0 84 38760421
1 10 27
1 13 58
1 47 30
1 26 45
1 51 67
1 68 83
1 43 37
0 18 52085894
0 9 5813348
1 68 21
0 83 79498573
1 26 18
1 7 57
1 27 87
1 13 20
0 45 94608255
1 70 78
1 8 46
1 86 30
1 57 41
0 17 66016740
1 4 77
1 54 50
1 53 14
1 63 27
1 13 32
1 15 93
1 19 13
0 57 55610210
1 45 89
0 9 46897358
0 71 89696401
1 10 88
1 67 46
1 57 32
1 74 3
1 71 24
0 16 998727
0 30 98085457
1 45 49
1 93 84
1 45 10
0 61 58876962
0 80 16119654
0 97 83396385
1 16 10
1 62 39
0 7 95792750
1 44 26
1 83 72
1 30 94
1 35 44
1 39 2
1 18 82
1 53 91
1 10 60
0 10 88914877
1 45 6
1 9 23
1 60 82
1 51 2
1 42 64
1 53 25
1 22 57
1 75 13
1 2 48
1 96 60
1 95 37
0 5 41830333
1 16 81
1 79 48
1 96 36
1 31 76
0 28 7204009
1 67 65
1 24 62
1 90 51
0 42 50893111
1 42 28
0 69 75491882
1 44 35
0 81 37137279
0 39 4704760
1 23 44
1 91 80
1 96 38
