100 99
244535027 751120970 479740674 370993049 898711566 200722296 238181740 419676682 530369677 998170527 123230513 716416337 35534096 856930821 854824240 591625265 880463683 521618275 632071174 48866756 674005919 212582414 634579058 434622376 894366178 645616452 1198493 828854460 211204852 443547853 308315913 762419302 479679935 848115927 132924610 340655539 923122207 768393491 697563350 827851392 945964466 97839819 596933552 538440970 796290276 128554217 827365392 294248818 975224272 988430447 161436820 829602693 599452257 828989697 459967926 808620212 991234455 434482461 112844571 93367590 999521604 940008699 745599761 79270363 835630693 527171138 849989639 770473648 884055399 792584187 410536380 973340651 858848972 504216429 333858959 231884815 535190277 552574262 753536728 691486455 148645432 342974260 208296034 114682439 516515397 490555058 320238987 523770476 926165944 828290592 629510488 77763455 374376403 719868847 911427527 158902786 864231650 731341486 367201663 909789703
46 95
93 76
99 98
86 88
32 34
14 58
97 33
28 83
22 92
78 50
77 66
66 89
4 44
23 38
32 100
74 81
81 9
47 20
89 16
7 17
2 9
96 65
87 43
47 96
52 2
59 57
75 79
17 28
7 56
17 53
97 91
82 32
58 28
72 78
61 18
32 62
11 67
24 10
69 57
11 55
89 41
71 84
6 82
80 76
73 8
31 77
55 35
42 74
48 51
85 4
75 15
73 46
69 12
26 82
56 82
29 96
22 49
39 53
61 80
71 27
32 67
76 5
29 36
13 38
63 77
48 55
30 11
8 21
55 38
92 35
99 16
68 66
65 70
64 79
44 87
93 53
8 19
54 45
95 91
65 63
52 49
29 94
88 70
15 87
1 62
3 36
55 90
78 4
97 62
73 59
10 77
54 51
80 60
44 45
77 34
4 71
40 55
37 72
25 12
100
0 42 490024906
1 24 85
0 6 376100848
0 92 144341030
0 21 687800993
0 69 533196402
1 3 52
0 55 509903754
0 44 73655291
0 23 384382327
0 44 845709554
0 52 775661989
0 32 398586902
0 28 21143742
0 5 917122634
0 4 794832010
0 63 841560068
0 40 825620959
0 86 417993811
0 32 252847381
0 81 629982761
1 59 24
1 31 100
0 14 457218108
0 67 881558360
1 38 35
1 53 10
0 75 289481541
0 27 766348615
1 92 83
1 3 92
0 42 193172994
0 51 452029568
1 59 66
0 11 61202048
0 73 888320810
0 69 787871658
0 15 411314372
0 40 426446931
0 39 946575652
1 93 80
1 1 19
1 12 70
1 23 35
0 51 645990634
0 76 786131721
1 90 76
0 84 711736728
0 85 29421313
0 33 330210012
0 88 45916576
1 1 5
0 60 496173444
0 64 436469044
1 96 68
1 81 96
1 4 42
0 52 485124093
0 80 118377421
0 97 857869427
0 8 875755611
0 69 71507269
0 24 164386540
0 20 813328125
0 3 721221493
0 48 259859705
1 26 77
0 88 603513893
0 46 725586629
0 92 460430992
1 56 49
0 79 430001080
0 70 135841328
1 87 17
0 86 827937996
0 29 874654120
0 99 994313390
0 82 527615333
0 59 237823265
0 5 53103687
0 39 722227895
0 83 139190858
0 5 35192859
1 25 36
0 25 202649668
0 81 992067308
0 4 554945251
0 99 716879141
1 9 90
0 12 396316973
1 77 70
1 11 13
0 11 451222321
0 73 603513036
0 22 826643242
0 85 770788438
1 25 32
1 52 84
0 85 248308115
0 31 887766096
