205 2000
627529971 759131443 513396726 639561847 390726895 434982784 862748844 65861179 745998897 33271147 701951652 29780833 746082680 798949228 193170463 65901835 680288954 312436797 11604308 984730741 477356840 832531414 299688402 710837660 947943122 429170824 330848809 53501921 419608858 279444324 171796049 516328965 140299048 453954848 366971421 491916038 805046199 32546119 72993976 679758150 63895764 484220602 870882507 18026746 562849389 923175503 212279209 658719409 182095448 84226693 810776061 186669326 374374216 474679085 656645075 202359073 6406089 929484995 463248616 26665313 664584723 225015324 696659701 209076231 954715445 727834278 324713583 413897595 901139316 257522436 451783940 439526399 925704313 711662371 86187356 7615437 110530095 119829827 711277949 33656444 648552203 97114637 791667241 236560426 967345881 843512988 552495819 787783583 376138883 262759180 558728159 419213446 187228687 922868138 966745122 77654254 732623568 606466304 934875902 123510444 324713159 959666750 474213949 163118871 982765063 397504843 164263942 76839680 656164700 63677118 260251694 63267361 251537520 883944142 833859576 257665928 266220100 550277127 265048792 662008349 507509525 672040542 441569247 893921917 120108316 931045209 208362378 144363941 10980241 621490936 1017167 834385684 102698326 383162153 476254366 696259367 821254995 604795412 944078844 128544188 617748970 434263395 118260172 808485246 944291383 637888477 776066413 943446550 330240491 109679171 811080653 582518427 422170348 654116983 924533776 874309891 532142718 907980308 650428411 509130858 79148522 648888928 895057346 8431808 527925673 739839283 148457439 16585102 53571625 694805841 388682540 543201744 900421737 175099390 657544201 412077125 518117724 920516226 552005703 874696222 550595349 544843929 164572619 732723562 572539896 946549155 405561183 58858044 786943743 945814095 445008241 192157541 23264586 810994058 874419140 607556531 848563178 357472707 685116086 879592758 903482135 45008677 306614725 811857951 217629384
175 186
201 59
145 150
6 56
21 75
67 163
179 87
29 165
164 172
93 126
10 92
157 50
126 72
116 71
24 74
7 200
120 58
155 190
177 71
181 22
29 198
88 41
117 135
8 201
108 147
36 116
55 116
81 68
162 3
153 141
196 86
100 124
45 73
149 197
13 137
41 19
182 101
30 17
135 147
141 39
56 126
92 135
95 113
205 62
129 146
13 49
201 160
9 35
65 40
140 112
33 101
149 52
12 7
47 192
67 157
118 20
131 136
134 109
157 139
102 1
88 51
20 204
169 108
65 96
70 202
153 32
91 67
69 42
158 52
18 48
160 148
8 107
187 131
46 161
148 94
39 104
3 54
63 142
178 42
41 119
40 48
194 49
31 168
188 56
203 142
183 18
159 77
199 114
68 62
48 83
165 144
35 163
175 165
92 53
165 78
44 138
119 110
194 36
127 125
204 124
2 102
143 193
40 76
57 190
50 95
10 109
175 64
159 161
42 90
3 43
60 61
30 193
156 69
178 23
1 133
133 166
50 44
28 35
88 21
171 25
172 170
117 35
200 132
66 46
144 89
154 121
37 158
121 175
52 196
78 85
180 184
7 58
151 100
49 5
43 32
161 197
87 56
205 84
199 76
130 98
165 28
76 111
34 13
28 61
190 75
193 4
88 52
86 39
129 38
168 143
133 55
67 120
105 122
152 148
76 106
38 65
182 98
174 62
123 15
99 170
73 193
47 145
79 155
122 106
188 24
143 180
159 68
170 96
191 22
14 54
160 91
126 115
160 24
91 36
163 195
25 80
156 95
140 129
70 168
130 127
40 33
22 115
6 187
11 190
82 10
26 50
148 80
88 184
142 50
24 176
118 17
173 145
184 27
158 97
150 166
112 191
41 167
103 88
190 185
112 15
161 172
169 128
144 16
189 89
43 105
114 186
57 178
110 3
42 128
185 131
70 204
126 142
25 111
130 38
56 55
197 169
81 15
125 3
45 126
177 139
165 170
51 109
187 173
9 170
155 80
94 19
172 157
96 198
14 181
47 130
69 122
33 4
166 122
10 171
14 152
61 127
10 25
205 36
142 174
107 122
166 107
136 43
36 88
46 120
178 129
70 145
92 154
81 128
11 32
145 112
111 16
139 122
58 201
84 55
40 81
134 115
194 9
137 204
108 164
86 127
22 167
98 46
32 176
120 202
150 131
195 116
61 93
82 132
38 135
180 114
169 157
159 73
12 167
115 131
49 71
25 37
161 99
44 94
103 61
108 122
44 2
101 67
11 134
1 6
181 119
86 78
187 156
102 44
89 169
61 43
17 125
64 41
125 113
157 98
111 46
156 120
33 46
120 105
181 176
45 178
47 133
154 96
167 138
51 167
68 163
130 113
82 64
128 135
102 4
159 199
174 68
178 86
126 113
126 148
93 34
6 78
62 66
14 12
90 94
175 19
123 181
139 109
39 168
54 123
34 192
173 17
58 151
116 140
29 164
26 118
72 62
68 65
68 182
124 73
65 167
19 105
67 187
138 62
124 2
25 156
91 157
130 168
27 177
138 135
96 107
57 129
154 131
39 175
32 48
4 188
177 195
101 46
106 22
24 139
23 24
69 52
106 34
144 176
103 187
171 65
78 68
6 96
88 28
18 161
67 110
202 61
176 99
49 122
78 71
89 55
157 30
7 140
8 91
25 19
129 125
85 24
175 28
59 133
101 177
145 149
112 203
65 51
32 170
111 123
30 155
193 99
111 26
36 167
148 72
22 34
159 110
94 109
28 54
8 154
204 74
57 109
196 112
103 194
104 201
19 142
195 1
151 165
107 183
25 202
37 5
89 177
75 178
115 40
16 172
9 10
105 15
6 122
13 198
78 97
13 78
80 102
50 203
39 137
83 113
25 163
72 98
90 103
171 159
192 98
64 27
60 7
117 132
29 22
72 183
11 104
78 4
24 56
116 120
132 68
203 79
41 184
43 134
195 51
178 180
127 173
173 132
43 51
180 167
178 88
51 58
105 45
191 52
140 94
136 127
115 186
56 170
201 42
92 184
64 71
150 107
125 68
71 168
63 23
44 190
17 45
129 53
104 37
49 24
12 120
4 91
152 168
39 70
55 160
3 121
31 141
180 97
50 57
196 2
34 53
52 118
178 110
88 198
55 146
143 33
11 204
183 71
173 121
18 26
164 146
198 191
101 62
117 166
140 200
55 65
134 31
98 198
84 128
186 34
164 120
192 88
172 13
9 184
125 172
144 43
137 172
56 162
88 153
9 50
20 8
115 168
120 162
42 40
92 55
97 51
3 108
30 150
128 58
204 38
134 148
25 193
169 75
89 100
18 188
123 159
47 36
86 43
66 11
132 56
89 98
22 63
45 97
103 127
162 191
2 190
126 128
24 76
124 53
102 55
159 13
36 73
32 196
186 47
143 64
151 61
174 144
111 151
101 92
115 188
147 149
81 183
20 175
28 159
200 66
11 29
146 139
194 144
27 155
149 167
63 82
49 77
175 65
187 89
72 179
130 1
37 113
162 46
181 118
66 18
134 18
180 39
4 202
176 133
118 89
85 62
108 120
169 93
149 95
103 79
100 50
185 18
48 141
20 37
140 88
144 121
117 31
61 75
127 53
56 113
103 203
69 158
105 59
48 103
41 84
151 108
80 142
48 162
176 196
83 61
24 67
146 5
58 62
116 194
128 171
198 25
40 198
59 183
192 176
148 190
93 110
151 200
85 6
85 116
33 77
108 116
54 185
130 93
82 47
176 74
159 92
31 94
122 70
147 95
106 72
24 62
104 177
89 174
67 59
120 183
67 87
151 44
44 146
166 6
201 124
91 6
167 60
35 200
164 122
198 61
106 60
53 26
33 68
188 93
67 147
102 117
89 9
90 71
157 11
192 193
131 88
197 123
40 150
116 1
141 22
147 110
155 124
69 149
181 24
27 74
58 154
97 50
122 199
61 200
187 100
93 27
21 4
168 25
198 78
71 70
114 159
120 117
165 90
32 29
173 30
148 157
8 193
117 53
6 109
102 169
123 166
131 132
191 9
61 33
174 173
93 167
166 119
149 55
164 136
131 23
165 196
187 118
186 16
68 177
200 116
12 47
127 10
102 202
48 102
110 46
14 119
114 40
176 54
29 190
67 63
130 109
74 61
99 157
77 2
30 44
41 165
17 55
96 24
174 69
19 140
136 134
87 175
179 193
75 138
143 177
82 54
112 91
159 66
199 158
28 154
109 83
28 137
7 3
154 186
202 87
123 186
15 10
13 18
65 103
79 46
1 150
173 140
97 130
205 173
182 174
103 56
129 46
65 139
27 42
112 183
17 132
92 41
66 141
163 39
79 131
185 45
39 147
191 202
122 101
25 136
103 205
55 83
154 167
134 21
13 3
86 198
182 125
84 76
153 94
24 22
178 6
103 156
195 110
111 185
158 126
200 96
150 123
119 132
76 70
9 130
89 70
85 187
169 46
39 50
153 152
8 160
182 106
137 141
87 69
55 48
38 132
121 108
85 183
153 100
186 23
61 163
134 76
87 52
9 111
127 22
75 11
3 127
97 8
19 124
129 54
108 198
103 106
193 159
181 91
147 193
119 5
52 185
2 21
25 6
66 172
41 106
117 1
110 21
80 28
150 191
142 81
104 130
9 203
88 66
103 142
92 179
1 48
134 23
53 105
10 193
104 179
189 45
7 194
3 83
121 176
112 22
4 85
172 124
93 184
26 66
32 28
126 97
68 19
6 173
131 109
7 47
23 27
33 122
157 80
20 161
31 139
92 11
29 148
154 118
100 189
181 20
8 36
176 137
32 175
190 43
67 195
105 182
5 21
150 194
188 129
136 143
59 68
54 13
35 139
165 25
90 7
57 154
196 23
165 167
121 203
165 83
25 133
138 191
67 188
141 65
198 6
160 59
116 39
153 73
97 59
58 173
9 108
139 27
30 80
95 137
137 182
183 95
125 189
45 164
98 16
137 167
151 188
108 48
177 35
47 95
111 134
184 42
145 197
166 31
46 177
118 54
67 10
136 124
108 90
129 63
127 66
151 140
164 97
13 102
195 11
84 144
35 106
190 164
161 112
87 54
123 26
47 105
85 196
83 38
155 123
89 119
155 57
162 164
80 143
91 105
107 128
40 197
174 42
156 113
16 173
131 25
5 203
110 156
34 51
175 200
127 47
14 177
132 51
183 168
151 67
24 205
137 168
126 53
130 157
164 118
63 48
73 24
42 92
94 35
85 173
50 33
25 148
114 50
67 82
168 80
118 22
107 1
90 2
182 153
119 140
84 87
71 111
186 89
116 141
52 148
107 58
52 175
50 107
27 174
142 192
161 103
84 113
163 87
4 81
69 120
64 79
112 163
184 43
9 56
173 111
115 62
121 146
197 110
27 18
57 156
48 46
97 194
119 90
150 152
11 162
88 125
190 50
95 30
168 150
23 51
60 57
151 133
128 203
91 108
138 70
159 8
184 168
91 139
132 153
79 27
191 124
99 28
85 22
193 152
1 165
69 113
172 29
93 154
72 22
121 120
83 151
68 147
65 8
197 99
21 29
151 103
135 102
130 146
7 50
57 55
153 17
102 24
5 86
108 111
174 185
181 145
185 204
109 122
96 193
51 176
178 46
47 195
21 25
188 63
188 1
109 3
23 12
57 21
111 89
181 156
100 73
122 182
12 37
198 47
101 9
33 166
70 158
106 191
29 176
41 2
188 131
179 44
26 12
131 61
54 90
1 97
144 200
40 102
67 149
59 56
32 115
28 105
30 19
199 177
150 32
193 89
68 124
34 79
100 163
102 14
160 156
109 178
40 160
167 59
31 70
109 172
9 47
138 115
29 167
108 4
111 205
187 29
96 73
17 138
30 4
57 102
164 3
17 64
42 194
127 80
21 117
147 152
93 171
58 10
180 74
138 14
14 200
138 56
41 86
189 86
32 72
127 27
194 127
27 50
99 40
125 95
158 99
115 75
145 72
177 150
62 201
70 3
7 23
200 182
151 180
204 84
94 83
34 8
87 178
132 145
93 66
7 5
139 67
82 61
92 182
176 163
56 40
127 186
174 113
166 63
49 27
11 194
57 14
37 54
6 172
63 58
107 99
134 161
78 122
42 147
117 64
155 41
143 124
176 35
55 111
104 173
101 124
66 131
141 57
28 203
166 61
8 74
125 195
87 126
135 13
8 78
178 31
16 29
59 122
61 73
3 111
20 128
175 101
160 45
152 19
142 62
2 81
13 186
8 6
41 17
12 169
4 39
51 171
164 129
202 69
135 198
178 37
136 85
160 63
62 105
53 90
137 192
116 170
104 119
37 69
48 154
113 121
85 34
198 64
114 117
195 66
19 187
56 84
72 31
175 44
158 41
179 79
13 96
102 112
135 193
15 37
53 94
100 35
66 187
86 35
20 126
3 119
180 128
17 13
137 73
174 190
66 125
134 166
97 102
11 82
84 100
7 162
198 19
157 196
70 124
49 39
83 9
65 27
77 22
189 83
83 142
152 52
33 79
110 116
102 167
122 125
140 38
177 51
48 77
79 100
12 182
128 51
192 191
82 159
123 199
44 76
109 140
132 192
137 162
131 182
39 34
43 132
50 17
151 201
103 144
138 22
164 163
116 95
97 17
110 8
31 164
162 118
167 92
169 126
171 43
37 49
205 14
87 40
183 177
155 115
76 85
153 160
150 136
65 17
182 202
29 53
75 53
131 63
99 201
140 165
205 18
16 86
156 176
168 72
58 60
53 132
91 76
81 34
105 100
44 167
102 174
167 127
181 205
137 202
60 49
180 159
87 38
48 85
28 3
198 42
19 46
109 203
42 9
178 194
40 172
151 5
34 29
193 129
136 72
86 70
198 143
108 204
79 69
34 190
148 150
123 174
46 105
52 110
46 113
102 116
10 30
60 43
152 32
128 40
153 43
5 181
117 25
90 203
75 1
204 173
135 1
52 162
110 150
20 143
153 72
72 129
35 123
34 152
4 146
160 51
150 146
100 65
63 80
81 59
182 152
25 172
7 51
45 106
107 145
2 170
22 150
144 21
92 141
195 186
187 91
57 153
189 143
119 60
76 93
165 97
190 175
139 199
48 122
168 16
87 195
144 204
100 82
193 170
15 89
32 143
40 9
46 183
49 10
32 46
143 117
45 181
49 56
82 166
197 74
76 153
62 40
15 48
48 161
157 193
23 162
30 2
58 166
60 131
174 164
163 118
119 6
60 165
66 16
122 72
152 111
79 59
105 156
183 200
134 95
110 196
15 188
37 168
42 150
128 5
23 185
6 118
148 142
143 56
163 142
143 17
126 200
100 14
43 178
117 65
26 81
116 159
21 41
113 92
25 187
24 114
123 184
110 162
30 156
160 67
102 195
149 171
82 1
144 22
141 96
116 187
174 37
120 138
119 178
64 191
191 135
107 73
81 75
112 157
30 179
55 198
63 156
106 115
143 188
59 194
28 96
115 195
176 124
86 84
98 181
60 87
166 74
36 200
205 136
140 67
113 172
163 188
205 31
40 64
163 127
71 69
150 127
146 170
205 29
23 128
1 136
154 180
117 147
142 162
155 34
102 28
74 186
158 34
78 76
128 162
184 13
33 107
2 112
53 1
164 81
117 186
194 88
113 188
158 104
135 173
169 202
137 156
93 71
57 65
64 42
10 156
89 86
47 33
145 62
46 121
17 197
172 197
13 24
154 49
191 123
22 187
115 202
93 150
164 85
128 179
58 86
1 137
99 101
184 160
186 151
177 21
8 196
19 189
199 38
80 42
15 162
97 162
10 198
4 205
116 103
44 197
128 168
28 76
202 175
52 189
13 151
58 133
52 132
62 32
73 46
166 47
73 98
22 14
202 59
30 166
99 190
99 178
161 66
56 109
152 192
6 117
191 53
21 141
99 130
36 17
76 158
132 19
30 129
60 142
140 122
174 77
108 114
23 123
197 170
1 156
100 99
156 73
44 181
95 180
54 182
181 82
190 110
154 117
2 148
129 161
48 116
55 186
38 47
118 84
92 12
40 202
192 165
160 69
6 110
38 61
110 123
133 46
88 130
90 142
26 167
36 92
189 144
94 8
137 90
3 166
110 203
182 60
86 184
176 143
126 177
154 46
148 101
11 201
201 152
145 81
119 102
10 189
97 12
187 42
86 1
119 99
184 200
95 165
37 9
88 191
79 23
150 5
173 44
3 103
102 16
55 161
34 4
137 45
172 123
112 85
40 95
155 138
107 74
165 50
198 189
86 71
66 98
58 169
142 130
200 128
59 131
95 167
119 108
196 16
51 137
198 34
108 170
150 33
34 146
200 54
201 43
178 181
173 48
67 85
175 95
183 26
55 151
35 23
23 127
82 170
136 198
133 26
164 59
145 102
127 141
186 42
105 23
156 38
46 156
44 125
141 93
161 2
182 14
92 157
147 20
36 159
65 149
130 106
31 74
196 185
27 37
160 176
66 157
151 137
83 194
154 205
185 162
123 47
34 141
195 83
110 26
50 175
84 69
148 198
192 167
186 165
29 170
179 84
121 17
163 96
174 170
135 98
12 190
166 83
6 181
80 3
92 70
104 127
53 176
86 19
162 16
167 117
30 98
190 42
97 155
11 168
126 91
94 199
19 131
72 54
126 14
129 143
182 121
101 71
22 152
24 8
86 175
38 40
189 7
44 183
78 127
106 26
68 129
137 183
125 120
193 154
171 184
124 188
92 30
127 155
128 176
56 202
107 140
63 57
1 162
140 85
12 175
151 97
43 137
34 196
124 44
202 60
87 93
179 162
13 169
105 168
140 68
77 19
27 31
4 32
80 138
153 115
95 93
61 105
72 160
19 120
93 78
129 195
128 104
3 177
130 91
137 4
103 124
194 165
53 59
175 145
36 96
54 73
43 13
182 73
163 166
93 164
78 173
144 158
198 171
160 169
55 145
87 205
84 30
48 151
163 190
162 134
145 71
2 138
189 191
70 192
152 118
138 197
81 136
177 5
74 57
111 81
150 63
20 44
160 146
185 35
170 19
98 85
170 167
16 156
53 49
178 55
82 16
177 17
92 19
18 67
95 157
151 183
65 192
186 52
193 95
35 20
20 115
62 2
97 95
33 201
50 29
192 44
147 57
123 178
146 183
1 194
30 51
142 93
147 79
175 123
121 61
115 170
82 186
168 185
175 54
93 100
77 111
11 199
163 90
138 15
91 132
104 36
184 75
180 107
37 198
175 33
105 175
22 4
64 10
141 99
184 118
23 39
125 38
140 148
57 64
156 146
22 107
50 76
1 10
104 200
55 78
17 162
181 70
41 185
117 15
56 58
123 108
135 126
149 132
61 81
10 129
176 178
199 172
182 52
17 9
161 50
100 168
130 136
126 26
110 34
139 55
127 176
119 82
30 70
178 47
155 139
198 199
163 17
120 104
189 186
135 55
64 70
36 102
124 29
169 52
59 13
185 137
119 112
149 191
166 161
191 8
60 109
81 178
185 4
172 77
82 171
96 52
148 3
13 70
76 8
43 188
107 175
159 87
27 84
203 201
96 101
159 90
73 83
101 66
198 71
142 92
6 190
48 180
54 157
158 87
140 120
15 184
165 68
38 82
31 55
179 10
2 4
13 56
189 193
52 67
159 183
135 25
43 183
143 144
79 71
112 100
54 7
62 14
76 152
119 137
165 188
184 52
13 4
134 188
122 203
124 35
163 136
193 21
154 12
36 75
196 21
62 102
26 109
166 81
201 137
27 203
134 173
3 157
8 86
161 68
168 118
72 64
92 35
160 178
176 25
57 202
161 54
42 152
92 13
148 165
141 106
103 199
138 101
11 160
60 48
45 72
43 179
177 22
184 142
110 201
100 195
95 75
197 62
193 28
45 203
20 158
12 129
86 166
51 134
172 91
153 78
100 199
182 188
194 69
54 32
72 149
26 177
153 187
166 192
99 160
52 151
14 70
85 191
119 29
77 183
189 132
95 79
106 20
97 60
79 105
13 82
103 123
1000
1 74 28
1 20 33
0 193 696311354
0 20 939357663
0 94 998277273
0 164 386931096
0 177 860039847
0 135 577995137
0 98 721949001
0 103 255681791
1 19 86
1 39 161
0 140 459866521
0 99 484760359
0 26 919235328
0 80 42402074
1 89 29
1 94 174
1 27 35
1 103 79
1 174 143
0 131 509978667
1 123 183
1 122 107
1 72 21
1 159 163
1 74 191
1 204 1
0 8 32937222
1 153 68
0 144 508720829
1 114 164
0 121 294168291
1 78 33
0 1 11162039
1 119 84
0 75 861574778
0 20 714087208
1 97 48
0 106 271324856
0 152 970301559
1 55 195
1 128 105
1 62 133
0 142 42780571
1 40 75
0 146 414869761
1 116 75
0 60 716038920
1 124 138
0 137 68982174
0 21 406882758
0 18 394969853
1 205 94
0 28 994798650
0 37 19495037
0 74 29933145
1 151 201
1 48 139
0 44 988952148
0 58 296325564
0 5 825551461
0 39 481744081
0 149 74699131
1 102 109
0 12 210995083
1 133 161
1 47 41
1 95 30
0 29 888035347
0 97 633445976
0 163 479927052
1 147 129
1 185 112
0 169 934943571
0 45 448334657
0 168 85569160
0 157 864524394
1 60 24
0 115 451352595
1 102 46
1 91 54
0 9 679332353
1 58 11
0 152 299752940
0 148 322674589
1 16 159
1 133 9
0 186 492734622
1 50 123
0 68 938823530
0 7 588418670
0 148 944809631
1 127 61
1 68 73
0 154 834678775
1 68 2
0 22 826046399
1 38 81
0 75 628056920
0 109 237922656
1 85 204
0 166 851946798
1 43 68
1 110 33
0 19 761657667
0 68 343052183
0 106 580078045
0 176 650893986
0 193 669904790
1 30 185
0 11 19285318
1 131 23
1 132 177
0 18 174078441
1 31 1
0 188 934947331
1 49 54
1 25 110
0 108 995110949
1 49 105
1 124 187
0 146 975647149
0 145 686450413
0 150 697231003
0 151 520740206
0 58 402423600
1 89 189
0 12 262622276
1 16 142
0 124 523852740
1 49 22
1 29 7
0 98 519365285
0 70 696854611
1 44 88
1 141 100
0 197 75680524
1 33 94
1 205 8
1 160 1
0 43 446867551
1 199 183
0 103 923831408
0 76 983592761
0 196 804157302
1 73 51
0 123 4415548
0 118 965901751
0 92 87821278
0 177 802199460
1 179 78
0 98 790443322
0 179 638809841
0 116 587002675
1 189 58
1 99 50
1 132 70
0 91 151966771
0 120 999128168
0 171 482553195
0 71 764028779
0 69 493058937
0 193 947494039
1 67 36
0 97 789474550
0 80 135843655
0 26 326089908
1 187 44
0 37 238299989
1 124 54
0 89 561625682
0 156 575922829
1 175 40
1 199 193
1 35 16
1 64 172
1 133 119
1 205 188
0 175 655060817
1 68 75
1 151 105
0 185 18826963
1 9 117
0 88 438890075
0 27 901898059
0 93 778436215
1 77 78
1 31 11
1 132 78
0 129 796444345
1 133 188
1 142 24
0 77 742718692
0 1 563759110
0 60 985274765
1 4 63
0 14 726467703
0 41 377824709
0 63 671981361
0 47 662669935
0 3 231783951
0 140 746331774
1 91 149
0 21 541041998
0 4 219568426
1 46 126
0 58 375523238
1 91 183
1 188 49
0 159 495912841
0 29 250694493
0 159 743886216
1 78 10
1 81 77
1 190 35
1 129 47
0 86 836409709
1 69 91
0 124 903388301
0 108 510968031
0 12 5953248
1 176 18
0 108 430780687
0 132 664412123
0 179 219958935
0 18 890891852
1 29 47
1 121 189
1 73 108
1 93 187
0 199 199704843
0 176 416975396
0 142 82857164
1 183 30
1 76 199
0 157 326756717
0 12 886477018
1 185 50
1 12 107
1 101 73
0 151 67865664
1 78 115
1 87 133
1 183 110
1 156 168
0 125 886592827
1 195 158
1 111 35
0 82 439018709
1 137 197
1 157 40
0 70 367680135
0 122 769364779
0 137 356422684
0 36 457840205
1 188 55
1 185 39
0 141 589576417
1 113 34
1 182 68
1 43 204
1 177 117
0 35 675075507
0 47 510394164
0 44 57767920
0 120 35257429
1 94 154
1 5 144
1 110 98
0 32 89590019
1 47 187
1 97 172
1 108 110
1 13 69
1 48 161
1 132 49
1 59 117
0 45 859483113
0 78 841477506
1 27 97
1 185 101
0 38 82311655
0 140 903423566
0 1 912279574
1 97 59
1 202 176
1 157 35
0 25 29846696
0 84 869992963
1 127 95
0 186 834462499
1 66 85
0 69 791181775
1 119 34
1 90 203
0 167 276104439
1 127 128
1 156 118
1 92 152
0 159 381201466
1 197 39
0 123 190199719
0 137 537401005
1 13 11
0 66 578433584
0 89 519007309
0 84 211403323
0 56 674736259
0 72 418821628
0 63 455023723
1 66 100
0 159 864712161
1 163 11
0 74 54483632
1 202 70
1 105 40
1 199 19
0 116 998283063
0 108 499725014
0 39 557770262
0 111 692686960
0 130 792804769
0 117 553936230
1 185 34
1 24 192
1 44 143
1 40 59
1 60 16
1 174 23
1 184 42
0 81 138032893
0 131 629491620
0 190 310206632
0 185 603412354
0 146 272617105
0 122 824073576
1 118 33
0 72 966429171
0 143 696500563
1 171 58
0 131 320952967
0 69 25673773
0 154 905496751
1 108 12
0 32 612491597
0 133 561625694
0 174 471388227
1 143 171
0 134 696309667
1 13 152
1 152 123
1 60 55
0 131 970660152
1 124 157
1 110 106
0 59 119213279
0 151 780864051
1 25 107
1 59 205
1 37 39
0 77 291679725
1 118 39
1 198 39
1 97 140
0 77 827086766
0 149 536014181
0 126 262175626
0 79 712867084
1 157 67
1 47 20
1 70 191
1 159 47
1 159 133
0 1 980947893
0 150 569498401
1 27 137
1 85 23
1 112 124
1 62 141
0 191 618451010
1 109 69
1 97 72
0 163 195158584
1 44 105
1 72 39
1 57 41
0 154 44515684
0 55 452434655
1 192 131
1 97 72
1 105 176
1 94 19
0 39 666264597
1 18 107
1 110 202
0 82 483619208
0 145 463412015
0 33 134810119
1 44 74
0 143 586835969
1 68 170
1 19 67
0 82 166939144
0 113 791867403
0 46 727858405
1 116 129
0 134 549255987
0 160 120228354
1 59 33
1 3 157
1 166 133
0 148 94398618
0 186 73681108
0 159 554300926
0 50 282005228
0 55 446594907
0 143 729857388
1 136 8
1 133 107
0 62 694781765
0 188 829360528
1 144 47
1 105 108
0 159 737440203
1 88 46
1 100 35
1 90 5
0 120 456437174
1 192 119
1 188 8
1 54 23
1 43 41
1 95 178
1 113 204
0 29 306050795
0 15 120418415
1 73 204
0 153 611871434
0 68 638709668
0 57 734676328
0 45 246054865
1 82 83
1 181 132
0 86 751556869
0 36 104060640
1 191 105
0 23 764866499
1 75 35
0 161 870446451
0 171 727316259
0 163 343622720
1 38 91
0 22 272973107
0 161 736785599
1 21 88
0 160 325798189
1 189 141
1 48 64
1 175 64
1 4 57
0 36 357458189
0 204 515249748
1 176 184
1 103 138
1 21 176
1 23 53
0 56 263300356
1 93 80
0 36 987494008
0 59 555536260
1 94 41
0 71 198966702
1 144 113
1 115 129
0 9 247338987
1 89 85
1 204 9
1 64 155
1 118 143
1 156 158
1 61 155
1 150 40
0 39 152073793
0 59 567422057
0 134 873952757
0 83 180639935
0 87 714468417
0 65 375578132
0 136 402732298
1 187 37
1 110 47
1 20 79
0 141 205169946
1 153 149
0 102 891437631
1 204 89
1 14 31
1 131 84
1 95 168
1 78 6
1 27 118
1 71 23
1 158 43
0 148 625625528
0 129 652945264
0 49 592080100
0 179 169499708
0 181 595092950
1 105 98
1 42 61
0 49 314055532
0 137 700450279
0 60 434311380
1 134 41
1 106 49
1 99 127
0 96 117199658
0 174 75935931
0 182 689630320
1 91 43
0 103 408472098
0 41 745484075
1 70 188
1 122 136
1 19 48
1 99 99
0 156 962733296
1 53 163
0 161 779671014
1 181 40
0 134 613600452
1 67 6
1 74 142
0 164 441638489
1 149 32
1 75 25
0 86 713500710
0 74 982353314
1 138 2
1 38 87
1 57 50
1 67 170
1 71 84
0 35 619219920
0 189 405742789
1 132 200
0 92 90949151
0 79 188718171
1 151 95
0 97 240691996
0 199 311628773
1 160 136
1 180 101
1 66 91
0 14 432661351
1 15 147
0 202 14198079
1 69 31
1 20 153
1 65 23
1 171 170
1 3 82
0 173 114350862
0 26 565800071
1 103 31
0 163 630673282
0 39 181964868
1 24 84
0 102 751304630
1 115 110
1 199 158
0 147 153083624
0 117 222493512
0 15 369002789
0 88 513030875
1 149 179
1 97 104
1 104 41
1 88 73
1 183 184
0 47 785625540
1 181 29
1 25 162
1 20 1
0 123 573537136
1 89 89
1 166 88
1 174 157
0 146 473094120
0 199 425812169
0 153 47524477
0 154 559260795
0 56 52850274
0 190 58676703
1 24 50
1 92 62
0 186 268978574
0 188 943541882
1 9 19
0 123 494129199
0 10 721023096
1 9 163
1 100 145
0 71 21843561
1 8 169
1 164 104
0 33 673907664
1 196 1
1 28 32
1 95 181
1 13 61
0 201 628353024
1 1 6
0 192 910471862
1 119 9
1 95 113
0 144 328634511
0 192 657256847
0 79 301096412
1 90 15
0 126 132378174
1 13 1
1 31 47
0 37 814024187
1 120 148
0 34 293943240
1 101 25
0 75 413162283
1 126 188
1 145 93
0 161 525163190
1 35 90
1 59 122
0 111 325437907
0 150 636060816
0 53 825340981
0 179 186751808
1 98 83
0 6 762272770
0 110 738549746
0 90 925216392
1 203 129
1 152 88
0 113 898233938
0 197 547363553
1 38 203
1 42 148
1 155 135
1 139 125
0 204 827880377
1 81 23
0 29 654396619
0 157 685693682
0 76 414937522
1 140 21
1 119 72
0 15 600181788
0 140 76234693
0 62 581605474
0 97 600661574
0 45 847241079
0 105 945676082
1 14 60
1 177 132
0 41 56011542
0 154 178091639
1 138 3
0 135 199674404
1 19 109
1 64 48
0 150 218243976
0 190 573309754
1 70 89
0 162 818218473
0 58 530400289
1 159 176
1 18 52
1 143 89
0 78 125851930
1 28 166
0 12 97964293
0 9 938431054
0 156 240959817
0 62 759033968
0 138 377147987
0 205 607327492
1 68 178
0 180 632428207
1 58 205
0 58 785234445
1 188 117
0 2 662804958
1 181 172
0 87 153438539
1 62 53
1 188 22
0 124 173207297
1 95 190
0 121 542390387
1 161 115
1 146 58
1 118 186
0 118 111755264
0 36 225834652
0 18 574221540
0 132 565125309
0 88 626879128
0 65 431051681
0 121 140007021
1 56 203
0 34 44142602
1 1 91
0 54 676008649
0 3 231350089
0 155 875062465
1 195 15
0 163 201045135
0 138 775217441
0 205 527683305
0 157 192651191
0 164 757117197
0 53 780039006
0 204 49514632
0 200 420388493
0 193 700845881
0 171 758312529
1 193 184
1 2 147
0 1 441745248
0 205 777055218
1 79 137
0 175 520837593
1 58 5
0 7 972290156
1 140 44
0 165 480627541
1 135 73
0 10 256756553
1 153 17
1 59 118
0 37 282154551
1 129 201
0 79 620023301
0 92 714160491
1 103 31
0 95 27949741
0 139 123142633
1 45 181
1 30 48
1 24 13
1 108 66
1 125 155
0 12 642354238
1 38 171
1 10 135
0 169 120006824
1 173 105
0 162 234887271
1 83 143
1 105 81
0 44 936701075
1 102 142
0 32 13633234
1 130 13
0 45 315302519
1 149 144
1 83 200
1 92 100
0 54 544654805
1 17 122
0 47 260360349
1 58 118
1 29 114
1 111 114
1 83 149
0 10 248379873
0 97 881591507
1 30 65
0 60 480226616
0 99 107454976
0 103 581789363
0 169 479550259
1 139 27
0 55 716183758
0 64 106154860
1 109 136
0 35 893993313
1 197 6
0 75 592980533
0 50 782671111
0 92 790308544
1 98 11
1 3 169
1 170 117
0 185 645920135
0 106 189536916
0 70 952492961
1 1 81
0 74 369496831
1 82 202
1 162 174
0 152 6140358
1 107 84
0 1 767854265
0 63 253704228
0 18 598356387
0 146 235252116
1 113 197
1 204 162
0 202 549045575
1 170 173
0 101 942755017
1 110 107
0 99 310628422
0 198 365492900
1 156 119
1 15 80
0 111 646423251
1 82 41
1 51 150
0 89 837616707
1 160 113
0 31 477403397
1 17 9
0 88 743895320
1 86 137
0 80 964312308
1 190 20
0 118 916809153
1 150 78
1 4 41
1 64 134
1 26 136
0 14 923869838
1 179 35
1 55 96
0 184 641473545
0 44 930275295
1 80 20
1 11 184
1 88 113
0 123 455900870
0 146 210293356
0 107 474168137
0 113 212164173
0 108 943881560
0 139 109664497
0 152 530359485
1 61 39
1 66 83
0 83 245409094
1 116 137
1 78 56
1 57 121
0 36 116854340
1 156 190
1 84 151
0 76 90244400
1 66 26
0 22 383929995
0 156 684048865
0 19 268992237
1 200 7
1 34 90
1 32 142
1 14 161
0 179 435325509
0 30 843931053
1 92 61
1 12 1
1 191 126
0 51 899248216
0 48 298798857
0 10 265485851
1 197 74
0 51 595968925
0 84 418354326
1 195 85
0 106 384565087
1 44 5
0 30 987980693
1 129 189
0 88 734684944
0 195 578478520
1 41 159
1 105 175
1 57 3
0 88 639002101
0 48 926931826
0 7 406519095
0 85 950004362
0 180 368127158
0 176 501070280
0 165 530598395
1 122 60
0 36 386023596
0 83 206353082
1 144 40
1 44 7
1 17 53
0 86 799446621
0 112 854630903
1 183 2
0 159 459078243
1 173 44
1 36 140
0 37 666399512
0 132 425174418
0 77 957561932
1 140 192
0 17 245845013
1 5 38
0 127 283820007
1 200 75
1 95 58
1 187 194
0 190 104573034
1 118 104
1 37 15
0 126 784524583
1 194 97
0 126 690817692
0 196 989208493
1 125 82
1 32 134
0 190 994476523
0 152 35530478
1 199 109
0 66 80535836
1 165 136
0 149 972528712
0 94 32941782
1 188 172
1 100 126
0 168 262378350
0 68 911929110
1 84 10
1 120 125
0 71 827116916
1 51 62
0 75 526595912
1 168 67
1 36 8
0 182 642863677
0 37 195269037
1 43 145
1 169 98
1 68 105
0 82 958261153
0 130 952610766
1 197 177
1 143 45
0 200 554607159
0 19 281437753
0 4 427627642
1 113 199
1 46 162
1 105 80
0 114 222062969
0 193 811985934
0 186 81266911
1 65 200
0 130 658562501
1 87 129
0 66 387926406
0 154 504972288
1 184 143
1 101 62
1 8 48
1 203 181
1 115 42
1 78 156
1 146 192
0 187 941306214
1 83 101
0 13 992810520
0 9 838042116
1 81 138
1 142 136
1 96 108
1 1 61
1 107 124
0 78 526053696
1 12 192
0 12 328533752
0 9 624914056
1 136 36
0 131 158481298
1 190 189
1 163 101
1 136 203
0 137 453487964
1 138 95
0 187 239073242
1 88 191
1 127 94
0 183 392803862
0 197 958989584
1 2 131
