10 20
8503524 255521076 41950245 818112363 289621664 956450936 820270450 865569221 99068093 115213601
6 4
10 2
8 4
5 1
2 9
3 4
9 5
6 1
7 3
10 3
1 8
3 2
1 2
4 1
5 4
6 5
1 9
6 9
10 7
7 9
97
0 1 592249787
1 5 3
1 7 1
1 6 8
0 4 15998764
1 7 4
1 9 5
0 5 222815098
0 8 543576655
1 4 9
1 2 1
0 3 90421155
0 10 277176468
0 7 903892764
0 6 275487227
1 8 7
0 6 429051502
1 8 8
1 2 3
1 5 5
1 4 6
1 4 9
0 8 679612887
0 10 393284728
1 10 8
0 3 824894910
1 6 3
0 8 105143115
1 8 9
0 7 903007778
1 9 9
1 7 10
0 9 803934451
0 6 13826853
0 10 298554169
1 6 7
1 5 10
0 3 623863953
1 8 4
0 6 601228076
1 6 6
1 9 7
0 10 668907137
0 10 252290549
0 10 885049380
0 7 523733206
0 1 500075452
0 7 285926390
0 3 365721451
1 2 3
0 9 798797157
1 10 3
0 2 596638205
1 2 6
1 9 4
1 6 3
1 9 9
0 9 543097150
1 7 6
1 5 4
0 4 201177239
0 7 911229266
0 9 188200664
1 3 2
0 4 836610155
0 5 651749661
0 2 228365995
0 5 956466890
1 3 4
0 3 477412841
0 10 100130714
1 8 5
0 7 120274867
0 6 142966784
0 10 125780146
1 4 5
1 5 2
1 1 4
1 5 5
0 8 736909987
0 6 934262535
0 7 497888381
1 10 2
1 5 5
0 4 47720726
0 2 644443116
0 3 895442272
0 8 351051567
0 2 122634697
1 9 10
0 2 35152043
1 4 9
1 3 2
0 4 876952529
1 7 1
0 9 761157223
1 2 5
