39 38
111753722 595545595 659747845 887835886 785585719 779078651 262027829 41400524 830120600 795898326 232862662 255562660 969749548 691941013 46089502 364810638 357633369 781126503 107087436 627701497 510659925 812450742 880492391 270007188 320176237 162065112 354621535 176665658 873897145 550727901 150736121 927150536 244128574 373337873 73929234 260529846 757750387 784975296 424378461
26 13
27 14
36 7
8 1
15 9
25 4
19 28
37 2
2 29
23 21
24 13
20 21
36 34
39 35
35 3
12 33
21 12
14 38
31 10
32 27
28 18
15 31
20 5
6 30
17 11
29 36
29 8
16 8
22 23
23 15
25 32
12 8
8 13
11 14
39 27
10 32
30 17
32 18
77
0 13 540895097
0 16 360753143
0 29 853094809
0 28 233713697
0 38 174330516
0 12 752615783
1 18 14
1 19 26
0 30 916552507
0 35 532164465
0 5 668827372
0 5 527842278
0 34 346103003
1 13 38
0 20 783646464
1 3 11
0 36 789000286
0 7 476871733
0 15 848008668
1 19 21
1 12 33
0 31 634651620
0 36 10397384
0 6 777326157
0 22 634428463
0 28 528669039
0 35 675788095
0 17 229603957
0 31 445637881
1 2 13
1 9 34
0 28 791190059
0 4 126837583
0 2 515081639
0 23 727074768
0 24 988134280
1 15 19
0 28 586026106
1 23 35
1 21 5
1 10 9
1 38 9
0 22 115397791
0 12 853611633
0 2 22494962
0 17 50242299
0 39 261647126
0 23 248444296
0 20 253225070
0 25 901735391
0 9 143826527
0 37 910903794
0 20 940903741
1 10 39
1 6 14
0 10 73114413
1 37 26
0 10 772438121
0 14 309560363
0 36 284867276
0 5 944738922
0 2 152275141
0 13 486115670
0 13 781194008
0 1 286461606
0 8 700213454
0 34 370588863
0 13 71089415
0 1 14504860
0 19 444269733
0 27 884460119
0 10 215433062
0 37 849573985
1 28 19
0 4 756932217
0 17 735958684
1 21 1
