30 97
832298320 407663739 434909991 613697352 715989242 632467353 1712155 691107500 156175900 452992489 836564063 512281666 864499054 875045473 825972803 630417453 576598169 101241074 32055172 425399933 548952248 646332123 584824037 68041950 876353810 440081087 784300568 775778561 242003072 256343877
3 27
14 2
25 11
10 28
7 28
25 23
17 4
2 17
3 19
25 1
22 10
2 5
22 20
30 13
15 1
17 30
8 25
27 13
29 22
21 25
19 7
9 16
23 12
6 22
18 22
9 23
16 26
14 9
24 26
29 25
6 2
24 25
13 4
10 26
5 25
5 9
7 2
23 22
7 30
10 25
13 19
16 22
21 4
5 28
14 27
3 30
14 12
14 4
10 30
23 27
8 4
13 15
21 30
18 12
20 30
21 2
20 19
11 4
7 4
29 26
3 26
21 9
6 30
21 26
3 12
23 26
11 26
24 15
17 15
14 15
16 25
14 28
18 28
3 15
29 27
5 26
5 19
3 25
5 22
16 27
10 19
24 22
10 12
5 4
16 12
13 2
29 19
18 26
6 19
20 28
29 2
5 15
8 28
18 15
8 12
3 2
17 27
93
1 29 19
1 7 9
1 24 8
1 22 30
1 2 15
0 27 271499777
0 23 79132
1 8 5
1 15 16
0 4 379041164
1 5 12
1 18 17
1 1 26
1 15 12
1 7 5
1 25 25
1 2 13
1 16 23
1 3 5
0 1 184728870
1 5 18
1 15 1
1 17 25
1 15 5
1 27 26
1 18 11
1 16 22
0 30 183539853
1 26 22
1 11 19
1 18 7
1 11 6
0 15 314145555
1 8 8
1 18 8
0 15 597964390
0 28 247390454
1 13 28
1 7 17
1 30 11
1 23 23
1 30 13
1 5 11
1 2 21
1 16 8
1 6 20
1 9 17
1 21 30
0 5 247791635
1 10 22
1 20 12
1 1 3
1 9 28
1 13 30
1 21 30
1 20 28
1 17 4
1 24 16
1 25 28
0 7 442518923
1 5 22
1 7 24
1 1 10
0 25 711369498
1 10 2
1 14 8
1 14 17
1 18 21
1 10 26
1 17 12
1 12 30
1 13 29
0 30 7817931
1 2 28
1 30 10
1 8 23
1 6 10
1 22 19
1 6 24
1 25 23
0 21 445220762
1 13 4
0 29 710563250
1 3 19
1 4 11
1 30 27
1 19 19
0 22 707106527
1 14 30
1 26 7
0 29 20650268
1 18 12
1 1 26
