71 70
904522062 857586051 390008755 991552839 264969856 321213784 529988875 417045751 163512740 522130676 662434830 631522818 794040422 755877274 748752653 418274522 646085011 283218398 639088367 791331879 145544021 779304326 773379576 299758373 993635344 856044887 713679240 971134794 454251245 836883755 213664893 912018011 394573624 911307802 758997827 265877583 697432062 888039280 996406820 772000073 930784817 347211039 876335198 724435153 978662922 722832831 296714759 861522932 396772883 65037 407907972 694936295 601779237 722509233 717493859 619992706 307859694 834703128 20897668 154112627 428661772 323527993 331279369 811606581 368208400 953767326 648163630 923751556 667215212 701153154 320633983
12 65
2 38
54 38
56 26
19 54
2 51
54 23
5 67
6 5
54 66
19 47
59 62
40 7
36 55
48 60
50 28
2 33
24 61
65 17
46 25
15 6
65 1
23 8
37 14
11 36
5 63
71 58
42 9
16 4
41 50
71 68
1 3
22 47
14 35
12 26
48 44
63 8
28 4
46 52
69 21
51 69
62 65
56 9
4 61
37 52
64 18
29 14
40 46
66 50
63 44
10 37
70 9
68 69
45 29
11 27
70 8
3 31
57 69
49 70
39 64
60 13
20 14
20 34
11 18
43 8
67 32
18 38
29 30
30 55
53 40
97
1 33 39
1 58 55
1 46 57
1 3 3
0 64 867115034
1 4 8
1 56 36
1 13 63
1 64 55
1 41 68
0 37 742547
0 38 127362441
1 67 70
1 19 33
1 54 7
1 63 41
1 14 55
1 20 9
1 26 50
1 45 31
1 48 28
1 40 7
1 5 45
1 33 13
1 69 44
1 15 58
1 42 22
1 70 37
1 69 17
1 5 56
0 40 511104499
1 71 68
1 43 3
1 57 30
0 56 789994903
1 19 66
1 19 14
0 71 493787241
1 41 71
0 47 999039870
0 46 385577564
1 64 23
1 65 31
0 3 684875803
0 7 539131766
1 56 13
1 45 57
1 22 32
0 40 589319262
1 34 17
1 19 2
0 8 606263852
1 9 70
1 10 67
1 27 4
1 24 34
1 28 68
1 61 27
1 62 2
1 60 2
1 69 11
0 71 988980213
1 18 62
1 21 70
1 10 57
1 49 18
0 37 666944349
1 7 47
0 49 825874464
1 51 39
1 46 29
1 12 20
0 16 752186888
1 63 54
0 57 831878918
1 71 38
1 26 3
1 2 70
1 62 59
1 62 31
0 47 69923644
1 4 18
0 24 327541400
0 40 174430144
0 6 429978338
1 48 16
1 17 55
1 38 36
1 66 20
1 19 14
1 2 50
1 68 30
1 37 56
1 12 34
1 47 30
1 49 2
1 57 22
