100 200
439477496 954771629 103842921 948570864 705382833 967351086 31783644 520663077 356943502 733571657 997518315 881797156 160998344 695980422 809698361 713598876 772103073 384999314 600834284 800263997 627757354 646994896 98001192 844303576 644750874 164833983 409656349 874662205 931557842 776725098 336187362 586204305 619114254 278868486 458027558 104876879 940879095 520585809 272640952 155286220 84613385 817947706 803862953 992737593 443344367 880813289 632539546 354827557 28335331 156770969 8496790 942335554 712597494 669873059 201446942 18285649 769394352 405849147 617866274 504677426 731572898 824138990 172859397 494561997 138076906 591114942 574138532 336320515 26429654 30016858 665475214 31510318 291216531 620216907 106135038 89029784 432619649 47167614 599709616 185626913 18297330 493775937 600271943 537695180 548900194 982759941 852452637 450616355 454783157 115726623 594262877 247944088 796726420 963303042 639039636 408059023 381546232 645999041 958541692 745832783
41 97
10 54
6 24
92 2
18 55
89 6
58 11
85 44
97 93
62 64
94 96
3 68
59 75
13 20
39 37
90 54
12 26
93 81
45 44
79 17
58 86
39 1
90 15
48 20
34 76
24 31
83 65
31 8
21 47
25 64
64 74
82 96
49 66
81 57
46 63
66 44
16 54
48 7
39 22
63 45
12 9
57 53
40 84
95 84
16 5
92 94
3 79
42 62
33 15
26 28
70 12
95 19
7 69
65 23
2 66
100 92
77 61
74 34
30 96
59 36
78 39
54 50
43 91
54 67
56 27
14 12
24 59
53 23
90 60
35 22
97 35
96 69
11 72
76 73
56 80
23 88
29 84
46 80
51 21
19 97
59 99
97 38
42 58
56 61
5 39
4 64
55 51
12 43
50 79
59 62
71 77
66 47
33 32
98 96
100 90
27 28
33 8
83 52
7 87
37 6
24 20
100 11
62 84
75 96
9 16
43 73
89 28
18 92
68 66
68 84
82 41
97 31
15 12
29 57
48 64
1 92
8 12
26 67
52 46
27 41
88 73
36 56
95 11
99 38
51 96
26 77
30 77
79 91
29 67
52 35
62 35
100 93
26 73
40 41
29 42
40 3
9 20
32 96
43 11
97 45
75 3
54 23
79 20
14 56
51 90
13 50
26 59
15 23
40 28
44 42
97 50
29 46
52 21
81 16
81 34
76 77
30 56
53 17
22 20
22 90
49 35
75 85
58 96
89 34
82 3
2 67
61 42
65 90
98 17
2 21
58 41
24 12
5 34
63 3
78 83
78 11
2 56
47 23
4 6
27 11
24 66
25 90
37 7
30 23
98 35
40 96
89 39
22 84
78 23
5 41
51 84
1 77
80 21
98 21
4 50
97 92
78 12
40 77
94 67
32 85
100
0 5 946068226
0 13 405262570
0 68 506445439
0 71 18842833
0 36 205697810
1 67 27
0 63 252938359
0 76 790609735
0 64 322720841
0 33 165654500
0 32 571405726
0 13 812642992
0 74 148153758
0 87 232335307
1 87 67
0 90 570807401
1 65 54
0 96 304467778
0 29 301794403
0 48 204923629
0 91 860081903
0 28 495681492
0 37 213263110
0 43 238771696
0 56 163533251
1 62 20
0 61 693981685
0 41 623839508
0 87 344679205
0 73 820190405
0 47 621956089
0 64 129264979
0 69 521785243
0 17 191196789
0 98 650872084
0 56 660805852
0 88 423581923
0 44 123628323
0 82 779422345
0 32 660068284
0 38 916384243
0 36 87958247
0 58 962547397
0 96 505444801
0 2 182671509
0 98 921783267
0 25 314795824
0 1 537597859
0 8 96252878
0 43 316017270
0 35 435979233
0 46 606990980
0 22 747207869
1 48 89
1 9 99
0 40 175996915
0 37 475510272
0 22 455809288
0 81 455802385
0 59 364235583
0 49 861299806
0 33 179973645
0 80 430044840
0 42 275888504
1 69 52
0 10 164684554
0 34 66405332
0 45 784228567
0 77 166289771
1 79 77
0 26 156710354
0 64 757795831
0 88 830359151
0 10 736063677
0 72 917668581
0 53 545508449
0 47 123639167
0 39 855248527
0 56 160240769
0 15 907567388
0 46 475061540
1 92 46
0 88 20483342
0 26 15407282
1 62 89
0 54 877513992
1 62 84
0 8 873576674
0 50 17350398
0 46 785219674
0 85 696857016
1 56 78
0 45 709527050
0 77 520438324
0 63 170204028
1 41 89
1 57 69
0 96 990676779
0 65 418529992
1 59 9
