23 22
656041768 2874481 420688760 260037282 723527341 268863038 241019539 519039862 26578417 42941949 8019045 686878123 995790909 438411910 744267160 405237223 757146404 869049021 640019909 761321027 576852389 489173754 377888659
15 10
23 17
13 5
16 21
16 6
1 16
19 16
2 19
14 23
8 3
22 6
2 20
12 21
21 7
11 22
8 18
18 5
13 6
10 9
14 4
21 9
18 23
40
1 21 16
1 9 9
1 15 11
1 2 21
1 3 2
1 8 5
1 10 9
1 17 13
1 12 4
1 4 10
1 2 7
1 9 22
1 5 14
0 17 862100196
1 4 8
1 17 3
1 17 20
1 13 19
1 12 2
0 2 52988028
1 7 18
1 1 10
1 4 19
1 16 19
1 11 14
0 21 787363213
1 10 10
1 17 12
1 21 23
1 21 1
1 16 16
0 1 762846058
0 5 907154628
1 12 4
1 9 15
0 6 991391521
1 7 16
1 3 14
1 23 14
1 6 6
