53 52
427156780 629763467 593587549 21590319 177103472 890067579 397078420 5041736 157240647 727799968 611623105 289918849 755632152 789408569 309749211 465239517 267096651 811863379 618644229 425307288 635700179 962113895 614450801 686036287 239532078 957299281 730204112 480097220 482322393 908824386 751060156 124770851 319370496 823585430 873808756 442188511 425744796 725247187 946077359 268216709 624136999 336315624 946756134 743600135 631859573 778735856 708313567 538292958 572525854 247532949 691479209 423987675 455110889
43 44
26 27
20 21
39 40
9 10
27 28
46 47
10 11
32 33
52 53
7 8
41 42
6 7
51 52
50 51
4 5
33 34
34 35
3 4
28 29
23 24
38 39
25 26
19 20
15 16
16 17
31 32
5 6
1 2
44 45
47 48
8 9
35 36
13 14
48 49
14 15
30 31
45 46
36 37
17 18
11 12
49 50
12 13
29 30
40 41
22 23
18 19
37 38
2 3
21 22
42 43
24 25
50
0 33 509885119
1 25 16
0 35 309227986
0 21 663589012
0 23 943230859
1 6 16
1 31 19
0 30 616677048
1 35 52
0 18 463232017
0 48 151680961
0 6 468006394
0 48 279538944
0 29 755794614
0 6 106911491
0 19 766910755
0 53 903167338
1 48 47
1 9 27
0 9 132950694
0 45 928715052
0 22 611067272
1 22 2
1 53 37
0 25 451052492
0 3 930270940
0 52 17854147
0 13 12577900
0 20 783821398
0 10 364432073
0 26 58344969
0 11 192726208
1 10 43
0 12 939065568
0 51 996519701
0 38 640653872
1 42 9
0 33 54084439
0 38 255435466
0 50 286970961
0 36 575131337
0 32 806212872
0 52 334948389
0 22 228052566
0 12 199923218
0 51 611574924
0 24 526626129
0 13 730729302
0 5 62308339
1 24 26
