300 1000
524675626 800169518 295179008 393268090 411431438 681610406 598750502 396983468 339749726 989523403 369634985 21136347 562679816 595701372 866889459 544742935 712620903 204160802 177695249 459718983 225044999 318785391 115330412 719847082 834267002 808665813 857143371 828279812 682910219 423432154 424647681 205502756 874153409 315733901 685756976 574166377 344832512 660676147 386766112 853488362 129390995 772811067 244424369 187228263 745476278 798854241 177775015 123599178 250198521 985431361 216951865 740634965 237674455 120166063 840859014 898268630 441507431 728446764 376126501 764393720 990796047 523372773 299513490 649297284 44598209 459683499 765222797 609358745 455612432 848031807 466739446 214495401 455081314 940486216 487862926 328574699 896407573 158448330 557162879 681341871 335439567 563080682 98843280 313031702 612548471 674493182 70681088 767029482 565584531 292689148 88904848 125242150 643037141 547935948 440591309 303846735 13716953 349207838 549988796 530395093 457976152 785120528 226646372 16063156 590821799 513481993 129092484 132596535 265059209 916146400 992862421 278933167 14572287 433795389 83267703 50920542 585273339 160140846 921876413 1921772 634200060 386584974 228396635 870469402 603150456 618237394 806310267 901842357 614377768 188396913 520243620 727289957 347667960 800858460 684387552 369368137 373276905 122726201 82363504 796934144 762227203 559924714 232386328 504370173 40757969 898840061 659671572 529253922 561652161 316727483 803622451 108374123 289746212 460648929 296659286 535904536 224127277 210560954 111011291 763295186 860685244 348481012 752354718 980224498 411472028 90003923 778446150 261585158 227838877 500630617 116134820 524292416 182895784 568074663 477484238 286216813 854722259 266292332 480904907 524399104 870034419 537655234 879866109 310614154 251124341 625253750 984915288 827630914 440699566 740429417 885306976 157956513 868089961 689762909 911040443 3670362 52651448 421654944 904937000 495024882 491823506 854222595 467775010 944993621 797480796 771158936 773225940 832420764 657593792 633763930 520278537 329440540 300347291 808816684 397435750 746561211 460231351 271548452 339466964 735235030 326110571 718733326 166800744 808651753 690338781 769058597 869509507 848586616 774323392 832323415 732411891 215323783 157311976 611932533 146803923 362570755 951163305 791532248 15319210 431344672 729890907 453449441 864131674 716933504 770853255 955624996 155058271 135699151 687735929 94549673 132592909 496334234 516798390 703121071 506655360 399292417 907071392 555388488 291984120 333278345 362957408 187915454 738844829 974490617 920211491 518889715 287928191 532958845 14503245 826733777 287556290 537735716 855211398 151982944 601462861 183402472 740900932 547702075 505349742 114922064 412165286 842996763 154683456 470828642 430601350 780826234 97573688 488627152 348997133 529266385 580869226 272566 206241327 31790822 295481418 867128820 293003846 49574335 672247534 828620109
261 137
147 224
22 69
110 89
53 146
36 179
221 37
222 267
221 187
289 177
2 238
114 254
259 149
208 239
278 121
242 260
120 219
187 176
130 106
90 199
239 274
29 72
41 109
231 6
16 236
129 40
291 155
10 192
286 33
278 209
65 229
276 28
298 285
107 105
98 272
180 289
232 295
218 224
203 270
141 100
191 13
162 168
117 26
179 91
152 208
206 83
256 279
207 232
49 151
161 44
71 292
225 276
173 236
279 208
217 126
194 17
19 63
98 293
97 200
202 274
140 159
98 156
242 155
179 166
3 213
240 24
131 270
18 112
290 29
171 255
112 81
74 281
76 71
50 35
97 47
57 235
210 246
29 139
51 31
261 184
138 145
194 35
190 60
15 248
86 90
200 172
66 143
120 11
95 69
258 226
150 32
282 212
79 206
121 270
101 105
160 237
269 297
184 185
139 228
228 23
135 240
85 175
164 133
193 75
265 103
102 101
138 118
123 108
92 21
147 248
46 137
33 158
186 131
197 22
92 117
8 175
113 214
66 262
171 72
123 171
218 133
111 177
13 289
256 263
151 165
132 289
167 95
34 84
243 54
223 5
154 198
287 271
127 62
144 182
190 67
285 136
126 150
252 1
156 237
5 195
193 118
223 144
101 49
42 162
299 122
8 148
241 39
148 294
153 183
255 188
41 142
189 207
24 253
9 170
175 176
38 229
56 236
235 154
167 258
278 124
25 110
244 168
231 297
61 210
249 173
43 134
59 273
11 15
171 30
97 140
87 209
45 117
225 22
269 103
195 291
52 112
161 52
94 174
130 184
65 171
173 53
281 234
139 215
110 249
211 266
74 225
37 216
244 77
232 64
129 212
27 260
114 143
29 94
169 184
275 19
296 121
242 244
151 243
99 82
244 30
80 267
73 175
122 233
277 224
257 82
192 250
33 267
128 131
163 60
184 55
147 202
104 93
251 58
2 137
169 14
91 23
250 144
164 193
264 299
230 194
240 268
102 275
26 228
299 84
116 176
48 101
74 285
131 181
6 212
271 137
98 278
220 191
213 189
235 1
151 52
213 259
51 37
260 18
67 227
201 158
244 249
87 262
300 199
67 207
239 206
204 178
119 249
69 266
71 214
142 196
118 20
280 226
270 207
88 248
77 41
97 72
178 153
13 126
292 40
104 238
97 245
267 272
247 231
84 183
100 97
9 44
214 96
189 288
221 12
54 125
213 238
284 162
279 106
4 233
78 171
228 58
273 14
31 283
54 61
127 245
70 147
24 43
154 205
300 34
12 265
32 250
38 68
85 126
134 229
178 294
1 265
258 118
165 157
116 3
39 225
7 104
115 147
7 257
117 194
236 3
61 17
47 167
295 3
187 201
192 264
267 274
11 4
77 260
214 210
129 222
288 174
126 71
37 211
276 112
1 182
236 114
2 172
130 41
53 16
289 14
109 294
11 220
239 272
86 107
187 174
111 167
125 28
72 67
243 188
130 189
18 114
288 296
138 180
135 204
98 244
187 145
111 87
233 150
267 150
135 171
191 155
79 217
183 197
187 51
140 75
45 220
214 146
86 166
105 54
261 51
200 84
25 294
158 217
26 91
190 198
109 211
248 265
242 147
299 88
79 97
47 67
49 272
170 201
94 259
276 265
25 206
237 244
135 56
187 171
168 177
144 17
203 112
149 281
282 132
152 60
280 41
247 51
258 215
273 54
52 256
95 171
273 171
42 101
31 59
44 231
169 296
109 157
121 156
139 294
193 63
138 181
95 172
50 141
131 80
103 75
248 206
5 157
163 13
179 132
298 198
268 217
142 132
78 172
2 147
62 9
258 164
292 174
207 166
175 256
175 229
191 127
1 147
102 141
92 122
295 229
115 157
22 112
100 264
37 241
12 141
200 73
6 150
2 253
123 277
37 195
126 278
102 166
30 281
187 222
191 208
190 159
263 164
2 29
11 161
143 14
131 122
99 281
105 274
255 56
183 164
23 87
20 174
143 41
109 184
224 127
185 153
1 220
5 240
257 173
46 277
163 87
286 300
291 211
258 29
271 36
276 63
262 230
116 180
18 68
144 212
25 162
131 212
86 36
267 221
86 294
249 85
1 221
289 277
20 85
72 181
6 232
290 51
19 56
98 106
193 188
89 186
2 106
62 235
213 87
103 43
249 128
227 231
168 182
27 160
297 189
142 260
70 160
175 43
209 181
131 184
190 93
31 68
266 127
200 167
239 184
32 122
142 69
202 256
142 146
30 251
22 251
179 176
245 229
299 167
158 251
61 166
111 16
31 162
116 259
257 151
105 232
19 3
46 281
194 226
202 40
52 208
247 54
76 235
154 17
83 68
203 173
103 122
236 117
134 114
187 17
282 59
124 132
152 160
49 10
203 260
55 160
202 8
282 173
288 217
246 97
148 240
257 229
130 264
103 177
207 119
53 112
24 8
102 4
95 13
34 93
261 230
194 28
6 118
148 164
44 106
140 88
239 82
116 264
170 93
149 173
165 63
134 164
46 241
62 106
271 8
224 167
297 229
20 251
86 189
290 108
125 220
175 296
163 167
39 14
219 260
20 157
148 13
152 235
52 137
233 182
273 60
295 153
11 84
83 97
282 10
19 294
74 147
144 269
227 107
58 195
79 162
50 294
125 97
139 272
273 285
237 230
213 145
163 244
92 87
23 216
70 220
50 180
58 293
58 107
123 128
104 60
94 216
267 206
53 60
46 15
24 250
282 230
50 147
163 225
103 195
152 269
190 17
257 93
139 229
92 238
48 281
175 275
38 29
261 182
11 278
258 107
57 153
135 137
219 300
242 159
111 156
138 293
11 294
95 10
72 201
105 264
81 171
45 166
288 218
123 241
187 274
282 33
163 226
37 127
243 15
239 215
111 33
148 235
123 71
58 36
236 205
227 259
190 215
129 145
131 206
79 90
72 240
258 7
262 197
5 204
214 275
92 166
280 216
64 253
94 96
233 204
24 223
209 69
199 251
81 180
213 176
276 117
247 33
142 211
38 119
271 166
135 294
115 91
149 43
55 51
94 119
224 274
158 114
236 14
236 215
234 220
42 232
191 164
134 180
22 173
255 150
57 173
2 189
190 4
47 294
22 146
284 186
42 67
142 221
102 132
18 127
86 196
98 9
136 87
209 264
299 221
142 206
288 146
143 93
169 240
39 211
163 188
70 4
74 71
124 84
192 8
179 127
81 228
11 119
64 164
129 137
279 68
178 252
267 281
169 231
125 122
92 244
292 252
134 73
99 90
248 218
169 85
158 147
138 9
27 151
202 59
103 54
5 88
219 222
37 146
246 206
70 272
168 189
163 173
48 167
125 189
249 265
292 225
5 211
42 85
179 146
1 141
234 296
168 4
194 238
183 172
170 274
30 198
61 90
130 29
94 197
242 240
199 9
83 88
289 198
190 269
258 132
276 40
52 201
109 60
22 269
42 260
168 17
142 223
124 112
72 167
116 231
286 80
158 164
200 9
233 69
126 88
123 35
131 250
262 180
100 231
268 75
18 93
65 217
273 88
284 216
53 221
57 29
234 222
100 9
53 229
58 29
81 13
129 157
37 226
102 82
89 275
249 132
219 283
124 88
207 85
286 195
138 68
32 260
133 188
100 281
98 160
295 107
70 269
214 285
44 256
46 220
79 122
5 181
134 277
292 206
77 97
194 171
258 287
286 93
6 226
258 250
25 167
83 8
227 281
102 208
20 232
227 228
154 215
131 162
116 14
185 293
280 196
121 223
105 85
100 16
52 66
255 119
61 8
152 120
242 17
6 197
139 107
111 208
24 184
249 90
111 127
103 215
199 186
125 67
102 184
100 256
234 4
236 259
234 215
243 150
149 220
249 54
74 166
279 226
111 272
144 217
46 101
12 217
27 229
1 146
237 184
116 90
178 253
42 217
258 252
183 269
98 171
262 244
209 29
116 120
100 225
52 17
47 226
129 285
102 114
22 259
83 159
38 41
246 28
134 128
49 195
45 253
249 151
154 156
138 265
126 40
227 285
152 229
34 87
23 173
72 36
292 264
25 283
148 151
280 205
24 7
50 201
183 171
5 122
282 206
31 141
22 122
50 181
178 260
286 35
134 221
144 40
125 114
148 244
74 208
203 110
209 228
142 3
262 260
193 150
136 296
257 188
168 75
24 265
246 176
19 128
237 281
297 60
243 63
109 197
213 173
78 10
192 59
142 274
193 13
116 160
44 250
121 222
134 71
199 68
77 235
190 96
61 91
237 251
214 84
34 91
169 210
26 177
292 67
94 56
6 156
139 196
34 164
191 101
219 4
262 210
268 244
83 211
99 235
295 4
124 40
111 260
282 184
49 59
133 114
135 114
227 253
124 13
263 197
194 9
284 16
72 186
248 256
32 232
246 241
258 75
115 60
207 212
292 180
49 80
179 3
19 21
94 283
39 127
148 177
175 225
298 87
291 285
268 221
158 216
268 228
99 13
52 35
143 206
144 36
279 216
1 36
261 63
178 157
1000
1 215 90
1 251 164
1 105 85
0 259 977897009
1 143 143
1 84 71
1 5 267
0 161 390212673
1 146 289
1 243 238
1 185 26
1 205 114
1 137 268
1 258 236
1 2 14
1 289 9
1 251 255
1 163 100
1 70 234
0 198 322857520
0 223 772508432
1 298 259
1 60 299
1 62 251
0 184 743645936
1 239 77
1 206 17
1 82 269
1 278 178
1 40 56
1 112 258
0 272 519504111
1 101 218
0 287 751103043
1 209 157
1 14 29
1 296 51
1 120 200
1 16 90
1 139 3
1 283 203
1 69 181
1 43 81
1 193 156
1 46 33
1 283 266
0 173 443041005
1 247 287
1 268 279
0 147 838503397
1 169 103
1 135 186
1 2 266
1 207 33
1 167 252
1 232 282
1 271 27
1 221 172
1 21 45
1 85 80
1 276 40
1 36 209
1 34 91
1 135 45
1 253 273
1 107 294
1 43 205
0 205 788459520
0 117 563634004
1 16 221
1 30 221
0 220 857376445
1 65 38
0 45 851371958
1 182 253
1 297 141
1 28 32
1 170 125
0 294 169075340
1 106 49
1 271 70
1 33 58
1 94 41
1 133 191
1 277 96
1 116 193
1 88 36
1 176 275
1 14 103
1 200 281
1 242 61
1 107 70
1 110 213
1 274 16
1 52 185
1 145 46
1 249 160
1 37 67
1 255 198
1 279 116
0 253 186504245
1 3 188
1 32 212
1 257 22
1 121 18
1 90 58
1 137 181
1 197 55
1 25 153
0 215 89608414
1 171 248
1 112 51
1 194 218
1 132 213
1 16 231
1 298 48
1 91 256
0 32 56083199
1 259 3
1 58 10
1 227 88
0 13 491292261
1 238 92
0 73 610132005
1 276 108
1 38 244
1 235 232
1 20 124
1 141 66
1 24 84
0 205 905011611
1 168 218
1 188 1
1 78 51
0 96 719884857
1 99 194
1 19 284
0 162 671410979
0 16 269998679
1 46 295
1 265 171
1 110 62
1 57 19
1 249 204
0 37 199582905
1 283 18
1 283 269
1 238 93
1 176 75
1 256 136
1 79 213
1 205 274
1 16 173
1 79 259
1 278 207
1 116 200
1 160 284
1 297 132
1 222 17
1 109 49
0 265 407987154
1 69 128
0 221 250778394
1 206 80
1 93 190
1 44 181
1 258 131
1 230 19
1 192 55
0 227 87448461
1 155 6
1 20 110
1 194 75
1 84 223
1 20 196
1 262 137
0 260 846700076
1 177 172
1 141 207
1 91 76
1 158 111
1 41 192
1 183 265
1 53 294
1 175 80
1 235 201
1 258 133
1 113 127
1 245 132
1 75 167
1 54 146
1 75 193
1 5 73
0 162 246545150
1 22 271
1 272 140
1 209 65
0 19 490963787
1 18 108
0 37 213419617
0 213 576669187
1 285 98
1 27 286
1 165 67
1 180 290
1 27 180
1 49 299
1 234 192
0 2 506254110
1 114 103
1 108 17
1 15 195
1 225 68
1 201 46
1 38 273
1 291 299
1 134 16
1 52 212
1 41 263
1 267 257
0 123 282013621
1 53 194
1 139 104
1 120 202
1 19 19
0 98 273652797
1 93 144
0 230 421646890
1 195 283
1 208 249
1 72 48
1 277 158
0 138 904603559
1 29 118
1 83 110
0 209 938669386
0 152 194148886
1 188 287
1 228 34
1 142 172
0 162 673993825
1 205 88
1 131 81
1 280 238
1 112 155
0 22 566338175
1 140 228
0 280 24756292
1 278 271
1 233 133
1 40 20
1 283 92
1 99 189
1 71 70
1 221 147
1 216 63
0 51 918933913
1 212 131
1 113 237
1 148 72
1 164 164
0 136 336937729
1 211 136
0 285 192593736
1 33 51
0 211 53714893
1 85 240
0 91 295730245
1 53 75
1 6 218
1 33 57
1 22 269
0 128 581076212
1 109 209
1 69 236
0 247 449705302
1 147 208
1 79 108
1 283 88
1 207 290
1 117 36
1 149 243
1 187 37
0 148 634307425
0 181 414525676
1 253 268
1 47 68
1 133 96
1 87 197
1 281 165
1 254 160
1 225 108
1 279 53
1 275 145
1 229 8
0 126 996196612
1 34 235
1 165 64
1 54 116
0 239 396289761
1 32 15
1 10 115
1 195 165
1 171 278
1 95 238
1 204 85
1 35 76
0 295 103127838
1 142 82
1 143 211
1 82 4
1 27 117
1 30 206
1 117 122
1 2 134
1 236 16
1 230 262
0 142 970949406
1 3 278
1 81 86
1 21 6
1 235 21
1 166 220
1 124 50
1 44 75
0 98 24213677
0 149 391675000
1 216 44
1 140 197
1 70 192
1 114 227
1 57 198
0 294 594731303
1 44 134
1 201 3
1 110 72
1 3 46
1 223 260
1 177 249
1 287 237
1 5 254
0 296 551699039
0 273 16988897
0 16 950547889
1 113 290
1 44 106
0 41 625130667
0 133 610519233
0 75 608308971
0 151 494872073
1 4 273
1 274 127
1 24 87
1 71 60
0 179 516967677
1 211 44
1 98 66
1 211 296
1 70 13
0 246 736982290
1 288 157
0 100 943455200
1 174 39
0 44 194154081
1 137 149
1 211 146
1 299 21
1 114 62
0 244 931406534
0 1 579194776
1 298 210
1 3 232
1 98 114
1 127 236
1 58 255
1 20 111
1 188 105
1 239 97
0 133 87989280
1 129 7
1 95 178
1 294 71
1 144 30
1 252 252
1 233 164
1 165 39
1 1 44
1 99 257
1 49 241
1 226 163
1 179 290
1 189 1
1 232 19
0 6 271419235
0 40 685052967
1 273 220
1 238 251
0 6 47503191
0 162 963754966
1 289 151
1 166 191
1 68 4
1 272 173
1 297 8
1 191 37
1 214 39
1 300 4
1 259 80
0 31 523020438
1 106 50
0 44 548604262
1 275 21
0 214 62234861
1 262 119
1 38 184
0 152 253666878
1 110 177
1 193 164
1 277 189
1 260 223
1 107 240
1 231 30
1 291 265
1 244 263
1 186 148
1 119 138
1 99 174
1 266 230
1 274 215
1 173 160
1 220 200
0 177 706331496
1 256 198
1 228 54
1 212 180
1 169 266
1 24 189
1 270 131
0 259 462937479
0 149 58980424
1 298 260
1 6 76
1 114 175
0 205 983604053
1 37 161
1 82 14
1 119 100
1 201 202
1 49 59
1 80 175
1 34 178
0 221 912065016
1 227 284
1 139 184
1 60 166
1 213 209
0 240 897601448
0 85 954414701
1 269 184
1 201 237
1 291 215
1 43 230
1 73 18
1 177 129
1 133 243
1 143 32
0 253 864072649
1 109 8
1 121 3
1 148 105
1 256 51
1 267 213
0 156 785018516
1 158 50
1 267 56
1 92 132
1 204 100
0 239 798912026
1 133 286
1 176 84
0 18 286418430
0 83 106969146
1 82 128
0 148 620381186
1 256 64
1 36 14
1 45 6
1 85 145
1 245 36
1 166 63
1 126 19
1 70 269
1 275 181
1 175 125
1 196 5
1 196 292
1 150 200
1 123 138
1 216 192
1 18 11
1 167 283
1 238 225
1 52 273
0 121 817020596
0 113 199672998
1 105 257
1 103 124
1 95 153
1 13 75
1 32 40
0 150 760902793
1 181 218
1 33 110
1 114 90
1 225 174
0 66 529048439
0 169 330110428
1 60 262
1 230 203
1 173 22
1 64 143
1 146 165
1 153 250
1 107 124
0 8 71335654
1 280 74
1 213 208
1 252 17
1 42 153
0 58 940366869
1 245 239
1 2 109
1 288 143
0 293 18282944
0 37 257972044
1 110 208
1 140 237
1 94 127
1 62 191
0 183 582207335
0 123 891535688
1 124 155
0 170 137943671
1 116 212
1 13 154
1 37 112
1 52 50
1 210 14
1 139 56
1 276 147
1 43 19
1 264 228
0 225 484021504
1 296 205
0 283 348548350
0 277 317203266
0 40 763560799
1 191 152
1 138 225
1 272 231
1 21 294
0 58 276933213
1 113 28
1 16 12
1 214 47
1 84 276
1 75 235
1 226 68
1 194 109
1 213 72
1 254 107
1 300 142
1 86 18
0 82 450309939
0 140 56571549
1 184 251
1 165 170
1 284 126
1 6 112
1 114 7
1 9 106
0 12 101733503
0 136 783050030
0 157 452636286
1 75 170
1 160 248
0 14 892205240
1 135 59
1 19 140
1 60 5
1 125 244
1 124 52
0 270 624948548
1 174 55
0 184 942188659
1 165 117
1 10 66
1 240 72
0 45 237010429
0 242 541425092
1 135 59
1 36 142
1 184 165
1 88 267
1 170 39
0 292 965110899
1 228 25
1 205 197
1 67 259
0 212 923134424
1 237 180
1 2 59
1 276 88
0 28 908556979
1 122 54
1 249 268
1 112 60
1 288 91
1 265 89
1 245 250
1 144 21
1 280 176
1 84 117
1 173 185
1 175 80
0 232 664395796
1 67 225
1 45 121
1 231 8
0 112 26341424
1 299 239
1 81 40
1 170 239
1 25 15
1 174 35
0 294 507483260
1 69 37
1 153 81
0 275 874686151
1 219 236
0 15 786503927
1 45 149
1 88 259
1 38 67
1 135 111
1 274 270
1 194 186
1 61 17
1 190 134
1 165 275
1 26 179
1 183 219
1 142 61
1 101 106
1 179 224
1 5 239
1 6 278
1 57 195
1 264 45
1 285 127
0 125 335679047
0 226 636142458
1 88 67
1 41 106
1 57 189
1 287 161
1 37 272
1 59 179
0 129 90926582
0 284 151629160
1 109 67
1 88 99
0 221 901376183
1 172 254
1 101 79
0 271 323971933
1 103 124
0 168 439911882
1 236 34
0 279 51478852
1 205 82
1 168 32
1 103 167
1 110 76
1 100 51
1 150 113
1 72 283
1 39 81
1 184 290
1 30 223
1 172 260
0 100 611349322
1 27 5
1 169 75
1 206 165
1 277 145
1 167 122
0 175 989047420
1 2 155
1 123 120
1 161 177
1 149 83
1 229 85
0 10 954326778
0 227 927229649
1 48 146
1 224 121
1 158 4
1 12 133
1 54 260
1 65 138
1 28 280
1 268 220
1 247 253
1 228 147
0 39 175421894
0 270 157872336
1 193 202
1 201 74
0 132 244679483
1 52 124
1 57 286
0 84 592934816
1 59 96
1 77 173
1 204 232
0 4 744664261
1 60 160
0 117 921653151
1 151 107
1 164 221
1 248 135
1 146 149
1 197 242
0 88 198114572
1 41 82
1 258 29
0 257 33943386
1 242 267
1 258 72
1 178 45
0 212 959341524
0 265 879722144
1 23 24
1 138 139
1 274 271
1 18 300
1 189 272
0 233 871905244
0 162 252916616
1 205 40
1 245 195
1 108 181
1 88 265
0 100 983543615
1 287 139
0 118 605608666
1 181 138
0 17 400113348
1 190 206
1 233 104
1 279 128
1 215 140
1 17 264
1 117 163
1 299 67
1 197 188
1 256 225
0 22 393129176
1 50 206
0 223 566387745
1 266 9
1 43 27
1 264 18
1 212 133
1 296 187
1 114 173
1 222 276
1 151 81
1 222 247
0 68 215388810
1 93 101
1 218 116
1 271 298
1 152 228
1 18 93
1 93 287
1 296 25
1 285 5
1 252 288
1 283 8
1 227 88
1 191 29
1 161 100
1 196 269
1 133 61
1 90 166
1 156 56
0 28 570340331
0 183 210938351
1 261 231
1 21 4
1 160 121
1 122 150
1 222 294
0 239 346618224
1 252 54
1 222 185
1 105 238
1 159 58
1 70 70
0 104 856409858
1 257 249
1 111 199
0 138 267495032
1 2 250
0 287 748509176
1 235 190
1 260 265
1 45 170
0 52 821112126
0 222 526694410
1 133 61
1 198 162
1 233 258
1 61 267
1 230 272
1 239 70
1 206 147
0 158 521070614
0 217 640986516
1 20 119
1 90 199
1 297 49
1 92 296
1 165 184
1 44 125
1 174 41
1 209 116
0 294 239318889
1 97 235
1 152 19
1 84 285
1 265 79
1 249 266
1 60 179
1 62 280
1 170 256
1 119 80
1 204 292
1 117 178
1 85 93
1 238 197
1 69 254
1 161 40
1 222 96
1 75 279
1 79 250
1 290 276
0 68 515471587
1 110 290
1 287 289
1 201 135
1 284 204
1 82 75
1 156 208
1 77 166
1 122 51
1 121 261
1 34 288
1 80 45
1 12 151
0 29 957464597
1 37 172
1 72 118
1 38 280
0 19 927785381
1 223 192
1 175 80
1 58 14
0 75 502101652
1 46 198
1 127 84
1 293 141
1 290 274
1 18 163
1 131 105
1 137 27
1 165 102
1 93 198
1 70 262
1 123 255
0 269 12400899
0 237 58864277
1 82 251
1 68 29
1 133 210
1 255 124
1 254 254
1 165 225
0 217 971426229
1 116 177
0 17 821779517
1 158 36
0 1 746232667
1 59 289
1 206 79
1 221 215
1 168 120
1 228 36
1 142 245
1 225 116
1 287 117
1 12 283
1 172 299
1 147 79
1 175 59
0 243 209383784
1 164 1
1 232 249
1 230 285
1 100 64
1 180 2
0 248 668757401
1 278 167
1 278 224
1 102 261
1 151 227
0 96 882997010
1 133 80
1 94 10
1 263 14
1 14 200
1 265 15
1 196 269
1 9 140
1 183 244
1 256 183
0 30 325355876
1 235 182
0 2 565868400
0 76 103557239
1 136 228
1 42 13
1 151 93
1 126 72
0 202 457357927
1 274 266
0 156 309643875
1 96 132
1 162 182
1 203 175
0 193 994839041
0 184 297648013
1 279 164
0 122 460258651
1 238 13
1 299 33
1 21 82
1 22 90
1 143 106
1 113 68
1 199 272
0 50 655267770
1 18 142
1 34 90
1 48 91
1 277 68
1 173 217
1 65 291
1 31 175
1 138 104
0 26 239140765
0 144 309188228
0 124 196775845
0 164 930007795
1 90 38
1 256 23
1 189 174
1 164 131
1 56 171
1 28 265
1 266 16
1 57 51
1 79 84
1 244 39
1 225 23
1 21 203
1 32 119
1 60 88
1 36 56
1 90 87
1 156 292
1 238 212
1 256 241
1 214 43
0 181 466762801
1 261 38
1 190 82
1 117 24
