100 99
41079680 2607389 25403041 90812350 51730467 72463139 31739893 28405449 38146966 91509719 53684070 2712226 76756692 63978306 34104850 33699409 94505516 98898896 88181666 17238814 4979124 92186666 25937770 33739592 45622320 90934002 10699366 52403884 35635548 52217487 75683207 39557381 69590178 54207492 63645732 96606851 72659435 91305099 20955727 69242482 34942434 65347660 69153318 56076048 89911538 27884883 55597131 15162119 28909185 87566507 3091892 64941624 72639844 30641882 806238 47062586 38110582 2508200 54253334 57068366 94296157 36931761 9151813 51407645 41512120 15710126 2486296 43512891 35035785 92666153 63630050 870405 28537803 99077135 21449267 70651571 11831944 10166433 59019012 29632808 71099094 55126269 68715094 74052175 97031597 39766022 276434 23221863 66183059 46514484 61396786 99406252 60205176 85267192 98453977 93547524 1725317 68237300 71223078 45063011
7 8
83 84
23 24
27 28
66 67
81 82
36 37
77 78
61 62
74 75
70 71
39 40
87 88
15 16
14 15
43 44
22 23
38 39
37 38
91 92
12 13
24 25
33 34
89 90
4 5
19 20
97 98
53 54
75 76
78 79
72 73
71 72
11 12
45 46
10 11
42 43
41 42
92 93
30 31
18 19
67 68
17 18
56 57
31 32
98 99
84 85
69 70
32 33
9 10
13 14
73 74
94 95
88 89
93 94
21 22
25 26
20 21
8 9
60 61
34 35
59 60
62 63
3 4
28 29
16 17
5 6
58 59
55 56
65 66
44 45
50 51
80 81
54 55
49 50
64 65
79 80
26 27
6 7
52 53
82 83
90 91
29 30
57 58
85 86
76 77
46 47
40 41
51 52
86 87
2 3
68 69
1 2
95 96
48 49
35 36
47 48
99 100
63 64
96 97
100
0 69 52133458
0 34 2975800
0 92 9944171
0 45 53170916
0 70 82490914
1 47 23
0 42 55130838
0 89 90701609
0 62 33572667
1 41 99
0 88 63575016
0 38 94320344
0 55 12365351
0 69 84866240
0 97 4394816
0 12 3684860
1 18 32
0 25 97367185
0 31 92684805
1 59 89
0 45 24342599
0 59 16385349
1 67 34
0 63 7821624
0 70 93159272
1 88 4
0 6 52931597
1 48 91
1 74 44
0 19 68779025
0 53 53483223
0 33 316963
0 60 48129092
0 38 530697
0 98 17860764
0 33 29977277
0 21 6463682
0 61 31624385
0 41 29042158
0 24 91079160
0 44 37624689
0 46 60546836
0 44 99243779
0 14 36252189
1 66 35
0 60 84029866
0 41 40623924
1 100 99
0 45 73771858
0 64 68723676
0 27 99829936
0 89 97857044
0 12 71403677
0 34 8391318
1 77 7
1 25 14
0 27 53379927
0 78 18346676
0 44 11997325
0 11 59659570
0 94 76225247
0 85 5369544
0 60 91196571
0 79 38893505
1 15 77
0 19 67161217
0 87 913322
1 10 50
0 59 39108756
1 10 17
0 86 91685410
1 28 48
0 12 49060172
0 51 98913026
0 10 87650560
1 12 49
0 46 41292301
1 40 6
0 13 35251264
0 72 40870436
0 39 40818669
1 44 38
0 67 7162594
0 83 93465771
0 68 74276599
0 54 32337012
1 84 41
0 41 28751020
0 72 3062754
0 74 40869684
1 54 61
1 71 67
0 3 98082967
0 11 69754253
0 90 2985027
1 54 94
0 96 53603632
0 37 19487588
0 2 86752220
0 78 86183311
