89 159
741583600 489581003 430202623 540492548 311628485 986009391 374342083 33979382 115802715 197926730 417244481 902541415 480690909 94029479 807680222 756356856 877308263 12232128 999590624 749473048 510091935 331378158 772360284 538429097 331839472 150009808 74718588 648016121 392424214 229142220 749380771 303681409 294873242 747386542 924927540 213470672 849085882 310085839 208351605 93292783 355233269 644665687 886161943 257582105 261926205 946555857 356055092 634975830 368365314 238108950 860112332 7824575 39760948 125350665 79228169 247530324 621107617 593255297 426395754 207284287 679555440 733046800 286110618 95323898 976656967 429208815 817055129 254034268 72741946 862065516 841712103 137388373 129493789 839151411 789719719 377727857 132707780 845293438 618557717 713709499 305192576 94715290 770394429 999081547 655804554 860977116 746345098 900196765 470276506
9 49
45 79
3 43
6 19
38 46
5 40
78 64
2 28
86 5
7 30
82 13
55 63
82 36
66 4
28 47
8 51
44 26
11 52
67 74
81 32
72 19
85 86
13 72
51 6
64 40
51 74
51 60
48 19
75 34
10 11
27 79
34 57
88 19
27 12
31 29
71 45
55 60
71 85
83 42
35 66
25 59
34 61
18 41
39 89
29 32
46 87
58 54
15 71
38 68
59 73
77 15
76 37
70 75
70 66
37 65
50 58
56 45
83 66
17 24
61 59
62 55
4 14
67 89
33 1
35 84
15 18
88 21
46 26
83 1
23 53
20 65
36 26
86 22
37 38
62 11
50 31
3 20
59 23
85 32
16 35
52 84
42 49
74 80
28 86
41 69
24 49
85 44
7 41
68 8
25 29
12 52
44 74
12 89
31 41
77 50
31 82
56 48
43 26
13 83
56 65
75 35
11 48
67 22
58 4
75 30
11 60
24 29
58 89
2 8
66 60
75 52
39 3
37 81
21 38
1 50
16 65
86 65
75 74
21 8
84 88
23 83
14 60
78 29
86 64
25 72
61 26
25 81
11 49
36 27
46 88
12 85
71 64
42 52
19 34
51 82
69 72
25 70
61 49
37 4
84 53
68 81
31 49
1 65
57 48
18 53
12 4
79 30
86 83
21 30
23 45
14 53
40 70
75 27
61 6
73 81
19 64
66 72
79 17
21 48
95
1 34 82
0 38 356404045
0 4 492068281
1 70 71
1 58 63
0 39 114033389
1 82 59
1 70 43
1 39 24
1 53 23
1 67 52
1 89 12
0 3 620270071
0 7 662847488
0 16 825462895
1 87 56
0 14 989504146
1 1 33
1 23 23
1 51 21
1 76 14
1 40 59
1 16 89
1 4 45
1 51 76
1 59 83
0 28 708981972
0 68 802192073
1 33 19
1 73 78
1 17 13
1 72 51
0 88 371690628
1 27 55
1 56 60
1 86 60
1 78 44
1 9 85
1 70 60
1 78 26
1 36 78
0 11 25136545
1 8 81
1 46 54
1 84 4
0 12 40988815
1 9 81
1 12 71
0 30 376920633
0 72 5050087
1 50 24
1 9 46
1 74 42
1 73 55
1 11 87
0 49 136079252
1 68 37
1 62 2
1 40 63
1 45 81
1 68 69
1 50 32
1 50 43
0 26 925972526
0 1 305938096
1 84 14
1 72 29
0 73 927184291
1 26 37
1 57 9
0 87 914353217
1 73 49
1 45 74
1 6 7
1 9 56
1 11 17
1 36 28
1 39 28
1 69 7
0 45 100178994
0 12 656897370
1 27 13
0 33 417940319
1 63 43
1 87 85
1 82 61
1 16 8
1 73 65
0 6 529326377
1 62 69
1 37 20
0 14 498335243
1 62 18
1 6 45
1 78 61
