3077 6
92701521 1814248985 2603
778949504 1085005364 1892
1852155960 1863470311 1107
1852155960 201442653 593
980392156 1500807238 1141
1548265900 1525877525 1200
419329695 1074277192 2523
1085005364 1686166241 1459
15339982 1814248985 1549
797554488 419329695 2581
1948213075 1854173204 1926
1863470311 1100345346 549
1686166241 1430911611 2592
1942119525 1852155960 2664
1942119525 1852155960 1121
1290286159 1686166241 2535
1863470311 419329695 1499
14349688 1290286159 1934
1430911611 92701521 224
1430911611 1765816556 1252
1948213075 1100345346 2656
1560452432 1525877525 607
778949504 1430911611 550
110571127 733153243 246
1948213075 198336739 1552
321631853 1858796103 186
791877482 168006964 1093
110571127 1525877525 1875
1548265900 1228878954 990
1826557789 1525877525 707
432769121 1942119525 2185
1593769691 1942119525 522
1765816556 733153243 3032
733153243 110571127 2340
1975677837 1228878954 747
1863470311 969360299 1476
733153243 1228878954 710
110571127 1827268238 3030
797554488 1942119525 1464
1827268238 92701521 915
36202073 1839015785 2754
1290286159 826377972 1444
1765816556 432769121 1029
14349688 110571127 543
14349688 1948213075 700
1686166241 733153243 2777
1085005364 140843506 1423
1100345346 1948213075 1168
1858796103 1100345346 2372
1814248985 1826557789 2076
1560452432 1854173204 1294
1290286159 1430911611 1463
14349688 1942119525 2386
1942119525 733153243 2396
1948213075 1525877525 1617
140843506 1228878954 2398
92701521 1827268238 776
1085005364 1074277192 1467
419329695 1814248985 840
1858796103 15339982 1915
92701521 1948213075 1775
1430911611 1863470311 2994
778949504 1525877525 1421
1839015785 1858796103 924
1686166241 26538812 2162
15339982 1074277192 1603
1858796103 419329695 168
1586421188 1765816556 534
1548265900 1228878954 1157
733153243 1548265900 1712
884579002 14349688 2980
201442653 36202073 3
201442653 168006964 2595
1500807238 1948213075 16
826377972 15339982 197
36202073 1686166241 1138
140843506 1500807238 245
972445638 198336739 1858
1560452432 1975677837 1846
321631853 1948213075 2370
92701521 1586421188 682
972445638 778949504 2343
140843506 1765816556 792
1593769691 1942119525 1969
1852155960 1560452432 2437
201442653 1085005364 455
432769121 1228878954 896
1560452432 1765816556 991
969360299 1863470311 938
884579002 1975677837 295
1100345346 1686166241 129
1211884765 419329695 266
26538812 1560452432 1271
140843506 1211884765 1835
1814248985 419329695 2608
1852155960 1942119525 206
26538812 1854173204 1238
26538812 826377972 497
1854173204 1593769691 1428
1863470311 797554488 2379
1826557789 980392156 2577
1522789831 1765816556 211
14349688 1948213075 2362
797554488 26538812 1971
1500807238 733153243 2041
432769121 1839015785 2690
1814248985 1852155960 232
1500807238 432769121 815
969360299 1074277192 1296
36202073 1826557789 1638
1085005364 15339982 2306
87838455 87838455 2914
791877482 1500807238 1797
110571127 198336739 2261
1522789831 14349688 466
733153243 733153243 2663
419329695 1863470311 325
1290286159 432769121 3070
1430911611 1686166241 637
419329695 1942119525 1907
432769121 1593769691 151
1586421188 980392156 2025
733153243 1854173204 2554
1100345346 198336739 1772
969360299 14349688 326
1814248985 1586421188 620
1548265900 432769121 2968
168006964 110571127 2167
1211884765 432769121 2288
1827268238 1211884765 1357
87838455 419329695 2644
92701521 733153243 1766
1586421188 733153243 278
1211884765 14349688 473
432769121 140843506 2556
1593769691 432769121 1955
36202073 1863470311 2571
972445638 1085005364 1543
826377972 791877482 1358
1686166241 1290286159 2997
14349688 791877482 562
1211884765 1290286159 438
972445638 884579002 1744
1190377993 733153243 2930
980392156 1826557789 316
15339982 87838455 1752
1211884765 140843506 1868
1686166241 26538812 636
419329695 1522789831 1922
87838455 87838455 2274
1586421188 26538812 1179
778949504 1100345346 1407
1826557789 1854173204 1218
1942119525 140843506 1557
1686166241 1560452432 1380
1686166241 321631853 1349
1430911611 1211884765 2996
1814248985 1765816556 848
321631853 36202073 2107
1765816556 201442653 337
969360299 1839015785 1210
1430911611 1100345346 1526
419329695 1586421188 1372
1211884765 1190377993 2587
1827268238 733153243 3063
92701521 201442653 1016
1560452432 733153243 205
1814248985 201442653 2559
1548265900 1852155960 2416
1560452432 321631853 2840
733153243 980392156 363
1190377993 1548265900 1001
1100345346 1852155960 2652
972445638 1854173204 3021
1593769691 797554488 3007
1826557789 1686166241 1255
1211884765 14349688 512
1430911611 26538812 2739
1858796103 1827268238 248
1593769691 92701521 869
884579002 1975677837 374
26538812 1948213075 136
1854173204 1765816556 1548
87838455 1827268238 2911
15339982 1593769691 2888
884579002 826377972 487
1686166241 1560452432 2146
419329695 1942119525 2698
733153243 969360299 1496
826377972 1826557789 929
791877482 140843506 2238
972445638 1814248985 2488
432769121 1839015785 576
980392156 778949504 1753
1211884765 1074277192 1144
1765816556 1522789831 281
1190377993 1827268238 2246
969360299 884579002 2308
1586421188 1942119525 1989
168006964 1814248985 327
1827268238 1863470311 2266
980392156 791877482 626
87838455 1593769691 353
26538812 1548265900 1762
1975677837 419329695 2054
168006964 884579002 2221
972445638 432769121 462
1560452432 1211884765 789
1814248985 1686166241 1550
884579002 14349688 2791
110571127 797554488 2402
321631853 1228878954 1556
1525877525 1826557789 748
1942119525 1586421188 612
1826557789 140843506 2653
1765816556 778949504 2453
1863470311 26538812 1288
884579002 1942119525 216
15339982 884579002 888
419329695 1525877525 1293
797554488 1948213075 1099
1190377993 1548265900 1259
198336739 1863470311 1631
26538812 432769121 786
1814248985 1228878954 998
1586421188 1525877525 1908
791877482 1686166241 177
884579002 1586421188 96
321631853 1827268238 2611
1814248985 1548265900 408
140843506 1500807238 2067
432769121 140843506 2484
972445638 826377972 1166
110571127 1839015785 1418
1852155960 972445638 2836
198336739 1826557789 1143
1975677837 92701521 1445
778949504 198336739 1721
1975677837 1100345346 1265
1814248985 1228878954 2205
1100345346 1430911611 2432
1863470311 419329695 1498
733153243 1290286159 289
797554488 1522789831 2297
969360299 1074277192 1285
1100345346 15339982 753
826377972 1858796103 2982
198336739 1100345346 1584
432769121 14349688 870
36202073 92701521 554
1228878954 1942119525 2007
92701521 36202073 1565
1190377993 884579002 652
140843506 1863470311 107
1948213075 87838455 2711
791877482 1548265900 1056
14349688 201442653 2310
826377972 778949504 1619
1548265900 1839015785 79
884579002 1593769691 3059
797554488 1975677837 2637
1500807238 432769121 2099
15339982 1863470311 131
884579002 972445638 1828
92701521 1826557789 1469
980392156 1548265900 1321
168006964 140843506 1323
168006964 321631853 1992
1085005364 419329695 312
140843506 1852155960 2247
1500807238 1948213075 1987
1686166241 1522789831 3005
36202073 791877482 2684
198336739 972445638 318
1854173204 826377972 416
201442653 1074277192 2455
140843506 1074277192 33
797554488 1863470311 367
1854173204 1430911611 2576
1827268238 1854173204 2255
26538812 1942119525 1513
168006964 1560452432 1826
733153243 1852155960 627
1852155960 1525877525 2506
1500807238 1100345346 600
14349688 972445638 609
1430911611 972445638 1361
1858796103 1854173204 1572
1852155960 1858796103 1171
791877482 1525877525 1812
884579002 1085005364 1183
1522789831 1228878954 1384
36202073 140843506 2953
1211884765 1522789831 1249
1548265900 14349688 1651
1430911611 969360299 2827
15339982 1548265900 2264
1228878954 969360299 2047
140843506 1948213075 2803
140843506 1085005364 2708
1586421188 1593769691 756
1211884765 36202073 2378
140843506 1548265900 1639
1430911611 1863470311 138
1290286159 1228878954 475
1765816556 168006964 1593
1863470311 198336739 876
1290286159 1852155960 2761
1858796103 1100345346 2327
1852155960 1525877525 1438
1852155960 1228878954 830
1948213075 980392156 2321
26538812 1975677837 1732
1190377993 1525877525 1946
1827268238 419329695 1842
110571127 1290286159 62
36202073 1430911611 2700
201442653 733153243 2954
1500807238 1430911611 520
1839015785 110571127 1298
1430911611 1839015785 1088
36202073 1863470311 506
26538812 1586421188 2566
1560452432 92701521 691
1228878954 1826557789 618
1525877525 1686166241 1947
1686166241 15339982 541
15339982 969360299 2078
1942119525 26538812 272
201442653 1228878954 2230
140843506 1686166241 1671
826377972 884579002 2626
1290286159 1085005364 2885
1975677837 1190377993 453
140843506 1085005364 2399
1290286159 1858796103 287
980392156 1686166241 2332
419329695 1827268238 1411
1525877525 1852155960 150
1942119525 1100345346 2
1548265900 1074277192 3057
826377972 1430911611 2525
1586421188 980392156 2503
1500807238 168006964 1320
1593769691 972445638 988
1854173204 1854173204 2841
26538812 1560452432 567
797554488 1211884765 2347
198336739 110571127 84
1863470311 87838455 1115
36202073 826377972 2936
1839015785 1228878954 2461
733153243 791877482 2302
1942119525 826377972 673
733153243 1852155960 2233
140843506 778949504 1777
92701521 432769121 2434
419329695 980392156 757
972445638 15339982 2895
1522789831 969360299 3049
969360299 733153243 68
140843506 1100345346 1803
884579002 198336739 965
26538812 26538812 407
1948213075 797554488 985
110571127 1211884765 1280
1085005364 1814248985 2634
1100345346 980392156 2199
1228878954 1854173204 1686
1593769691 1211884765 1329
92701521 198336739 310
201442653 1525877525 3048
26538812 110571127 2429
969360299 1593769691 2806
432769121 419329695 788
14349688 1814248985 479
168006964 1085005364 2194
15339982 1522789831 1038
1228878954 1560452432 2548
1686166241 1852155960 3060
1290286159 1548265900 508
1290286159 1500807238 1838
36202073 778949504 2984
778949504 778949504 1119
1863470311 1839015785 2026
432769121 884579002 1928
1525877525 168006964 844
1827268238 1100345346 2338
1858796103 1522789831 2990
1290286159 432769121 430
168006964 1290286159 3025
1593769691 1290286159 724
1948213075 1085005364 2729
1190377993 797554488 1893
168006964 1074277192 2103
791877482 419329695 1614
1211884765 1190377993 1628
791877482 972445638 2989
884579002 1593769691 429
201442653 1525877525 1649
884579002 791877482 2667
1290286159 1586421188 1165
140843506 1826557789 1227
778949504 1686166241 3047
1085005364 1765816556 2918
1560452432 1852155960 1996
1942119525 1560452432 2851
201442653 1814248985 1449
1211884765 198336739 2876
15339982 1560452432 2779
1854173204 969360299 559
1586421188 1765816556 1346
1686166241 1522789831 2795
778949504 1430911611 2258
1858796103 419329695 1394
14349688 1548265900 1485
733153243 1430911611 294
1548265900 1593769691 780
1430911611 1765816556 10
1975677837 1560452432 2849
1560452432 1100345346 1416
1190377993 1560452432 659
969360299 1593769691 1774
797554488 778949504 1368
1525877525 972445638 922
1854173204 1593769691 631
1814248985 1686166241 417
1942119525 797554488 2783
797554488 1948213075 1899
1948213075 168006964 158
1525877525 1211884765 2313
1190377993 1839015785 1945
1863470311 140843506 190
87838455 1522789831 2469
1085005364 1211884765 719
1211884765 1290286159 1798
36202073 1814248985 467
969360299 1500807238 1337
1228878954 1190377993 2155
1085005364 14349688 806
797554488 168006964 1219
168006964 884579002 1198
1863470311 1190377993 347
26538812 1085005364 1819
1525877525 1074277192 1942
1500807238 92701521 968
797554488 419329695 1863
36202073 1211884765 1245
1858796103 1839015785 1225
201442653 1942119525 2303
87838455 884579002 2214
26538812 87838455 384
15339982 140843506 2686
1290286159 733153243 2389
791877482 1190377993 269
1826557789 1863470311 2843
1100345346 14349688 2504
1586421188 26538812 2493
1100345346 419329695 1221
1548265900 1290286159 1770
733153243 1522789831 925
87838455 1975677837 2224
1522789831 733153243 723
1290286159 1074277192 1008
972445638 1593769691 505
140843506 1548265900 1401
1430911611 110571127 999
1854173204 1228878954 1612
1814248985 1826557789 340
826377972 1548265900 2764
1228878954 972445638 590
1765816556 321631853 1742
201442653 1686166241 1537
1765816556 1765816556 1158
1765816556 1500807238 1960
1765816556 140843506 1181
1228878954 1839015785 100
1190377993 1211884765 1435
1074277192 1942119525 449
778949504 87838455 1049
1228878954 1074277192 2591
1290286159 1525877525 1620
15339982 87838455 2944
884579002 1586421188 1391
1228878954 110571127 1266
140843506 1085005364 1699
1948213075 1854173204 2892
1593769691 1765816556 936
92701521 733153243 60
1100345346 1827268238 592
1190377993 1858796103 2672
110571127 826377972 2782
1686166241 1839015785 114
1522789831 1586421188 1716
778949504 1826557789 1622
1500807238 110571127 2521
1839015785 1858796103 981
1074277192 1686166241 2629
92701521 1863470311 1338
168006964 201442653 604
778949504 14349688 513
198336739 884579002 1393
26538812 1827268238 755
1839015785 15339982 427
1942119525 198336739 2197
1863470311 1190377993 2522
1948213075 1826557789 1373
1593769691 1839015785 2022
1686166241 1074277192 1580
778949504 884579002 540
321631853 791877482 1021
1290286159 733153243 1090
1942119525 1839015785 2732
1074277192 140843506 2330
778949504 110571127 480
778949504 1586421188 1920
1586421188 168006964 996
969360299 1765816556 2939
1839015785 1500807238 574
1858796103 1839015785 2388
1948213075 1560452432 2160
1500807238 733153243 37
92701521 791877482 1509
1100345346 1863470311 222
1765816556 14349688 159
1826557789 1228878954 568
972445638 1839015785 763
14349688 419329695 2858
92701521 1548265900 570
1211884765 1852155960 2560
321631853 168006964 1460
419329695 1854173204 954
1074277192 1948213075 1642
972445638 14349688 1230
791877482 791877482 671
1858796103 1228878954 1643
826377972 36202073 2799
1211884765 198336739 529
1586421188 201442653 2209
1525877525 1839015785 1646
110571127 201442653 2136
1826557789 1586421188 1629
969360299 1765816556 2574
1211884765 1228878954 2368
201442653 1085005364 1582
87838455 1827268238 1791
1686166241 14349688 450
1827268238 1548265900 630
778949504 1228878954 2902
1827268238 1942119525 1262
1827268238 1827268238 346
1074277192 26538812 1602
778949504 1975677837 606
1827268238 432769121 2570
1290286159 733153243 1233
980392156 1560452432 3040
1228878954 1522789831 1208
419329695 1858796103 2112
1942119525 1826557789 1244
1548265900 1500807238 666
1839015785 432769121 1949
36202073 1430911611 1525
87838455 884579002 2020
1190377993 1686166241 1241
1839015785 1228878954 2361
1686166241 36202073 1902
168006964 87838455 2766
201442653 826377972 1608
1211884765 969360299 17
1290286159 26538812 204
432769121 110571127 1319
14349688 884579002 2250
15339982 1686166241 2759
1085005364 26538812 536
201442653 321631853 499
1975677837 1942119525 1941
1430911611 778949504 1493
884579002 419329695 2169
1593769691 1500807238 299
969360299 791877482 1377
1814248985 168006964 1689
1863470311 1948213075 1532
92701521 432769121 2839
1858796103 110571127 1154
1814248985 198336739 1657
1814248985 198336739 1425
733153243 1942119525 2062
884579002 168006964 2304
969360299 140843506 845
1854173204 1839015785 157
778949504 1525877525 2861
1593769691 15339982 330
168006964 778949504 1251
321631853 1525877525 1080
733153243 201442653 1795
797554488 14349688 1507
884579002 1085005364 766
1942119525 1522789831 3014
826377972 140843506 587
321631853 778949504 1799
1827268238 1430911611 2446
1863470311 168006964 1396
1852155960 980392156 203
1975677837 1560452432 2267
1228878954 1948213075 2364
1500807238 110571127 622
1586421188 1975677837 3003
87838455 15339982 135
1948213075 110571127 2151
1525877525 15339982 2315
1839015785 980392156 1515
15339982 14349688 2765
140843506 1863470311 2333
1548265900 1826557789 1676
969360299 1548265900 1767
1839015785 1500807238 1756
432769121 1814248985 1680
92701521 1686166241 720
321631853 778949504 1637
419329695 140843506 1751
168006964 198336739 187
419329695 87838455 116
432769121 1852155960 2601
1074277192 1190377993 207
1827268238 1975677837 1919
1827268238 26538812 1906
419329695 797554488 1437
1560452432 1765816556 1318
1765816556 1852155960 2985
1525877525 15339982 898
1290286159 980392156 1190
969360299 797554488 2130
1942119525 1074277192 577
1942119525 972445638 1566
1190377993 969360299 361
432769121 1430911611 2448
168006964 778949504 451
972445638 140843506 3024
1430911611 87838455 867
1975677837 733153243 668
1500807238 36202073 228
1522789831 201442653 1641
1827268238 1522789831 947
1085005364 972445638 1870
14349688 168006964 88
884579002 791877482 477
1522789831 1593769691 1771
826377972 168006964 835
26538812 1948213075 43
969360299 969360299 1068
1228878954 980392156 680
110571127 1854173204 912
1826557789 1854173204 1851
969360299 419329695 2508
1211884765 1290286159 2123
201442653 1525877525 904
92701521 1827268238 2926
1814248985 419329695 1072
1100345346 1858796103 2257
1500807238 980392156 2039
1948213075 791877482 2738
1211884765 972445638 64
1826557789 1500807238 2353
1948213075 791877482 2335
1863470311 1228878954 884
778949504 110571127 121
110571127 1290286159 163
1975677837 1852155960 2293
1228878954 1560452432 3064
15339982 26538812 2627
778949504 26538812 1980
1942119525 1839015785 1234
110571127 1942119525 1422
1430911611 1765816556 1254
321631853 1942119525 1482
1942119525 36202073 785
432769121 87838455 235
1586421188 980392156 2893
797554488 1852155960 2740
1854173204 1827268238 1410
15339982 168006964 602
797554488 1826557789 2363
778949504 1525877525 2715
778949504 733153243 3004
1074277192 15339982 2762
1430911611 110571127 1175
1228878954 36202073 2639
1863470311 1430911611 368
321631853 826377972 1199
140843506 1500807238 1327
1863470311 778949504 670
198336739 1863470311 696
1942119525 980392156 9
1863470311 1525877525 1465
1827268238 1548265900 1979
1814248985 432769121 528
1228878954 733153243 1916
201442653 884579002 1037
92701521 1522789831 571
1085005364 1211884765 1023
14349688 1500807238 1420
791877482 1085005364 2905
884579002 1211884765 1567
1500807238 1290286159 1089
1863470311 432769121 1064
1686166241 36202073 2760
1548265900 92701521 1451
791877482 1593769691 1317
884579002 1100345346 32
92701521 1863470311 595
1765816556 110571127 2886
419329695 1854173204 1974
733153243 1863470311 854
1827268238 1548265900 47
432769121 1593769691 1970
140843506 201442653 2633
1839015785 1430911611 2816
1975677837 432769121 2024
140843506 1100345346 2196
884579002 201442653 2177
1548265900 791877482 1360
1190377993 1826557789 1978
87838455 87838455 527
1586421188 1593769691 1126
1839015785 36202073 1043
1074277192 1548265900 36
1814248985 87838455 1456
36202073 1085005364 28
733153243 14349688 2383
980392156 26538812 2336
1211884765 1839015785 2747
1190377993 1190377993 729
1814248985 26538812 237
1525877525 201442653 2284
1975677837 198336739 3050
1074277192 198336739 1343
1522789831 14349688 1784
733153243 140843506 2394
1586421188 1948213075 2868
1522789831 14349688 1728
140843506 1211884765 1531
419329695 1863470311 1125
1863470311 1100345346 1468
1854173204 15339982 254
168006964 1765816556 1306
168006964 972445638 1457
1593769691 778949504 956
419329695 1858796103 2178
1942119525 1190377993 2407
1839015785 1430911611 341
1211884765 1852155960 2964
1948213075 1593769691 2958
321631853 1948213075 56
1854173204 1525877525 578
87838455 826377972 2527
1839015785 1942119525 2808
110571127 791877482 2863
1975677837 791877482 1847
791877482 15339982 1304
826377972 1854173204 667
168006964 1560452432 1656
1074277192 1190377993 2295
1827268238 1560452432 1648
26538812 1500807238 1356
1074277192 419329695 1855
432769121 1074277192 1070
1211884765 797554488 1961
1948213075 26538812 2786
201442653 1085005364 2971
884579002 1586421188 2292
1839015785 110571127 1837
1500807238 321631853 810
36202073 26538812 20
733153243 1975677837 1544
201442653 1858796103 703
1827268238 26538812 1330
972445638 92701521 1553
1975677837 1686166241 2837
1852155960 1586421188 288
168006964 36202073 3054
1085005364 1863470311 1679
1085005364 1548265900 1675
1839015785 1430911611 441
791877482 1548265900 354
791877482 797554488 1278
432769121 1765816556 644
1942119525 1593769691 2173
1765816556 1430911611 44
1863470311 972445638 2561
884579002 1548265900 2514
1560452432 972445638 1575
1852155960 1765816556 1161
1430911611 1814248985 2952
92701521 432769121 3020
201442653 797554488 1433
36202073 972445638 2051
1548265900 432769121 2463
1827268238 826377972 2931
432769121 1290286159 209
980392156 1765816556 2477
1586421188 198336739 2881
1593769691 110571127 599
432769121 1211884765 759
110571127 1814248985 1681
1500807238 1863470311 1674
432769121 778949504 820
1586421188 1852155960 2064
140843506 1211884765 1880
110571127 1948213075 454
1100345346 1827268238 2408
1560452432 1560452432 977
1852155960 1948213075 2590
1522789831 1548265900 389
87838455 201442653 1702
1858796103 797554488 2436
110571127 980392156 2681
1522789831 201442653 2300
733153243 1858796103 1670
1858796103 1686166241 2665
168006964 1290286159 1434
201442653 1290286159 2305
1765816556 110571127 2946
1863470311 1839015785 3052
1100345346 1827268238 781
969360299 797554488 1730
1975677837 1975677837 2445
972445638 1190377993 2490
1522789831 321631853 112
1686166241 92701521 1551
92701521 778949504 8
778949504 1839015785 1281
1839015785 778949504 897
1852155960 321631853 717
1814248985 198336739 2269
92701521 36202073 702
791877482 321631853 173
980392156 797554488 517
1852155960 1852155960 2695
140843506 1854173204 2742
1826557789 1942119525 1613
1975677837 1525877525 679
972445638 797554488 656
1765816556 826377972 650
36202073 791877482 2403
1430911611 1593769691 1708
1228878954 778949504 2350
1852155960 884579002 583
1814248985 1948213075 1284
1839015785 791877482 2032
778949504 140843506 1004
733153243 1858796103 887
1814248985 826377972 731
1863470311 15339982 1462
87838455 201442653 1660
1190377993 419329695 743
1858796103 972445638 3053
1560452432 1430911611 167
1826557789 1593769691 639
1211884765 1100345346 581
1839015785 321631853 2859
432769121 198336739 1028
733153243 969360299 1211
14349688 980392156 2948
972445638 1100345346 46
36202073 110571127 2296
1525877525 1560452432 2573
15339982 1430911611 1036
1765816556 1975677837 2867
1839015785 1525877525 580
1522789831 1190377993 14
1975677837 980392156 1931
140843506 1211884765 1409
1826557789 110571127 1741
1826557789 1190377993 754
1858796103 1948213075 2216
1522789831 1826557789 2757
1593769691 1548265900 27
791877482 1522789831 1800
140843506 1858796103 90
36202073 1854173204 704
791877482 1586421188 793
36202073 1686166241 2903
419329695 1948213075 2385
110571127 778949504 140
92701521 797554488 105
1863470311 969360299 681
1085005364 419329695 1289
198336739 87838455 19
1586421188 1858796103 575
1863470311 1827268238 2804
969360299 1525877525 1153
1100345346 1190377993 1133
87838455 15339982 901
1430911611 168006964 2756
321631853 432769121 2537
432769121 969360299 2079
778949504 884579002 1514
15339982 201442653 596
1522789831 733153243 2986
36202073 201442653 1861
1586421188 884579002 1415
1858796103 797554488 1489
1593769691 168006964 2703
1586421188 1548265900 2821
1593769691 980392156 1250
15339982 1814248985 1232
969360299 1858796103 322
321631853 1948213075 2744
1525877525 1854173204 2175
26538812 1290286159 1848
1190377993 778949504 54
1500807238 1827268238 99
826377972 1686166241 2222
1854173204 733153243 1965
1430911611 1854173204 2787
1854173204 1500807238 2829
15339982 733153243 309
791877482 1765816556 319
1814248985 201442653 188
1975677837 140843506 1307
1211884765 1522789831 1754
1854173204 826377972 2645
1074277192 1854173204 1967
1100345346 884579002 2048
1290286159 1863470311 1432
972445638 1586421188 2089
1942119525 1500807238 2118
419329695 14349688 2417
140843506 1522789831 855
1525877525 419329695 2120
969360299 733153243 1046
826377972 826377972 1504
36202073 884579002 115
826377972 1548265900 662
321631853 980392156 6
419329695 797554488 569
1290286159 797554488 2768
1826557789 1593769691 1678
1211884765 110571127 219
321631853 733153243 1212
15339982 15339982 1142
1593769691 733153243 1050
1560452432 198336739 698
1228878954 969360299 445
884579002 36202073 2360
1686166241 1942119525 485
140843506 1827268238 2265
432769121 87838455 2485
1560452432 1100345346 459
1586421188 1430911611 1169
972445638 826377972 2602
980392156 140843506 1381
980392156 1560452432 726
198336739 1852155960 1387
15339982 14349688 856
1228878954 140843506 2526
791877482 1827268238 2920
791877482 1190377993 537
1858796103 1190377993 2801
1190377993 198336739 124
1975677837 36202073 1750
1085005364 432769121 1217
140843506 1686166241 573
1560452432 1548265900 2285
1839015785 980392156 2183
1548265900 14349688 2833
1586421188 884579002 2331
26538812 1827268238 648
1814248985 1522789831 331
1852155960 1211884765 2897
1826557789 201442653 1951
168006964 1560452432 1193
1228878954 168006964 156
419329695 1948213075 940
201442653 140843506 2685
1826557789 778949504 495
1686166241 1852155960 267
321631853 14349688 2648
1500807238 1290286159 2687
87838455 1525877525 1187
168006964 419329695 1359
419329695 1942119525 2624
1814248985 140843506 231
1211884765 14349688 1630
110571127 110571127 142
1826557789 1586421188 2763
201442653 1525877525 1740
1827268238 1500807238 1122
1593769691 87838455 1568
1100345346 1548265900 1925
1430911611 140843506 2050
1593769691 826377972 1519
778949504 198336739 1687
1858796103 1975677837 2309
972445638 1814248985 2709
1814248985 87838455 2616
1863470311 1814248985 1076
1942119525 733153243 530
1522789831 1839015785 686
1854173204 884579002 474
1975677837 15339982 911
1975677837 110571127 809
1839015785 110571127 431
1863470311 1500807238 369
1525877525 1854173204 2722
1827268238 87838455 932
1190377993 1525877525 1806
1826557789 1863470311 1850
1522789831 92701521 1083
980392156 140843506 250
1100345346 110571127 2877
884579002 1190377993 1344
432769121 733153243 1400
1948213075 1074277192 872
36202073 826377972 1209
969360299 1228878954 2817
980392156 1765816556 2245
36202073 797554488 1243
1948213075 797554488 891
26538812 1430911611 1109
1942119525 1814248985 2846
1827268238 1765816556 974
1074277192 1586421188 166
201442653 1228878954 1993
1430911611 1522789831 77
1100345346 1548265900 1376
1942119525 1765816556 1185
972445638 419329695 2355
980392156 1854173204 348
1814248985 110571127 49
1548265900 884579002 843
1858796103 1560452432 1365
1975677837 791877482 262
1863470311 969360299 2163
110571127 1522789831 371
1085005364 1586421188 2015
36202073 1852155960 1453
1827268238 1525877525 1383
419329695 1826557789 1272
201442653 1586421188 1502
1586421188 15339982 217
26538812 1826557789 1350
733153243 969360299 962
1085005364 321631853 1315
92701521 1290286159 1821
733153243 791877482 1189
1085005364 419329695 458
1085005364 1814248985 951
1839015785 797554488 2190
1228878954 1560452432 2045
797554488 1190377993 3066
201442653 201442653 376
1765816556 1430911611 2562
1290286159 1548265900 3044
168006964 1228878954 1413
201442653 1228878954 1924
1826557789 1854173204 2186
1765816556 168006964 1030
1525877525 791877482 1867
15339982 1522789831 1841
1826557789 1593769691 772
87838455 778949504 1207
797554488 1593769691 2018
1814248985 1074277192 1854
1826557789 14349688 2411
1863470311 26538812 1170
1854173204 168006964 1817
1211884765 1827268238 2567
92701521 321631853 2405
1228878954 1085005364 494
1586421188 791877482 1661
1765816556 1826557789 2693
1500807238 1593769691 1478
1548265900 778949504 765
419329695 26538812 3062
733153243 1852155960 191
419329695 1852155960 2240
36202073 1686166241 1205
972445638 1522789831 2579
826377972 1290286159 2043
1522789831 1593769691 2622
1500807238 140843506 943
1942119525 198336739 739
826377972 419329695 2780
1190377993 36202073 2395
797554488 198336739 2073
884579002 980392156 1114
1522789831 1525877525 1213
1100345346 884579002 2228
1290286159 1228878954 1923
1228878954 1085005364 2132
791877482 92701521 923
1211884765 1854173204 1957
1765816556 92701521 2734
884579002 201442653 11
201442653 14349688 1633
1854173204 419329695 301
1560452432 1765816556 66
36202073 1548265900 1569
1686166241 1827268238 1748
1190377993 1074277192 1062
110571127 26538812 2610
1100345346 432769121 2367
826377972 1839015785 2792
432769121 168006964 556
140843506 1085005364 3072
110571127 1100345346 2129
1948213075 884579002 1370
1548265900 1190377993 918
1211884765 1430911611 601
1290286159 826377972 2872
826377972 26538812 1341
1948213075 1765816556 2924
778949504 1948213075 230
432769121 1852155960 3067
419329695 1190377993 329
884579002 733153243 1369
1522789831 791877482 87
1560452432 1074277192 2087
1948213075 1500807238 2384
419329695 1430911611 2012
1586421188 1074277192 2423
15339982 980392156 1966
1827268238 1525877525 2811
198336739 1854173204 1374
1942119525 110571127 2675
1525877525 14349688 813
980392156 15339982 1325
15339982 1686166241 1765
1593769691 1814248985 935
980392156 87838455 1052
778949504 1586421188 890
1074277192 1085005364 2298
1858796103 1765816556 1516
1228878954 884579002 387
1100345346 1522789831 2172
884579002 1826557789 2044
1586421188 1430911611 2713
1593769691 733153243 617
1975677837 1839015785 1140
1190377993 1548265900 1903
15339982 1942119525 29
110571127 1863470311 1417
87838455 884579002 320
1942119525 884579002 2771
826377972 1522789831 2458
26538812 778949504 910
1942119525 432769121 1831
1858796103 797554488 1918
92701521 432769121 1910
87838455 1211884765 2381
1765816556 110571127 531
321631853 1942119525 841
1085005364 1852155960 359
14349688 1814248985 1877
1190377993 797554488 914
980392156 1560452432 1802
1085005364 1430911611 2201
1975677837 14349688 399
1863470311 1839015785 284
1290286159 1827268238 311
1430911611 733153243 1477
1548265900 201442653 436
15339982 87838455 1814
36202073 1814248985 2058
201442653 168006964 1811
1852155960 1942119525 2752
1593769691 1839015785 1452
201442653 1522789831 2551
1586421188 432769121 1040
201442653 1085005364 356
1942119525 110571127 1353
1586421188 1814248985 1547
797554488 1211884765 1527
15339982 797554488 1395
1593769691 733153243 623
1765816556 1854173204 1940
87838455 791877482 774
1942119525 1826557789 1540
778949504 797554488 2865
198336739 168006964 1059
432769121 1686166241 2520
26538812 797554488 2723
1548265900 168006964 811
1190377993 1948213075 2887
1863470311 1863470311 3001
1942119525 733153243 2481
972445638 969360299 3039
1085005364 321631853 588
1839015785 1827268238 706
1975677837 1211884765 3075
1948213075 419329695 2572
1211884765 1839015785 251
1863470311 1586421188 2646
1560452432 168006964 1117
972445638 1826557789 1977
1586421188 1827268238 2557
884579002 1686166241 1881
1826557789 778949504 1581
1593769691 1814248985 308
1826557789 92701521 2604
15339982 321631853 779
1100345346 826377972 2283
1211884765 110571127 1520
797554488 1586421188 836
321631853 1839015785 1371
1593769691 1858796103 1998
26538812 797554488 1559
1525877525 1827268238 1202
1765816556 15339982 1002
1593769691 826377972 2531
1827268238 778949504 227
92701521 321631853 286
969360299 1863470311 3023
1085005364 1525877525 787
1852155960 1863470311 383
110571127 1525877525 839
168006964 198336739 118
419329695 980392156 909
1827268238 1522789831 2066
92701521 1765816556 2500
15339982 1827268238 863
1190377993 201442653 2956
826377972 1500807238 538
36202073 1593769691 1186
1826557789 1100345346 749
1686166241 980392156 2543
778949504 1852155960 2580
1686166241 321631853 102
1548265900 791877482 1694
1839015785 1814248985 1270
321631853 1074277192 2586
1228878954 1525877525 145
980392156 1525877525 78
1827268238 1686166241 395
201442653 1430911611 463
1548265900 1686166241 503
1430911611 1826557789 2937
969360299 15339982 2153
92701521 797554488 1887
733153243 198336739 2464
1430911611 26538812 2794
1975677837 1228878954 148
1826557789 1827268238 31
826377972 1560452432 2793
87838455 26538812 2540
884579002 87838455 2133
1290286159 797554488 2142
110571127 26538812 1693
1948213075 110571127 141
1839015785 826377972 1729
1948213075 1228878954 2906
92701521 1942119525 712
1548265900 1942119525 1203
87838455 1827268238 1579
1500807238 1085005364 290
1765816556 168006964 669
1975677837 1290286159 2707
1839015785 198336739 113
797554488 1525877525 229
969360299 1100345346 800
36202073 1593769691 2838
1854173204 1100345346 2961
1975677837 797554488 1176
1852155960 972445638 2329
1290286159 778949504 768
1593769691 1085005364 1888
110571127 1548265900 2021
1190377993 1522789831 654
1548265900 419329695 2101
1852155960 797554488 2282
980392156 1942119525 2259
1942119525 1686166241 2697
733153243 15339982 144
201442653 791877482 564
733153243 1765816556 2983
1560452432 1228878954 443
972445638 14349688 2232
198336739 1826557789 2993
980392156 791877482 1615
1858796103 1827268238 1105
826377972 419329695 561
14349688 432769121 641
1211884765 1548265900 263
1522789831 36202073 621
92701521 791877482 2815
1190377993 321631853 76
26538812 980392156 1937
1074277192 26538812 899
1948213075 432769121 1454
1839015785 1500807238 970
972445638 1854173204 2529
419329695 1290286159 255
1863470311 14349688 1736
1826557789 1858796103 1178
1190377993 1854173204 1914
15339982 797554488 1871
1586421188 1827268238 697
1500807238 26538812 2512
87838455 1814248985 457
1085005364 1211884765 1134
1290286159 1858796103 519
1228878954 1814248985 339
1560452432 15339982 2182
36202073 1593769691 2424
1765816556 778949504 689
969360299 969360299 860
1942119525 1826557789 1563
110571127 432769121 421
1593769691 14349688 1026
884579002 1430911611 2017
1525877525 36202073 21
1593769691 1560452432 966
321631853 1560452432 2307
826377972 1500807238 777
36202073 1500807238 1069
110571127 1560452432 2126
1948213075 797554488 460
1852155960 1430911611 879
36202073 826377972 2254
826377972 778949504 2585
198336739 1586421188 1773
980392156 1560452432 196
1074277192 1228878954 533
733153243 26538812 1242
321631853 140843506 1739
1586421188 87838455 1698
140843506 140843506 2647
1500807238 1522789831 2154
778949504 797554488 1535
1430911611 419329695 2036
1586421188 419329695 1003
884579002 1548265900 2553
1211884765 1975677837 1976
36202073 1100345346 1853
1826557789 1858796103 1586
1085005364 826377972 1247
419329695 1211884765 516
1525877525 36202073 1975
1814248985 791877482 2701
201442653 1548265900 2349
1852155960 1085005364 2677
110571127 1211884765 2346
1686166241 1430911611 791
826377972 87838455 1403
1100345346 972445638 735
168006964 1290286159 1067
419329695 1593769691 2420
1852155960 140843506 1573
1522789831 1827268238 802
1839015785 419329695 2640
1525877525 791877482 1725
87838455 969360299 93
1942119525 1593769691 688
110571127 778949504 2262
1854173204 1074277192 2705
87838455 1290286159 1840
1085005364 168006964 2218
1942119525 1975677837 2157
1975677837 201442653 2850
321631853 201442653 117
972445638 198336739 1195
1854173204 1814248985 2824
1430911611 1586421188 1749
1100345346 972445638 773
419329695 1586421188 2393
1586421188 1100345346 2375
1863470311 432769121 2496
321631853 778949504 3046
26538812 1500807238 12
1500807238 1975677837 1258
1826557789 1839015785 949
884579002 168006964 1311
884579002 1686166241 764
1948213075 1500807238 2617
1765816556 26538812 1768
797554488 1560452432 737
87838455 168006964 846
201442653 321631853 1292
778949504 15339982 2323
1814248985 1863470311 861
87838455 1525877525 655
198336739 778949504 410
1593769691 1190377993 1667
321631853 980392156 83
884579002 26538812 2052
1074277192 980392156 61
92701521 969360299 252
980392156 1826557789 2289
1548265900 1211884765 22
1548265900 321631853 2198
797554488 791877482 2654
826377972 1593769691 767
797554488 969360299 2376
1863470311 1500807238 1794
201442653 1228878954 1779
1548265900 36202073 1735
1100345346 778949504 1889
791877482 1100345346 1909
1827268238 321631853 769
791877482 1290286159 1986
201442653 1948213075 1443
972445638 1839015785 850
1525877525 1863470311 1669
1548265900 1765816556 1832
168006964 778949504 2753
797554488 1854173204 440
201442653 1430911611 185
14349688 198336739 858
87838455 26538812 91
1430911611 15339982 2239
1852155960 1211884765 276
110571127 110571127 2657
1290286159 1190377993 174
980392156 1854173204 544
1686166241 1586421188 959
797554488 1085005364 238
36202073 1942119525 649
140843506 969360299 1032
1100345346 432769121 822
969360299 1500807238 478
1839015785 1852155960 2001
14349688 1211884765 277
1074277192 1074277192 1466
92701521 1863470311 585
791877482 432769121 1834
1975677837 1839015785 2352
778949504 972445638 1236
972445638 1290286159 51
1548265900 1839015785 2955
1430911611 826377972 1201
1522789831 884579002 1596
36202073 826377972 2864
1500807238 1500807238 973
826377972 1290286159 2842
1074277192 884579002 1204
1586421188 1190377993 2545
1948213075 1074277192 1277
1522789831 432769121 65
168006964 1190377993 2466
1548265900 969360299 2068
1839015785 1814248985 69
1522789831 826377972 34
972445638 972445638 2342
1522789831 26538812 614
778949504 1975677837 2188
87838455 1525877525 2061
1548265900 26538812 1215
1852155960 1948213075 221
1500807238 972445638 1783
201442653 168006964 1824
1852155960 1942119525 2927
198336739 1211884765 2325
1686166241 1686166241 1131
201442653 1826557789 434
1548265900 1686166241 2438
1074277192 26538812 2688
1560452432 791877482 2873
797554488 1854173204 1027
1560452432 1814248985 307
87838455 1525877525 501
1085005364 15339982 3016
92701521 797554488 3034
733153243 87838455 103
1190377993 980392156 1484
1863470311 1560452432 1878
140843506 1975677837 1310
36202073 1586421188 1054
1827268238 1074277192 684
1593769691 972445638 2596
1765816556 1290286159 1290
140843506 1858796103 886
797554488 1765816556 2085
1100345346 1430911611 2502
972445638 1765816556 256
884579002 1975677837 2053
87838455 1975677837 1545
1826557789 1839015785 1048
884579002 1839015785 1367
797554488 1074277192 2237
1430911611 733153243 58
1228878954 1814248985 178
980392156 321631853 1715
26538812 1522789831 2217
797554488 1074277192 2444
140843506 1686166241 1057
1826557789 92701521 1536
87838455 1190377993 2430
1074277192 1942119525 2134
1948213075 1548265900 313
87838455 1548265900 1248
87838455 1290286159 1472
201442653 321631853 1810
1522789831 1686166241 1314
110571127 26538812 2244
826377972 969360299 1352
1548265900 419329695 3073
1975677837 980392156 2530
1290286159 1085005364 1634
87838455 419329695 1962
1525877525 140843506 1604
1586421188 1560452432 1706
1211884765 1211884765 2910
432769121 1948213075 1173
1190377993 1100345346 2498
36202073 969360299 260
1765816556 733153243 1763
1525877525 1593769691 1405
1942119525 321631853 1958
1586421188 1975677837 491
1430911611 201442653 1112
26538812 1827268238 782
972445638 1085005364 2116
1858796103 1827268238 2358
1975677837 15339982 372
201442653 1228878954 334
884579002 432769121 1096
1686166241 1975677837 803
201442653 201442653 1060
1190377993 1858796103 1363
1839015785 1085005364 1864
1863470311 168006964 3027
797554488 1522789831 402
1100345346 1827268238 302
826377972 1525877525 1053
1548265900 168006964 1562
1085005364 1854173204 2144
884579002 1228878954 997
1948213075 733153243 2749
87838455 36202073 2772
1560452432 1858796103 2234
1525877525 168006964 2957
419329695 1852155960 2158
1100345346 1827268238 415
1852155960 26538812 2273
1560452432 1826557789 950
1593769691 1942119525 2599
733153243 1858796103 234
1852155960 1854173204 1129
110571127 168006964 2410
1228878954 980392156 509
1548265900 1500807238 2725
1190377993 92701521 1260
1522789831 1290286159 488
1500807238 969360299 1177
1863470311 1228878954 2969
1593769691 168006964 349
168006964 87838455 2174
432769121 826377972 2119
419329695 1586421188 2176
1100345346 198336739 1492
1839015785 1863470311 2928
14349688 1522789831 1483
198336739 1290286159 2275
1826557789 1085005364 2995
1975677837 1863470311 1927
87838455 1228878954 2260
969360299 1560452432 2450
198336739 791877482 2735
321631853 15339982 2109
168006964 778949504 1901
1852155960 733153243 1968
1525877525 1228878954 2682
36202073 110571127 857
1290286159 1430911611 476
14349688 1948213075 2337
826377972 14349688 1005
733153243 1858796103 1398
1826557789 1852155960 244
1190377993 419329695 1375
1290286159 110571127 572
92701521 826377972 1635
110571127 1839015785 2852
26538812 826377972 1524
1560452432 1814248985 2145
1863470311 321631853 1632
140843506 201442653 2940
15339982 1975677837 2922
321631853 419329695 1894
1074277192 140843506 210
1586421188 1085005364 2680
1228878954 1765816556 1137
1858796103 110571127 2243
884579002 1500807238 1116
980392156 1975677837 751
1100345346 972445638 1755
1211884765 1548265900 1155
168006964 1948213075 2125
1228878954 1948213075 1585
1522789831 168006964 758
778949504 1858796103 1366
1228878954 1975677837 733
884579002 1942119525 2593
321631853 1942119525 1014
1228878954 969360299 382
1863470311 884579002 1714
1522789831 1500807238 2181
972445638 1548265900 2860
1586421188 168006964 1597
1942119525 1854173204 1480
884579002 1211884765 2889
797554488 1211884765 927
1586421188 1074277192 2917
884579002 198336739 1019
778949504 980392156 1950
1593769691 972445638 2179
36202073 36202073 518
972445638 15339982 566
36202073 733153243 2528
1228878954 168006964 1758
1211884765 1100345346 2290
321631853 797554488 1087
1814248985 1593769691 2187
1975677837 969360299 2147
1827268238 110571127 1594
778949504 1074277192 1011
419329695 1290286159 547
797554488 1863470311 351
419329695 826377972 945
1085005364 884579002 2192
15339982 1826557789 223
1948213075 1948213075 1206
791877482 1852155960 279
87838455 1085005364 873
791877482 1522789831 838
1228878954 969360299 1268
1765816556 321631853 2435
140843506 26538812 837
778949504 791877482 849
1948213075 1942119525 2932
1852155960 1525877525 2077
1560452432 797554488 1276
26538812 1211884765 2030
36202073 1814248985 199
1686166241 1942119525 1985
1827268238 1686166241 783
969360299 15339982 2598
1500807238 1765816556 2400
1560452432 1852155960 2668
1560452432 92701521 511
980392156 980392156 926
969360299 1190377993 2855
1500807238 826377972 1672
884579002 201442653 942
110571127 321631853 2356
198336739 1593769691 1081
884579002 1560452432 1530
432769121 14349688 375
1522789831 36202073 2387
1548265900 1863470311 1554
791877482 1074277192 663
1211884765 1852155960 2373
826377972 972445638 2056
733153243 1500807238 1335
1858796103 1854173204 801
1854173204 733153243 1024
1586421188 110571127 2845
1560452432 14349688 1664
1228878954 110571127 2128
87838455 1975677837 2776
1826557789 1586421188 257
1525877525 980392156 675
1686166241 826377972 2614
1765816556 1975677837 1606
972445638 201442653 853
884579002 1525877525 137
110571127 1826557789 1510
778949504 1765816556 2152
140843506 1074277192 1299
1500807238 1839015785 470
1975677837 972445638 982
884579002 1430911611 271
1586421188 1560452432 3028
15339982 1852155960 1610
1863470311 168006964 1479
1228878954 1854173204 1286
26538812 1560452432 2193
14349688 972445638 563
778949504 201442653 2495
419329695 1100345346 1618
1211884765 87838455 398
1085005364 198336739 2117
1814248985 26538812 955
198336739 791877482 3036
826377972 198336739 1086
14349688 87838455 2413
92701521 321631853 2751
201442653 1085005364 661
1854173204 1863470311 212
1228878954 92701521 1450
778949504 1942119525 978
1826557789 1765816556 2659
969360299 1863470311 2568
1100345346 432769121 2972
15339982 969360299 687
1211884765 1228878954 82
1190377993 733153243 1818
198336739 92701521 1555
791877482 92701521 1159
1765816556 1548265900 864
432769121 201442653 2552
14349688 826377972 2584
1827268238 1074277192 699
14349688 1085005364 2511
980392156 419329695 1999
92701521 1586421188 524
1290286159 419329695 1876
1975677837 1854173204 1700
419329695 1854173204 674
733153243 1854173204 1852
1854173204 797554488 264
15339982 1228878954 2912
1522789831 733153243 2487
1228878954 1826557789 456
797554488 26538812 2474
110571127 733153243 1865
1211884765 969360299 2139
1858796103 140843506 1017
1100345346 1814248985 373
1863470311 791877482 1436
884579002 1522789831 155
321631853 1975677837 390
1290286159 826377972 1473
972445638 1765816556 2319
1942119525 1814248985 481
321631853 1593769691 2518
26538812 1814248985 403
1593769691 1190377993 1731
1586421188 321631853 1696
1190377993 1975677837 1609
1593769691 1858796103 1355
140843506 733153243 1948
1211884765 1100345346 1397
1074277192 168006964 2913
1074277192 972445638 916
1765816556 791877482 1997
1839015785 797554488 1538
1814248985 1686166241 3015
1975677837 36202073 1647
1290286159 321631853 400
14349688 1975677837 2621
1228878954 87838455 605
884579002 1593769691 2268
1593769691 1765816556 2683
1814248985 1686166241 2082
778949504 1548265900 2003
419329695 419329695 2457
36202073 36202073 881
1975677837 321631853 2534
140843506 1586421188 931
1290286159 826377972 345
168006964 168006964 685
791877482 36202073 2635
797554488 1826557789 2141
826377972 1100345346 192
1686166241 201442653 1235
201442653 1430911611 2483
92701521 826377972 2299
884579002 884579002 1025
1854173204 432769121 1191
1839015785 1814248985 851
1586421188 1548265900 1000
1100345346 1525877525 1860
980392156 1290286159 2316
1827268238 432769121 972
1228878954 1814248985 1626
1854173204 1826557789 2207
733153243 1765816556 218
778949504 140843506 2202
432769121 797554488 1726
1548265900 1686166241 304
15339982 321631853 2401
168006964 1686166241 1589
1827268238 1942119525 1587
1430911611 1211884765 728
1548265900 733153243 944
14349688 1430911611 175
969360299 1593769691 797
1839015785 1560452432 2717
1085005364 87838455 1490
92701521 1522789831 523
1500807238 778949504 2462
1548265900 14349688 1123
778949504 1975677837 994
972445638 1863470311 1769
92701521 1525877525 903
1190377993 36202073 2641
432769121 87838455 1162
1211884765 432769121 2524
1593769691 168006964 2848
26538812 791877482 885
1430911611 1854173204 364
1548265900 1686166241 1082
1290286159 1560452432 1911
1522789831 140843506 676
1765816556 980392156 97
1560452432 884579002 220
1190377993 26538812 2890
1975677837 791877482 1825
1100345346 1548265900 2769
92701521 1190377993 2345
791877482 1852155960 3068
1858796103 1100345346 1274
980392156 14349688 418
36202073 432769121 4
1948213075 1593769691 1809
1765816556 14349688 342
419329695 1560452432 2942
1839015785 419329695 1501
1525877525 1854173204 176
826377972 1942119525 273
1522789831 36202073 1785
778949504 198336739 285
1586421188 1765816556 2921
980392156 1854173204 2785
797554488 1586421188 1041
1085005364 733153243 24
1085005364 778949504 300
1430911611 140843506 1031
1826557789 1593769691 1662
791877482 198336739 1481
321631853 733153243 1542
92701521 201442653 2251
1500807238 980392156 804
1500807238 1100345346 819
980392156 15339982 1051
87838455 1190377993 1295
778949504 1548265900 1022
1548265900 432769121 1263
1548265900 1942119525 2471
1290286159 972445638 52
1548265900 980392156 589
972445638 1560452432 2578
1765816556 791877482 2204
198336739 419329695 2415
1190377993 1948213075 2513
168006964 1190377993 967
1852155960 1290286159 3043
92701521 1765816556 1653
884579002 1522789831 2758
1852155960 1500807238 2365
168006964 36202073 740
1074277192 1085005364 437
15339982 36202073 2071
1290286159 826377972 3011
1525877525 826377972 1124
826377972 1765816556 378
14349688 1863470311 94
1430911611 980392156 1120
110571127 1228878954 53
140843506 1975677837 2636
1522789831 1522789831 2475
972445638 1560452432 2074
972445638 1586421188 1683
92701521 1826557789 3019
26538812 1522789831 444
1826557789 791877482 1018
15339982 884579002 1885
1826557789 1290286159 603
1854173204 1975677837 2879
1765816556 1560452432 2452
321631853 1548265900 2743
969360299 1686166241 1007
1814248985 1839015785 2710
1100345346 26538812 2005
1430911611 1560452432 586
201442653 1548265900 2737
1522789831 791877482 1796
36202073 1863470311 1442
791877482 36202073 253
1593769691 1074277192 866
1525877525 1854173204 1663
972445638 1085005364 486
1854173204 969360299 2781
15339982 884579002 2070
201442653 778949504 900
140843506 26538812 1805
110571127 1858796103 1505
1975677837 1100345346 3076
419329695 1430911611 1475
1190377993 110571127 3074
1686166241 1839015785 1392
168006964 791877482 1267
419329695 1814248985 1627
1290286159 1948213075 2108
826377972 1827268238 2583
733153243 1085005364 1990
1100345346 826377972 1560
1525877525 1858796103 420
1686166241 1863470311 834
1839015785 110571127 961
797554488 1948213075 2901
826377972 1560452432 1188
1085005364 1586421188 1399
432769121 15339982 2724
110571127 419329695 1789
791877482 92701521 2143
884579002 1500807238 1866
1852155960 1814248985 465
1852155960 36202073 1709
1839015785 733153243 317
1827268238 1948213075 598
1814248985 1190377993 332
1839015785 1863470311 1654
1290286159 1560452432 1939
14349688 1525877525 1599
1948213075 1975677837 428
419329695 1942119525 336
980392156 321631853 1151
1560452432 1290286159 1309
87838455 969360299 2960
1942119525 1826557789 2727
432769121 1948213075 831
201442653 1863470311 2519
1827268238 1852155960 1216
321631853 321631853 2731
432769121 1686166241 2819
15339982 778949504 2612
198336739 1548265900 1747
1586421188 1211884765 1561
321631853 733153243 2492
1190377993 1290286159 1935
1430911611 826377972 1414
1863470311 14349688 448
778949504 1074277192 1045
1525877525 15339982 552
826377972 1522789831 2200
15339982 201442653 1640
797554488 36202073 741
1863470311 791877482 226
168006964 26538812 658
198336739 969360299 1869
733153243 1430911611 510
1593769691 1430911611 128
432769121 969360299 461
321631853 168006964 324
1827268238 1948213075 1743
1839015785 980392156 1301
1430911611 92701521 1872
168006964 26538812 2916
778949504 168006964 2473
733153243 969360299 976
36202073 1826557789 2549
972445638 419329695 2666
1839015785 1863470311 275
1548265900 1852155960 2276
110571127 1686166241 1874
980392156 1858796103 314
791877482 1854173204 298
1858796103 26538812 1776
87838455 733153243 1092
826377972 1211884765 937
1863470311 1858796103 1760
321631853 1827268238 2344
1522789831 92701521 2938
92701521 826377972 183
791877482 1854173204 611
14349688 1827268238 2718
321631853 1826557789 2291
168006964 1854173204 546
1948213075 1765816556 905
1586421188 1854173204 2377
87838455 201442653 391
1074277192 15339982 713
1854173204 15339982 1439
140843506 1074277192 1764
26538812 419329695 13
140843506 168006964 548
1852155960 1975677837 2013
1290286159 92701521 1065
1852155960 972445638 824
321631853 1525877525 2159
1593769691 1100345346 1348
1430911611 791877482 401
1085005364 1074277192 1570
1948213075 826377972 1857
1430911611 972445638 2689
321631853 110571127 2211
1430911611 791877482 770
884579002 972445638 2414
969360299 198336739 1665
1548265900 797554488 1815
321631853 1560452432 584
1765816556 1100345346 3038
1211884765 1548265900 139
1100345346 972445638 805
1100345346 1975677837 1904
140843506 1942119525 1440
1858796103 168006964 980
1858796103 1686166241 1163
1430911611 1858796103 412
1839015785 14349688 194
1975677837 1085005364 1807
1074277192 1593769691 2497
36202073 15339982 2035
1593769691 1765816556 2122
826377972 1975677837 2057
1942119525 1593769691 750
1560452432 1858796103 560
1854173204 1593769691 1
1948213075 419329695 1933
1593769691 1211884765 1197
797554488 1085005364 2919
1854173204 1854173204 2390
1522789831 1500807238 380
1814248985 92701521 2165
110571127 791877482 2241
1863470311 1839015785 1782
92701521 26538812 1896
969360299 87838455 1982
1560452432 969360299 865
1826557789 1500807238 1497
980392156 1827268238 169
1074277192 1975677837 1042
26538812 140843506 2027
198336739 1074277192 2810
198336739 1942119525 172
1975677837 1290286159 1426
884579002 884579002 1917
419329695 1290286159 610
1686166241 432769121 2728
1863470311 1765816556 1167
1560452432 797554488 2733
1814248985 884579002 665
884579002 1074277192 734
1852155960 110571127 370
980392156 26538812 2252
1765816556 1228878954 1342
1430911611 1593769691 683
826377972 36202073 1075
1085005364 1074277192 63
826377972 1548265900 404
1593769691 36202073 3026
778949504 15339982 3009
1228878954 1586421188 817
1814248985 201442653 472
1430911611 87838455 2544
198336739 1522789831 2991
1827268238 969360299 2951
87838455 1765816556 3037
1074277192 1190377993 1282
140843506 36202073 2148
14349688 1100345346 2097
1686166241 1854173204 2489
1085005364 1765816556 946
1839015785 110571127 423
168006964 1522789831 1959
1863470311 432769121 3029
1525877525 1525877525 2670
797554488 778949504 1830
1839015785 778949504 2790
1525877525 1085005364 2094
1228878954 1814248985 1180
1686166241 733153243 953
1827268238 432769121 215
797554488 140843506 123
884579002 1858796103 1718
969360299 1500807238 2301
1190377993 1074277192 2797
15339982 168006964 50
140843506 92701521 2820
87838455 1827268238 2098
1686166241 1814248985 328
1826557789 140843506 2755
1593769691 1826557789 2973
1854173204 1190377993 1283
980392156 797554488 1964
980392156 432769121 941
1858796103 87838455 2884
1593769691 432769121 732
778949504 140843506 778
110571127 140843506 1690
980392156 1975677837 2853
1211884765 778949504 736
1525877525 791877482 2774
1858796103 778949504 2371
201442653 1074277192 106
140843506 92701521 2800
198336739 110571127 2138
980392156 972445638 2208
198336739 92701521 2294
1852155960 1522789831 127
1190377993 92701521 502
1827268238 1975677837 983
1765816556 1852155960 2894
1525877525 168006964 484
15339982 791877482 200
87838455 1863470311 2909
1854173204 92701521 708
733153243 826377972 633
1948213075 1522789831 2575
980392156 1560452432 2348
980392156 1430911611 422
168006964 778949504 1098
1430911611 87838455 2203
419329695 432769121 921
168006964 1942119525 553
1100345346 1522789831 1264
1085005364 1100345346 2223
1430911611 419329695 2875
733153243 1852155960 296
1948213075 419329695 555
168006964 36202073 3055
778949504 1854173204 2046
797554488 198336739 1127
1525877525 884579002 303
1560452432 1430911611 1780
1525877525 778949504 265
1228878954 1560452432 1378
1290286159 92701521 907
972445638 1525877525 2486
1593769691 826377972 2826
826377972 1854173204 2674
87838455 1085005364 678
1290286159 1525877525 2788
1765816556 1430911611 1984
1190377993 1593769691 798
972445638 140843506 2055
15339982 168006964 2721
797554488 969360299 1592
1228878954 1560452432 2180
1852155960 1863470311 1533
432769121 92701521 1412
826377972 884579002 2341
1586421188 15339982 2830
110571127 778949504 2113
201442653 797554488 882
1525877525 1858796103 104
92701521 969360299 715
1100345346 140843506 2253
1430911611 1858796103 2874
1500807238 884579002 1578
14349688 1290286159 742
969360299 1430911611 2812
321631853 1211884765 1334
791877482 1686166241 2105
1522789831 1211884765 393
791877482 884579002 868
1852155960 110571127 424
826377972 1548265900 3000
1839015785 321631853 366
980392156 972445638 1746
1100345346 1290286159 814
201442653 1190377993 268
1765816556 1525877525 2161
198336739 419329695 2856
198336739 1593769691 1061
1548265900 733153243 799
201442653 321631853 5
826377972 1085005364 2607
1593769691 36202073 1534
14349688 733153243 2111
826377972 791877482 920
26538812 140843506 1458
1854173204 1430911611 1237
419329695 15339982 74
969360299 1686166241 1697
168006964 1948213075 1010
1522789831 1975677837 1703
1765816556 980392156 714
87838455 36202073 1150
168006964 15339982 971
14349688 201442653 1541
1548265900 1548265900 315
1560452432 110571127 597
168006964 1430911611 551
791877482 1765816556 261
110571127 791877482 1705
972445638 1826557789 1102
1430911611 201442653 1808
1522789831 432769121 18
321631853 1228878954 1722
1085005364 1211884765 1095
778949504 778949504 1257
1593769691 1858796103 2189
36202073 1975677837 274
1560452432 969360299 2694
1525877525 1290286159 2730
140843506 972445638 1738
1852155960 1975677837 1886
826377972 797554488 2745
36202073 1686166241 1427
1522789831 1863470311 2896
1814248985 26538812 693
733153243 1852155960 2443
1500807238 1686166241 362
1085005364 1548265900 1034
1765816556 1190377993 1308
797554488 1765816556 1944
980392156 1686166241 323
1522789831 797554488 2509
1593769691 1854173204 1518
778949504 168006964 1849
36202073 826377972 877
1593769691 1085005364 247
791877482 1593769691 1786
14349688 1826557789 2704
1854173204 1190377993 657
826377972 1858796103 1577
36202073 778949504 365
1560452432 92701521 350
1854173204 14349688 162
36202073 1942119525 73
92701521 1074277192 2822
168006964 1863470311 694
36202073 1948213075 2334
14349688 1430911611 2847
969360299 1863470311 1110
1686166241 1525877525 1695
110571127 1522789831 2110
198336739 1826557789 701
432769121 1942119525 515
432769121 1548265900 493
419329695 826377972 2746
826377972 1839015785 738
92701521 92701521 645
198336739 1586421188 690
432769121 1593769691 1461
733153243 1586421188 2038
198336739 1430911611 557
1975677837 201442653 446
1863470311 1814248985 2164
1548265900 1948213075 3022
198336739 1085005364 1788
1827268238 198336739 986
1814248985 1948213075 338
1948213075 972445638 1388
1765816556 778949504 1616
201442653 1211884765 2699
1525877525 1948213075 2171
797554488 1765816556 2588
1074277192 1290286159 3041
1190377993 1074277192 396
1430911611 201442653 2249
26538812 201442653 1677
972445638 321631853 842
1863470311 87838455 1879
1074277192 1548265900 72
1190377993 321631853 1528
1211884765 1500807238 1843
733153243 1290286159 2720
980392156 791877482 1147
1827268238 432769121 2220
1814248985 321631853 306
980392156 1858796103 823
778949504 140843506 2277
321631853 969360299 1130
419329695 1826557789 2121
980392156 797554488 1486
1430911611 92701521 2862
1863470311 110571127 795
36202073 1228878954 1279
1975677837 1430911611 638
972445638 92701521 2775
87838455 1074277192 1312
1548265900 1854173204 2835
92701521 140843506 624
419329695 1765816556 2632
26538812 419329695 1077
1560452432 1430911611 2908
1593769691 1593769691 258
1827268238 110571127 406
797554488 140843506 1389
432769121 1525877525 2093
1854173204 1814248985 414
1522789831 1548265900 1118
321631853 1826557789 119
1686166241 1854173204 2615
26538812 1975677837 2281
972445638 1686166241 2555
1290286159 432769121 2086
980392156 1085005364 1720
1100345346 1765816556 98
1765816556 980392156 2427
1765816556 1863470311 2168
1863470311 1765816556 818
1975677837 1522789831 3051
87838455 1854173204 2510
1852155960 432769121 2655
1100345346 1525877525 619
321631853 87838455 2447
92701521 1839015785 1929
1190377993 432769121 208
1228878954 1074277192 2678
1686166241 419329695 1379
87838455 1593769691 426
1100345346 1525877525 333
1686166241 168006964 2014
1765816556 1522789831 2029
1211884765 1430911611 2796
1593769691 432769121 2150
1942119525 1085005364 1897
14349688 826377972 3056
1765816556 1827268238 1508
1858796103 168006964 1013
972445638 15339982 1905
778949504 884579002 360
198336739 14349688 435
432769121 826377972 642
1858796103 1290286159 1737
778949504 87838455 2594
1228878954 110571127 189
1500807238 1074277192 1194
1586421188 1852155960 2915
1827268238 15339982 1827
87838455 110571127 852
733153243 201442653 282
1765816556 36202073 616
26538812 432769121 110
1085005364 1586421188 1419
432769121 797554488 297
733153243 1500807238 2871
1228878954 1765816556 709
1765816556 826377972 1402
419329695 1863470311 1856
432769121 980392156 1448
26538812 1942119525 2869
1430911611 972445638 2482
1522789831 1190377993 3077
1525877525 198336739 1761
1586421188 826377972 482
980392156 1586421188 984
1100345346 778949504 948
1852155960 1290286159 2351
1827268238 980392156 975
1827268238 884579002 1491
321631853 1686166241 40
1074277192 87838455 2100
826377972 1560452432 2712
972445638 140843506 1988
1852155960 797554488 1625
1190377993 778949504 1704
733153243 884579002 1778
1522789831 1765816556 2454
26538812 1863470311 1447
140843506 1522789831 2501
1525877525 1827268238 239
1190377993 140843506 1184
969360299 36202073 2880
110571127 884579002 730
140843506 778949504 1804
1190377993 1854173204 1943
1085005364 1074277192 1326
432769121 14349688 1303
1290286159 1593769691 2651
972445638 1765816556 1033
419329695 972445638 1801
140843506 419329695 160
1290286159 1948213075 2092
92701521 1290286159 615
1560452432 15339982 2287
26538812 168006964 134
26538812 1560452432 15
201442653 1560452432 1192
972445638 1858796103 2229
36202073 1975677837 1883
1500807238 140843506 344
1814248985 1548265900 1331
198336739 1074277192 2813
733153243 1085005364 291
1854173204 969360299 2226
1686166241 1948213075 913
1852155960 92701521 2357
140843506 14349688 241
1858796103 1522789831 594
110571127 201442653 752
1839015785 1686166241 1328
1827268238 1548265900 2380
884579002 14349688 2470
1814248985 1525877525 2834
1852155960 1586421188 2546
791877482 432769121 2631
1948213075 432769121 1900
778949504 198336739 2934
969360299 14349688 2558
1975677837 1975677837 3065
1858796103 1560452432 847
1290286159 733153243 2798
778949504 1858796103 1645
1211884765 1430911611 1598
1826557789 1765816556 2899
1548265900 1948213075 2479
1863470311 733153243 2814
1560452432 1975677837 660
1548265900 26538812 2072
1074277192 1948213075 2963
198336739 87838455 2011
14349688 1100345346 964
1948213075 1190377993 521
969360299 1948213075 1347
1593769691 826377972 1078
92701521 1839015785 343
1593769691 201442653 2628
1839015785 321631853 2882
36202073 198336739 2600
1593769691 1085005364 2620
1560452432 1548265900 1685
419329695 1522789831 718
1814248985 14349688 75
110571127 92701521 1229
26538812 1814248985 2236
969360299 826377972 1091
980392156 87838455 1256
198336739 1765816556 1055
1593769691 198336739 2191
1430911611 778949504 125
87838455 1975677837 2374
1593769691 826377972 126
1190377993 201442653 1511
791877482 969360299 565
1100345346 972445638 2515
969360299 1826557789 2618
1854173204 1522789831 1845
1852155960 1430911611 2083
733153243 321631853 1494
733153243 1522789831 392
1852155960 980392156 1128
1827268238 26538812 425
972445638 969360299 2679
36202073 110571127 1682
1839015785 110571127 242
1852155960 92701521 2977
1593769691 826377972 1066
140843506 1228878954 409
1814248985 972445638 1936
1858796103 1100345346 979
1852155960 1430911611 1488
87838455 1211884765 1108
1500807238 797554488 468
14349688 1854173204 2059
980392156 26538812 825
1858796103 201442653 2565
419329695 36202073 1717
201442653 1975677837 2563
26538812 980392156 2981
1228878954 198336739 2439
1190377993 1852155960 1583
778949504 980392156 2516
36202073 198336739 2943
1560452432 1765816556 2662
92701521 1863470311 2660
1548265900 1827268238 483
1190377993 1858796103 952
980392156 1826557789 2425
972445638 1827268238 2933
791877482 432769121 2929
1686166241 1290286159 1574
884579002 1863470311 2440
1525877525 826377972 2671
1211884765 1942119525 182
1500807238 797554488 883
14349688 1814248985 1522
797554488 1560452432 796
419329695 87838455 25
884579002 1686166241 992
1100345346 1586421188 2023
432769121 201442653 1973
797554488 733153243 2279
1290286159 1948213075 270
15339982 15339982 1816
168006964 1586421188 2623
1942119525 1686166241 917
1686166241 92701521 2460
198336739 1290286159 934
791877482 14349688 1101
1854173204 1765816556 1103
1863470311 1827268238 2063
1430911611 15339982 496
321631853 733153243 2904
198336739 1085005364 2270
419329695 797554488 2702
1593769691 1863470311 2945
1826557789 432769121 2096
1948213075 884579002 305
168006964 826377972 153
140843506 87838455 664
419329695 1525877525 2825
87838455 1500807238 3008
1548265900 884579002 2412
1430911611 1686166241 1623
826377972 1975677837 2998
1942119525 1686166241 2428
15339982 1975677837 321
36202073 969360299 89
1814248985 26538812 80
198336739 1863470311 1291
1190377993 1858796103 1222
1228878954 92701521 2844
972445638 1074277192 2999
733153243 110571127 2010
1942119525 972445638 895
321631853 87838455 2131
1948213075 1548265900 1354
969360299 1500807238 2009
1826557789 201442653 507
168006964 1228878954 1160
969360299 1074277192 2000
26538812 1765816556 1441
778949504 733153243 452
1826557789 1765816556 1174
778949504 14349688 1322
321631853 1586421188 293
791877482 321631853 2979
778949504 1765816556 2597
36202073 92701521 2773
1814248985 432769121 1146
419329695 1211884765 1611
826377972 321631853 1658
1593769691 1560452432 2975
791877482 826377972 3058
1826557789 419329695 1994
1228878954 778949504 2080
1827268238 87838455 2004
87838455 1560452432 1239
884579002 1852155960 1224
972445638 1586421188 388
140843506 1074277192 59
733153243 1522789831 2016
1975677837 972445638 1895
1839015785 110571127 2320
419329695 110571127 2409
1548265900 1100345346 1406
1085005364 797554488 1790
26538812 1975677837 1273
110571127 36202073 1912
884579002 432769121 411
884579002 1826557789 259
1430911611 419329695 1972
321631853 1548265900 225
1228878954 1826557789 2318
140843506 15339982 2962
1500807238 1560452432 2650
1839015785 1852155960 1820
826377972 1942119525 1991
1228878954 884579002 746
1593769691 1525877525 1792
168006964 1074277192 3012
1686166241 1942119525 1506
1942119525 36202073 377
1827268238 110571127 889
1525877525 1686166241 2807
1863470311 1765816556 2286
1430911611 201442653 2069
1560452432 1074277192 2832
1290286159 1074277192 397
1863470311 419329695 2115
1074277192 92701521 352
1826557789 419329695 1071
201442653 432769121 2673
87838455 1942119525 1063
1430911611 87838455 2883
140843506 321631853 492
1975677837 1948213075 2719
432769121 1100345346 1015
1826557789 1686166241 1938
1839015785 1942119525 1644
1100345346 1814248985 1733
1942119525 1211884765 1106
1100345346 419329695 2950
1211884765 198336739 1688
797554488 1858796103 2271
168006964 980392156 2324
1827268238 1522789831 1539
1290286159 432769121 761
778949504 168006964 2878
1814248985 1560452432 1104
1522789831 797554488 149
1522789831 884579002 902
791877482 168006964 1261
1560452432 797554488 381
1593769691 1525877525 1351
198336739 1942119525 2242
1827268238 797554488 711
980392156 733153243 2090
980392156 1430911611 833
1948213075 1211884765 3017
778949504 1100345346 1085
14349688 92701521 120
1290286159 1548265900 2831
1827268238 87838455 1084
36202073 140843506 613
1826557789 969360299 2392
321631853 321631853 1822
1852155960 1863470311 2213
1948213075 1522789831 109
1560452432 884579002 130
1948213075 1814248985 1240
972445638 87838455 874
1814248985 1827268238 2091
980392156 1593769691 862
972445638 1525877525 386
1522789831 36202073 26
969360299 1085005364 55
1839015785 884579002 2088
980392156 826377972 1044
980392156 1560452432 2809
321631853 1827268238 469
14349688 1290286159 1521
1586421188 1852155960 2008
1430911611 140843506 1226
1085005364 1211884765 2630
321631853 1765816556 514
1228878954 1085005364 1724
36202073 1852155960 2507
87838455 826377972 2184
884579002 26538812 807
969360299 168006964 1149
1975677837 198336739 1148
791877482 1854173204 2935
1211884765 110571127 236
1593769691 321631853 1600
778949504 1854173204 2976
972445638 797554488 1431
1686166241 1975677837 2312
1686166241 1814248985 2476
168006964 1560452432 2124
36202073 797554488 2219
1085005364 1228878954 558
15339982 110571127 413
1228878954 87838455 721
1290286159 1593769691 1727
168006964 1826557789 3031
1074277192 168006964 2263
1074277192 201442653 906
1085005364 1586421188 2978
884579002 1839015785 1156
1863470311 321631853 335
1228878954 1430911611 2037
201442653 1814248985 165
1100345346 1839015785 1111
884579002 826377972 1898
26538812 1948213075 170
1500807238 1863470311 2431
733153243 14349688 1012
1548265900 201442653 1734
1686166241 1100345346 2536
1975677837 1290286159 2941
1765816556 140843506 1313
1100345346 87838455 152
1085005364 1100345346 464
1522789831 1525877525 1963
1765816556 1839015785 1302
1522789831 826377972 1172
884579002 419329695 2582
15339982 87838455 1512
1593769691 1548265900 1196
733153243 1522789831 878
1525877525 1858796103 2359
1593769691 36202073 1424
1863470311 15339982 2114
1586421188 87838455 1652
1190377993 1560452432 2104
92701521 168006964 1546
1548265900 198336739 2422
419329695 87838455 1386
1826557789 826377972 405
1826557789 733153243 1673
969360299 826377972 57
826377972 87838455 2541
1975677837 1100345346 122
1100345346 15339982 647
1593769691 884579002 2170
419329695 1548265900 2692
1085005364 36202073 2421
419329695 201442653 2002
1854173204 1948213075 2923
1525877525 778949504 1666
733153243 1586421188 355
1839015785 1863470311 1079
733153243 87838455 1253
1190377993 1863470311 2741
1074277192 1686166241 1495
198336739 168006964 2195
1948213075 26538812 2547
15339982 36202073 2789
14349688 1522789831 433
1228878954 733153243 95
1074277192 1085005364 1571
778949504 1839015785 646
92701521 1525877525 108
1827268238 26538812 85
778949504 1074277192 2992
432769121 1228878954 1595
884579002 1500807238 2625
1852155960 1686166241 2748
168006964 1290286159 1591
1686166241 110571127 539
1228878954 1686166241 1636
884579002 1190377993 2042
1211884765 1854173204 1094
1560452432 1560452432 2966
1942119525 1074277192 532
1211884765 36202073 2619
1858796103 1858796103 23
1190377993 1686166241 2256
1852155960 432769121 2866
321631853 1190377993 432
1863470311 1560452432 1145
419329695 15339982 1713
1593769691 1228878954 827
972445638 797554488 2456
1852155960 1586421188 2539
198336739 1942119525 35
1525877525 778949504 2106
15339982 778949504 2317
1948213075 1548265900 790
791877482 969360299 1523
168006964 1765816556 1873
969360299 1863470311 677
14349688 1430911611 969
26538812 432769121 1621
1854173204 1228878954 894
791877482 1430911611 1529
1686166241 1686166241 2802
1500807238 168006964 653
419329695 972445638 591
1500807238 14349688 1430
1190377993 1765816556 154
1190377993 1765816556 2140
1839015785 1100345346 1607
1100345346 321631853 2060
1863470311 1522789831 41
1686166241 1858796103 1305
432769121 1100345346 2949
1975677837 1190377993 2419
1814248985 87838455 1921
432769121 168006964 1745
432769121 419329695 3042
1074277192 1827268238 1891
432769121 1228878954 2770
884579002 1430911611 1823
1211884765 980392156 2075
36202073 1074277192 2382
36202073 1500807238 1787
1100345346 980392156 385
1085005364 168006964 1047
1858796103 980392156 1500
1858796103 36202073 1362
1839015785 1827268238 744
201442653 1074277192 579
1228878954 321631853 625
1863470311 791877482 995
1854173204 1525877525 1558
321631853 1942119525 39
1430911611 884579002 2669
1586421188 1942119525 2491
1290286159 791877482 692
1560452432 1085005364 2272
778949504 321631853 1564
1548265900 1827268238 635
1975677837 1525877525 828
1826557789 1827268238 67
1686166241 1560452432 1009
733153243 198336739 193
140843506 1839015785 71
884579002 1852155960 958
791877482 1074277192 2442
140843506 1854173204 2418
1290286159 1593769691 993
36202073 201442653 930
1290286159 36202073 2643
972445638 1814248985 164
198336739 1854173204 357
1228878954 1839015785 525
1100345346 1863470311 928
1765816556 1852155960 1781
791877482 110571127 2137
791877482 15339982 2499
36202073 1852155960 2716
1586421188 1839015785 132
1525877525 1858796103 2784
87838455 110571127 1813
432769121 733153243 760
1854173204 1211884765 2658
980392156 1548265900 1624
1586421188 1765816556 2227
1522789831 972445638 1220
198336739 1858796103 628
733153243 168006964 1839
980392156 1500807238 2987
1548265900 826377972 1793
826377972 26538812 2736
432769121 1074277192 2235
1854173204 1826557789 1601
1211884765 1211884765 1719
1290286159 1522789831 2828
36202073 1228878954 939
1593769691 87838455 1404
92701521 26538812 1954
1827268238 87838455 233
969360299 140843506 1139
1839015785 419329695 1655
791877482 1430911611 1214
1854173204 168006964 1890
778949504 791877482 1316
1765816556 1858796103 2322
791877482 432769121 439
1525877525 1686166241 745
1290286159 15339982 634
1290286159 1863470311 2691
778949504 1942119525 2823
1593769691 1560452432 859
1548265900 87838455 2212
1525877525 972445638 1182
791877482 26538812 2965
969360299 826377972 2135
198336739 110571127 2006
140843506 826377972 1711
791877482 14349688 762
1686166241 980392156 1132
110571127 201442653 3069
1948213075 1074277192 1100
321631853 321631853 2468
1500807238 14349688 195
419329695 1814248985 2661
92701521 969360299 81
1100345346 1522789831 2505
980392156 201442653 1932
826377972 140843506 249
36202073 1858796103 2019
1500807238 1593769691 2166
1686166241 14349688 2225
972445638 87838455 1650
1560452432 87838455 2459
969360299 1074277192 808
1522789831 733153243 2034
15339982 110571127 358
1686166241 1948213075 2033
15339982 1765816556 957
92701521 26538812 1576
1839015785 733153243 2854
419329695 140843506 1707
36202073 980392156 2642
791877482 1863470311 2433
969360299 1839015785 280
884579002 1827268238 989
733153243 1814248985 1833
321631853 1975677837 1588
1858796103 26538812 826
1814248985 15339982 963
1560452432 1430911611 2102
36202073 1500807238 498
1948213075 884579002 987
1560452432 26538812 171
1826557789 797554488 2451
1522789831 1854173204 725
1548265900 884579002 784
969360299 419329695 1385
1560452432 1228878954 161
87838455 1948213075 1953
1228878954 1290286159 2988
92701521 198336739 1757
1560452432 1839015785 2472
36202073 419329695 1324
969360299 1586421188 1231
1586421188 110571127 86
1814248985 1100345346 2231
1500807238 1852155960 146
791877482 1500807238 1983
92701521 791877482 2564
1074277192 201442653 92
1548265900 1586421188 1471
1211884765 1858796103 214
110571127 797554488 2605
419329695 797554488 3045
1430911611 1074277192 1455
419329695 1548265900 1692
168006964 1500807238 1345
1942119525 1593769691 2354
1290286159 432769121 1691
321631853 1975677837 2569
1686166241 1560452432 1164
14349688 321631853 2767
1686166241 826377972 1995
1975677837 884579002 2538
1100345346 168006964 2947
1430911611 1839015785 2606
1826557789 826377972 2925
1500807238 432769121 608
1814248985 1586421188 1097
1827268238 1814248985 2206
1548265900 1827268238 1113
1854173204 1827268238 2706
1430911611 1686166241 2714
1686166241 980392156 1844
14349688 1839015785 651
14349688 1854173204 2870
14349688 733153243 7
15339982 110571127 892
1190377993 1430911611 2449
168006964 92701521 180
1586421188 198336739 771
972445638 14349688 582
1942119525 1826557789 1333
791877482 1948213075 38
884579002 797554488 2726
87838455 321631853 2533
140843506 1593769691 829
1228878954 884579002 1339
797554488 15339982 2311
1525877525 26538812 2314
168006964 1085005364 133
140843506 1858796103 2970
15339982 198336739 2328
1826557789 1826557789 640
198336739 1190377993 1074
26538812 36202073 2478
321631853 1074277192 1223
1852155960 1522789831 1269
1100345346 1975677837 3006
1525877525 140843506 2426
1548265900 201442653 1408
1942119525 1228878954 500
1074277192 1827268238 2480
1863470311 1100345346 542
140843506 1290286159 1340
321631853 1593769691 292
92701521 201442653 243
92701521 1814248985 3035
1839015785 1942119525 2391
733153243 733153243 181
1522789831 321631853 2900
1290286159 1593769691 2891
1854173204 1100345346 2967
14349688 140843506 933
321631853 1942119525 695
972445638 1500807238 2397
432769121 1827268238 535
1290286159 1074277192 1039
1839015785 1852155960 2649
1100345346 1190377993 2149
1560452432 969360299 2550
791877482 110571127 101
778949504 778949504 2467
778949504 1814248985 3033
1085005364 432769121 880
1826557789 778949504 198
321631853 1228878954 2127
1854173204 92701521 42
15339982 1827268238 1058
1686166241 92701521 1429
1839015785 1839015785 2676
1500807238 1852155960 2609
1814248985 1586421188 812
321631853 419329695 447
26538812 1430911611 3018
36202073 1827268238 147
198336739 969360299 2215
1826557789 1525877525 1952
168006964 1863470311 1882
791877482 1100345346 419
201442653 15339982 2210
140843506 140843506 1759
198336739 92701521 213
733153243 1942119525 1859
419329695 168006964 2517
432769121 87838455 2404
1100345346 1548265900 3013
1854173204 1942119525 504
1948213075 92701521 1668
1854173204 432769121 816
1686166241 797554488 794
419329695 1085005364 908
92701521 1228878954 919
733153243 1975677837 1701
1858796103 168006964 2156
1548265900 92701521 2959
15339982 92701521 629
1975677837 1686166241 1981
1430911611 884579002 1474
1686166241 198336739 1829
201442653 1211884765 2280
1852155960 1858796103 1073
15339982 201442653 1136
15339982 140843506 70
168006964 1942119525 2326
1548265900 1290286159 379
1942119525 1085005364 893
884579002 1074277192 202
884579002 15339982 2081
1854173204 1827268238 143
1854173204 1560452432 775
198336739 1211884765 526
1593769691 168006964 1006
198336739 1586421188 871
1500807238 1430911611 1723
419329695 791877482 2278
1858796103 1290286159 490
321631853 980392156 2589
1190377993 36202073 2907
1765816556 1942119525 2406
321631853 778949504 489
419329695 778949504 716
432769121 26538812 1487
432769121 14349688 832
26538812 1942119525 2818
1854173204 1975677837 2696
1500807238 419329695 2532
1085005364 1100345346 672
1560452432 1863470311 2028
1858796103 432769121 2494
1686166241 733153243 727
419329695 797554488 240
1948213075 14349688 179
972445638 1593769691 1913
797554488 1560452432 1684
972445638 969360299 2974
1211884765 1560452432 1605
1863470311 1858796103 2339
1854173204 1852155960 1659
321631853 1430911611 722
1522789831 791877482 3071
791877482 1826557789 1930
1290286159 168006964 2095
826377972 198336739 632
1500807238 1500807238 1390
432769121 14349688 2750
1854173204 419329695 442
1827268238 1290286159 1836
201442653 198336739 2065
1948213075 1826557789 1956
1765816556 198336739 3002
1854173204 1858796103 2031
797554488 26538812 283
1500807238 1858796103 1382
1560452432 969360299 3061
791877482 826377972 471
1430911611 1500807238 1470
797554488 1826557789 1503
1100345346 1560452432 111
1814248985 1228878954 45
1522789831 1942119525 1300
980392156 92701521 2441
1228878954 1765816556 1287
1942119525 1586421188 1332
1522789831 1863470311 1152
1852155960 1686166241 2542
321631853 1525877525 875
419329695 733153243 1246
1190377993 15339982 960
15339982 1839015785 1275
1430911611 1826557789 1020
1765816556 1975677837 2465
980392156 1522789831 2366
110571127 321631853 643
1100345346 1500807238 3010
1839015785 198336739 184
791877482 733153243 1710
1211884765 1500807238 2049
1290286159 201442653 821
980392156 1858796103 705
432769121 1863470311 1517
110571127 1211884765 2084
14349688 1854173204 2857
1852155960 1852155960 545
1211884765 110571127 48
884579002 1211884765 1364
1826557789 1942119525 1135
1586421188 1560452432 1862
198336739 791877482 1228
92701521 826377972 2248
1290286159 1858796103 1884
980392156 1854173204 1297
1975677837 1430911611 2638
14349688 791877482 2369
1290286159 1525877525 2898
1858796103 36202073 394
110571127 87838455 2805
140843506 1975677837 1590
1826557789 1586421188 1336
1228878954 1686166241 1446
778949504 791877482 30
1500807238 1500807238 2613
1814248985 36202073 2778
1430911611 87838455 1035
1100345346 15339982 201
1290286159 110571127 2040
