1255 4
39264551 935983274 426
225419899 81802146 34
1919627275 302984815 1107
1710177334 267315636 593
121067933 608578630 1141
267315636 1837825129 1200
1230059790 121380550 83
225419899 647172277 1027
1627256264 498625096 50
1445338805 935983274 613
691761614 1938033708 552
1919627275 121067933 549
1707903975 1234664267 26
124459617 412743873 242
1110204651 412743873 1121
1887737216 1230059790 746
676041745 647172277 199
649820858 1938033708 128
1519903663 1885447679 224
727955870 1107159791 1252
1257537618 1919627275 405
302984815 412743873 607
585684249 267315636 550
124459617 1389112121 246
649820858 498625096 535
672490305 935983274 186
649820858 1885447679 1093
1257537618 884784753 732
1537524181 1710177334 990
1113284787 1919627275 707
1113284787 884784753 952
1445338805 741217557 522
1255750906 1136469686 457
39264551 697528898 730
412743873 1537524181 747
1445338805 1919627275 1180
1627256264 121380550 710
121067933 1985493487 111
1830362830 887703324 103
1837825129 124459617 915
647172277 1919627275 193
1998491958 697528898 247
691761614 1334308950 1029
1627256264 267315636 543
1633512172 1567244717 700
1445338805 697528898 1220
647172277 524728195 277
1519903663 558374247 1168
1389112121 302984815 586
1255750906 608578630 1110
267315636 1633512172 1017
672490305 1938033708 76
62529100 302984815 908
1633512172 1107159791 721
676041745 647172277 547
1110204651 585684249 718
608578630 1519903663 776
1707903975 608578630 1026
1230059790 887703324 840
1887737216 1230059790 1216
1537524181 1136469686 728
649820858 1389112121 950
1234664267 1837825129 478
194765718 1445338805 924
1837825129 1707903975 971
39264551 647172277 292
935983274 727955870 168
558374247 1037693960 534
691761614 585684249 1157
498625096 875703798 185
1633512172 1837825129 589
1985493487 1230059790 3
676041745 1707903975 1044
1830362830 691761614 16
1627256264 1633512172 197
1234664267 1938033708 1138
524728195 647172277 245
1919627275 39264551 265
993714937 267315636 1124
124459617 1389112121 424
1519903663 194765718 682
1519903663 649820858 285
1537524181 1445338805 792
225419899 225419899 169
1938033708 964293096 557
1710177334 697528898 455
1830362830 1334308950 896
1998491958 1537524181 991
649820858 62529100 938
672490305 1885447679 295
649820858 412743873 129
194765718 1938033708 266
558374247 1230059790 741
649820858 558374247 282
1257537618 1985493487 1148
1837825129 887703324 206
1334308950 993714937 1238
121067933 1445338805 497
1710177334 1234664267 1236
412743873 1885447679 846
585684249 1707903975 1085
1334308950 302984815 211
727955870 1537524181 913
225419899 412743873 824
498625096 1113284787 561
875703798 498625096 1094
412743873 1998491958 232
225419899 1887737216 815
1707903975 993714937 937
1627256264 887703324 1229
742564489 1998491958 852
121380550 741217557 279
1919627275 1519903663 220
742564489 1710177334 258
585684249 121380550 466
412743873 1255750906 532
124459617 1037693960 325
1633512172 1519903663 192
875703798 1567244717 637
672490305 225419899 428
1885447679 742564489 151
1113284787 1830362830 734
1136469686 964293096 1015
1230059790 697528898 842
875703798 1998491958 326
1445338805 121067933 620
1919627275 558374247 629
1136469686 935983274 261
647172277 1519903663 1042
676041745 524728195 425
121380550 884784753 343
1919627275 39264551 1020
1110204651 1710177334 278
1537524181 302984815 473
672490305 993714937 942
267315636 121380550 882
62529100 935983274 464
1627256264 1887737216 229
194765718 1537524181 501
585684249 1113284787 434
1633512172 1389112121 562
498625096 884784753 438
672490305 1519903663 382
1938033708 1837825129 941
875703798 1537524181 316
121380550 964293096 685
727955870 1885447679 97
1110204651 1710177334 636
1707903975 1887737216 461
672490305 887703324 439
1519903663 124459617 1179
194765718 1519903663 440
887703324 647172277 1218
1107159791 1985493487 1223
121380550 1110204651 948
1707903975 121067933 321
39264551 1633512172 69
1445338805 1537524181 848
121067933 1445338805 313
498625096 649820858 337
1985493487 1787219298 1210
1334308950 225419899 548
1887737216 1110204651 949
121067933 676041745 1240
935983274 1113284787 866
558374247 1113284787 1016
1257537618 1334308950 205
1837825129 1837825129 379
1037693960 1633512172 392
124459617 993714937 963
935983274 1037693960 363
124459617 1885447679 1001
1110204651 935983274 423
412743873 1113284787 183
1710177334 1136469686 1136
676041745 1234664267 1255
498625096 1998491958 512
1919627275 1707903975 744
1230059790 121380550 248
1998491958 741217557 869
1633512172 993714937 374
993714937 62529100 136
1230059790 121380550 669
585684249 498625096 979
1037693960 887703324 7
81802146 1830362830 487
742564489 727955870 86
647172277 697528898 1145
1627256264 1627256264 481
1938033708 558374247 929
1633512172 1787219298 72
1234664267 649820858 171
727955870 993714937 576
887703324 585684249 500
1885447679 1627256264 1144
558374247 608578630 281
887703324 124459617 705
672490305 1136469686 616
649820858 1998491958 980
1837825129 558374247 327
1257537618 1887737216 1118
1445338805 672490305 626
267315636 1537524181 353
412743873 1107159791 1000
741217557 585684249 953
1707903975 608578630 446
1885447679 1537524181 462
1837825129 1113284787 789
62529100 1938033708 274
691761614 875703798 1139
1998491958 1787219298 1091
1938033708 1787219298 365
875703798 1234664267 748
62529100 194765718 612
727955870 302984815 853
1234664267 1234664267 796
62529100 1136469686 664
993714937 1919627275 216
1985493487 1257537618 888
647172277 498625096 255
884784753 498625096 1099
608578630 1885447679 113
649820858 412743873 106
727955870 608578630 786
1257537618 524728195 998
742564489 741217557 336
302984815 1037693960 177
1837825129 672490305 96
647172277 1257537618 201
39264551 1938033708 408
1830362830 1938033708 713
1257537618 558374247 89
1707903975 225419899 1166
1830362830 1887737216 649
1107159791 727955870 989
225419899 1885447679 1143
1037693960 412743873 614
1919627275 524728195 155
742564489 121067933 894
1445338805 993714937 694
935983274 1837825129 933
1919627275 267315636 1108
1710177334 964293096 289
1707903975 727955870 360
1389112121 81802146 621
1710177334 1257537618 753
1537524181 1445338805 775
302984815 194765718 1116
884784753 1998491958 870
1567244717 741217557 554
887703324 727955870 518
498625096 1136469686 476
964293096 1234664267 652
1919627275 691761614 107
1787219298 1887737216 223
302984815 1257537618 1056
1627256264 498625096 1032
691761614 81802146 945
1257537618 964293096 79
742564489 498625096 182
676041745 1234664267 51
62529100 585684249 727
608578630 302984815 131
1938033708 964293096 1022
691761614 1985493487 684
727955870 1037693960 109
194765718 1938033708 196
524728195 697528898 194
558374247 81802146 312
1113284787 1257537618 1130
194765718 647172277 736
121067933 1710177334 831
81802146 1710177334 893
993714937 1037693960 318
39264551 1837825129 416
1787219298 691761614 992
121067933 993714937 33
1887737216 1389112121 367
194765718 1136469686 635
647172277 1234664267 21
302984815 62529100 875
302984815 81802146 1051
1110204651 742564489 627
741217557 194765718 1146
524728195 1037693960 600
742564489 884784753 609
1998491958 935983274 117
935983274 412743873 139
1887737216 1230059790 1171
875703798 1389112121 162
647172277 1136469686 1183
121380550 1230059790 491
1885447679 1985493487 1025
1234664267 1998491958 1249
1110204651 585684249 663
121380550 1707903975 358
676041745 697528898 422
1234664267 1710177334 1149
39264551 1113284787 515
676041745 1985493487 486
1537524181 1830362830 756
1998491958 1113284787 745
1257537618 935983274 355
1707903975 1445338805 138
1787219298 1837825129 475
558374247 1830362830 55
1113284787 412743873 876
524728195 647172277 1172
1255750906 697528898 40
302984815 498625096 443
1938033708 964293096 830
697528898 1919627275 482
647172277 1037693960 314
884784753 1110204651 818
1627256264 1633512172 740
647172277 1334308950 62
1627256264 935983274 827
1107159791 1257537618 213
267315636 1998491958 520
267315636 727955870 697
1837825129 62529100 1088
1919627275 1519903663 506
1837825129 676041745 1104
412743873 1136469686 691
1938033708 121380550 618
1257537618 1887737216 1082
1885447679 1107159791 541
993714937 1885447679 74
1334308950 558374247 272
887703324 1837825129 18
741217557 1707903975 982
1633512172 1885447679 1156
1113284787 993714937 778
964293096 194765718 453
1230059790 524728195 75
412743873 1107159791 287
691761614 887703324 1
1234664267 1257537618 997
39264551 1037693960 150
1985493487 875703798 2
1919627275 1230059790 412
1787219298 742564489 127
647172277 608578630 202
1110204651 1885447679 873
1567244717 742564489 988
1985493487 1234664267 555
1537524181 1113284787 567
1257537618 1445338805 674
697528898 302984815 84
1230059790 1830362830 1115
1519903663 1230059790 880
884784753 875703798 683
1389112121 1919627275 189
1257537618 1567244717 673
1710177334 1113284787 396
81802146 1230059790 175
727955870 1885447679 1129
742564489 267315636 757
1627256264 1234664267 38
672490305 1985493487 1253
267315636 935983274 68
1113284787 1567244717 144
225419899 267315636 965
39264551 1710177334 407
1234664267 884784753 985
524728195 742564489 1014
727955870 1110204651 1012
1887737216 649820858 1058
1445338805 676041745 722
1389112121 1885447679 393
267315636 1787219298 310
1113284787 1234664267 153
1113284787 558374247 468
1627256264 727955870 1018
691761614 1537524181 788
498625096 742564489 479
124459617 884784753 877
558374247 1334308950 1038
1136469686 1230059790 1071
1887737216 608578630 1228
1938033708 121380550 508
741217557 691761614 1101
741217557 1389112121 1006
1633512172 62529100 1119
742564489 498625096 370
1707903975 81802146 511
647172277 1110204651 844
1113284787 964293096 1184
887703324 1567244717 944
935983274 1257537618 430
1255750906 697528898 655
964293096 81802146 724
676041745 1110204651 961
1985493487 1257537618 1188
887703324 1537524181 545
194765718 1567244717 1061
1110204651 1938033708 837
935983274 742564489 833
691761614 727955870 429
1830362830 585684249 865
302984815 1887737216 137
1255750906 39264551 1165
225419899 1136469686 1227
1445338805 1537524181 184
672490305 1885447679 243
672490305 742564489 1010
121067933 1519903663 490
1837825129 1255750906 221
1567244717 1633512172 147
1230059790 1110204651 123
524728195 1234664267 559
524728195 1136469686 735
1257537618 1537524181 1069
1985493487 498625096 170
1255750906 39264551 1134
691761614 741217557 324
935983274 1389112121 294
1389112121 608578630 780
1257537618 302984815 10
1389112121 1567244717 161
585684249 1787219298 959
1389112121 194765718 659
935983274 1710177334 1155
1830362830 498625096 1160
1136469686 62529100 922
1519903663 1567244717 631
267315636 649820858 417
1107159791 194765718 1120
1110204651 1938033708 465
225419899 993714937 158
935983274 1998491958 709
993714937 741217557 275
1257537618 647172277 190
1389112121 964293096 260
1389112121 558374247 719
993714937 81802146 625
1334308950 585684249 467
1837825129 524728195 1247
81802146 558374247 1237
1567244717 1445338805 806
524728195 649820858 1219
558374247 1885447679 1198
964293096 194765718 347
1830362830 524728195 1031
1567244717 1567244717 976
697528898 935983274 968
121067933 875703798 1007
62529100 1919627275 1245
1136469686 1110204651 1225
1110204651 1830362830 1194
884784753 964293096 895
225419899 1567244717 384
1787219298 81802146 900
1938033708 1445338805 521
1627256264 691761614 269
993714937 121380550 987
1567244717 1830362830 469
727955870 1567244717 688
121380550 608578630 1221
676041745 697528898 1132
1334308950 1567244717 925
1998491958 1837825129 1162
62529100 1830362830 723
1136469686 1787219298 1008
1389112121 124459617 505
697528898 267315636 805
672490305 887703324 999
1234664267 1567244717 1087
1627256264 1389112121 340
1107159791 194765718 525
691761614 691761614 590
1787219298 993714937 605
62529100 742564489 917
1255750906 1445338805 1158
39264551 121380550 546
649820858 302984815 1181
1334308950 884784753 100
1837825129 585684249 498
608578630 1885447679 449
1710177334 1113284787 1049
1919627275 691761614 386
1445338805 1885447679 803
1110204651 194765718 812
887703324 649820858 657
1257537618 742564489 768
1519903663 884784753 1159
935983274 1707903975 771
1537524181 302984815 936
1389112121 1519903663 60
39264551 267315636 592
1707903975 1519903663 306
676041745 1938033708 1047
741217557 124459617 114
884784753 727955870 380
585684249 1998491958 1206
1113284787 1334308950 1112
1234664267 1110204651 981
691761614 649820858 165
691761614 1113284787 516
647172277 1230059790 604
1887737216 647172277 513
267315636 1627256264 767
1567244717 1230059790 755
124459617 1113284787 427
993714937 1985493487 303
194765718 1257537618 1009
1567244717 676041745 172
1257537618 1107159791 1167
1985493487 1787219298 210
1985493487 1037693960 540
1567244717 225419899 1021
935983274 1255750906 1090
121067933 1113284787 57
697528898 81802146 1103
1787219298 649820858 480
1334308950 742564489 317
412743873 1830362830 996
1837825129 887703324 42
676041745 1627256264 574
1519903663 697528898 964
884784753 1519903663 714
964293096 1107159791 37
1837825129 1334308950 154
1257537618 39264551 222
1567244717 1919627275 159
1519903663 302984815 568
412743873 585684249 763
887703324 741217557 146
1887737216 1787219298 570
1537524181 1389112121 661
1334308950 81802146 307
608578630 1334308950 954
964293096 1230059790 1231
1787219298 1627256264 1230
964293096 1136469686 671
412743873 741217557 271
558374247 741217557 634
1787219298 1633512172 529
691761614 62529100 687
1234664267 1519903663 1081
498625096 1707903975 1127
124459617 81802146 849
1627256264 1230059790 633
672490305 1389112121 761
225419899 1537524181 1137
121380550 225419899 885
1837825129 81802146 450
964293096 1255750906 630
672490305 884784753 133
267315636 1710177334 526
1885447679 875703798 346
1113284787 81802146 927
1537524181 1107159791 606
1445338805 39264551 381
1037693960 1787219298 1233
1707903975 124459617 960
727955870 1230059790 1208
1998491958 121380550 1097
964293096 524728195 1244
1136469686 741217557 666
1519903663 1938033708 298
524728195 1110204651 1053
649820858 498625096 610
302984815 1707903975 1241
1389112121 691761614 338
1887737216 1113284787 598
1567244717 1136469686 523
935983274 1707903975 566
672490305 267315636 17
121380550 1136469686 204
524728195 1887737216 879
1113284787 267315636 1131
1234664267 1887737216 993
1113284787 1113284787 536
993714937 1627256264 499
1567244717 194765718 921
1230059790 121067933 176
1334308950 1837825129 1102
81802146 1234664267 299
302984815 1633512172 737
742564489 1113284787 212
225419899 935983274 1055
1710177334 727955870 826
691761614 1334308950 1154
524728195 608578630 883
1113284787 1707903975 585
1830362830 697528898 1176
1938033708 412743873 542
121380550 741217557 845
1230059790 887703324 157
1537524181 1707903975 92
1885447679 124459617 330
649820858 875703798 1251
676041745 741217557 1080
1938033708 558374247 676
649820858 267315636 608
1113284787 1837825129 766
267315636 887703324 73
1787219298 585684249 587
1998491958 935983274 819
62529100 993714937 1039
1633512172 1887737216 603
524728195 39264551 203
1633512172 647172277 119
608578630 225419899 241
742564489 1919627275 622
121380550 1998491958 240
1107159791 697528898 135
1710177334 1110204651 415
649820858 935983274 444
1107159791 672490305 372
1537524181 691761614 928
697528898 935983274 797
887703324 121067933 647
1830362830 1107159791 784
585684249 672490305 1235
302984815 1519903663 351
1707903975 672490305 720
1707903975 498625096 969
1998491958 608578630 345
649820858 558374247 187
1257537618 194765718 116
741217557 1633512172 1111
647172277 647172277 207
1998491958 585684249 798
1567244717 1110204651 1079
585684249 62529100 397
691761614 1445338805 460
412743873 1110204651 871
742564489 608578630 898
121380550 1627256264 1190
1707903975 585684249 638
1985493487 1389112121 577
121380550 194765718 239
1985493487 62529100 361
1136469686 1113284787 433
935983274 672490305 451
585684249 935983274 283
1707903975 1887737216 867
697528898 676041745 668
1110204651 1537524181 228
39264551 585684249 926
558374247 676041745 947
1787219298 672490305 253
1107159791 1837825129 88
1787219298 691761614 477
1707903975 1113284787 304
1113284787 412743873 835
1998491958 1136469686 43
647172277 121067933 1068
1234664267 1537524181 680
1707903975 697528898 912
39264551 727955870 364
1938033708 81802146 632
1567244717 558374247 276
558374247 1567244717 904
1110204651 1567244717 695
194765718 124459617 1072
1445338805 727955870 624
608578630 1885447679 419
697528898 1234664267 1195
887703324 267315636 64
1567244717 1389112121 15
742564489 741217557 249
1230059790 608578630 884
1919627275 608578630 121
1519903663 647172277 163
964293096 194765718 48
1830362830 1519903663 966
121380550 1257537618 335
1107159791 1136469686 502
1389112121 1707903975 1234
1257537618 1938033708 510
672490305 1334308950 1254
62529100 1136469686 178
1887737216 1627256264 785
649820858 585684249 235
1567244717 267315636 582
1885447679 1627256264 579
585684249 647172277 91
1234664267 1255750906 602
1985493487 62529100 344
1334308950 267315636 653
558374247 1334308950 179
884784753 875703798 164
1334308950 267315636 1175
1230059790 887703324 152
887703324 742564489 368
1110204651 742564489 1199
121380550 498625096 832
498625096 608578630 670
194765718 649820858 696
121067933 1136469686 9
691761614 194765718 690
1255750906 741217557 770
1567244717 742564489 528
993714937 1938033708 795
194765718 884784753 1037
964293096 558374247 571
964293096 676041745 1023
81802146 1519903663 822
121067933 1537524181 640
225419899 1389112121 1005
1830362830 1938033708 1089
121380550 39264551 1064
676041745 727955870 930
672490305 672490305 804
608578630 1107159791 352
1257537618 935983274 32
194765718 121067933 595
1445338805 1334308950 651
585684249 608578630 401
1445338805 1037693960 854
1710177334 81802146 47
1445338805 887703324 1065
1567244717 1707903975 825
1389112121 1567244717 81
524728195 649820858 665
1707903975 225419899 903
524728195 121067933 23
1938033708 1985493487 1191
524728195 691761614 701
267315636 1234664267 527
1710177334 1830362830 1126
1830362830 1627256264 1043
1113284787 1787219298 36
1136469686 887703324 388
524728195 1567244717 28
1389112121 1230059790 195
887703324 1234664267 751
875703798 884784753 692
498625096 1234664267 729
1136469686 1255750906 237
672490305 742564489 572
875703798 741217557 821
647172277 649820858 1033
649820858 608578630 994
1830362830 964293096 1113
1537524181 558374247 850
1136469686 267315636 406
1389112121 1037693960 1057
1389112121 647172277 1125
1887737216 39264551 1054
62529100 124459617 254
62529100 672490305 689
697528898 1707903975 783
1136469686 1113284787 956
935983274 1710177334 132
1255750906 875703798 328
412743873 1627256264 341
1985493487 1830362830 919
1107159791 697528898 226
649820858 1627256264 56
1837825129 121380550 578
412743873 884784753 259
1938033708 1234664267 264
1113284787 1113284787 214
1567244717 1445338805 378
585684249 1985493487 134
62529100 741217557 667
498625096 1334308950 1024
1787219298 672490305 1013
1136469686 558374247 375
884784753 742564489 1192
1919627275 1110204651 1067
1110204651 1519903663 1070
39264551 1919627275 905
1707903975 412743873 646
649820858 1519903663 816
742564489 194765718 814
1334308950 1389112121 967
81802146 993714937 810
1985493487 741217557 20
1885447679 1938033708 488
524728195 964293096 703
412743873 1110204651 98
1633512172 1234664267 305
1519903663 1567244717 120
1787219298 1938033708 288
558374247 676041745 874
1110204651 1255750906 507
1230059790 697528898 1106
1938033708 1710177334 441
1037693960 1567244717 354
39264551 267315636 564
697528898 194765718 644
585684249 676041745 1095
39264551 1567244717 44
1567244717 935983274 484
1938033708 121380550 1239
742564489 727955870 1150
81802146 1334308950 1161
1110204651 1787219298 907
993714937 558374247 1073
1334308950 1255750906 693
267315636 647172277 233
1255750906 1230059790 1041
1998491958 1110204651 5
194765718 62529100 209
524728195 742564489 808
524728195 267315636 25
1887737216 676041745 599
194765718 608578630 759
649820858 498625096 398
1519903663 1837825129 642
741217557 676041745 820
742564489 302984815 71
121067933 1136469686 256
1537524181 887703324 454
608578630 1107159791 126
1257537618 884784753 977
1537524181 691761614 862
121067933 39264551 389
1537524181 691761614 493
412743873 1885447679 122
558374247 672490305 85
935983274 1627256264 234
608578630 964293096 470
1537524181 302984815 1197
39264551 498625096 973
1830362830 1255750906 1178
1885447679 1887737216 442
1710177334 1136469686 1096
993714937 993714937 781
608578630 267315636 699
1389112121 302984815 101
225419899 964293096 373
935983274 1938033708 112
412743873 267315636 886
1627256264 62529100 8
1257537618 225419899 1105
1627256264 498625096 897
558374247 1998491958 717
1567244717 267315636 302
124459617 558374247 702
1537524181 1985493487 173
884784753 1037693960 517
412743873 1107159791 280
727955870 887703324 995
62529100 887703324 1034
1707903975 742564489 679
1919627275 1389112121 656
1230059790 1567244717 650
1037693960 1113284787 290
1633512172 884784753 864
1837825129 1707903975 615
884784753 1257537618 583
1985493487 1230059790 263
194765718 1837825129 404
121380550 1136469686 1004
647172277 993714937 887
1389112121 1255750906 731
1707903975 585684249 22
608578630 647172277 252
1787219298 267315636 743
887703324 727955870 983
498625096 1255750906 167
121380550 194765718 639
412743873 1537524181 581
1257537618 558374247 584
608578630 1919627275 1028
1830362830 1985493487 1211
727955870 194765718 738
964293096 524728195 46
935983274 225419899 800
1998491958 1985493487 711
741217557 884784753 1036
727955870 1519903663 597
1110204651 676041745 580
524728195 524728195 14
727955870 1234664267 658
672490305 1710177334 858
727955870 1519903663 403
558374247 1787219298 754
1985493487 62529100 645
121380550 1110204651 483
524728195 1113284787 27
585684249 649820858 591
194765718 1136469686 90
558374247 39264551 704
558374247 1830362830 793
121380550 62529100 293
558374247 649820858 1123
875703798 691761614 140
1136469686 1257537618 105
302984815 1998491958 681
62529100 121380550 899
1519903663 875703798 19
585684249 741217557 575
302984815 1885447679 1182
585684249 412743873 1153
727955870 585684249 1133
1707903975 302984815 901
1633512172 1707903975 958
993714937 1037693960 489
524728195 1110204651 868
1787219298 1334308950 472
1919627275 1136469686 596
1445338805 267315636 95
121380550 672490305 471
964293096 691761614 544
1919627275 1113284787 1100
1985493487 1519903663 35
1230059790 691761614 551
672490305 884784753 1250
1519903663 267315636 1232
1885447679 742564489 322
742564489 498625096 39
1830362830 1885447679 180
1938033708 225419899 94
585684249 727955870 54
887703324 993714937 99
1567244717 1519903663 315
884784753 585684249 65
1830362830 672490305 939
81802146 676041745 957
81802146 1830362830 309
1255750906 676041745 319
1627256264 691761614 188
1887737216 1837825129 860
1919627275 1787219298 366
194765718 1107159791 782
647172277 1255750906 13
1710177334 1255750906 1152
1787219298 1567244717 456
1627256264 1998491958 708
1113284787 1830362830 215
121067933 993714937 1128
1567244717 649820858 855
672490305 1257537618 733
1234664267 39264551 1046
1787219298 39264551 1173
1334308950 1887737216 115
225419899 1633512172 662
524728195 608578630 6
225419899 1257537618 569
62529100 741217557 452
498625096 1627256264 563
875703798 1919627275 219
1537524181 1234664267 1212
121380550 1037693960 1142
1885447679 672490305 1050
741217557 1113284787 698
1445338805 1107159791 445
1567244717 1230059790 291
1830362830 608578630 485
1837825129 121067933 414
524728195 267315636 80
875703798 558374247 459
993714937 875703798 1169
1919627275 1919627275 514
697528898 124459617 861
672490305 993714937 726
1887737216 875703798 61
649820858 993714937 856
1389112121 727955870 411
267315636 1885447679 1078
1710177334 121067933 537
498625096 1389112121 560
1627256264 1257537618 124
1633512172 121380550 931
1885447679 225419899 1217
887703324 727955870 573
935983274 412743873 225
1787219298 647172277 817
39264551 1633512172 519
649820858 1633512172 838
1037693960 1998491958 648
1537524181 1885447679 331
498625096 1334308950 675
39264551 1885447679 1092
121380550 412743873 1193
81802146 1830362830 156
742564489 121067933 940
1037693960 741217557 1204
741217557 302984815 495
62529100 1234664267 267
964293096 1037693960 496
1837825129 1519903663 539
993714937 498625096 1187
647172277 1334308950 300
62529100 1998491958 906
887703324 1885447679 231
1998491958 267315636 1063
1885447679 1230059790 142
875703798 81802146 357
1919627275 267315636 400
121067933 194765718 1122
225419899 1938033708 420
1113284787 727955870 1045
1136469686 1919627275 377
1445338805 1334308950 1060
1445338805 498625096 828
935983274 1334308950 110
194765718 39264551 677
1519903663 935983274 418
691761614 697528898 1076
1519903663 1234664267 530
1830362830 1885447679 686
62529100 1537524181 474
1985493487 1710177334 911
1110204651 1837825129 809
1998491958 121067933 431
412743873 1230059790 369
1255750906 1334308950 41
742564489 1113284787 932
1938033708 964293096 1019
1998491958 935983274 53
1113284787 1519903663 1083
647172277 498625096 250
1519903663 194765718 807
964293096 1037693960 791
887703324 1837825129 769
1627256264 649820858 872
1537524181 727955870 1209
884784753 875703798 760
121067933 121067933 823
964293096 225419899 1243
1938033708 697528898 891
1234664267 498625096 1109
194765718 524728195 725
727955870 1230059790 974
1885447679 194765718 166
1037693960 225419899 342
524728195 691761614 77
887703324 1136469686 218
1107159791 1334308950 1185
676041745 1230059790 1222
887703324 1830362830 348
1887737216 1919627275 49
875703798 676041745 843
121067933 1938033708 773
1567244717 1537524181 262
1567244717 875703798 509
672490305 1107159791 371
1519903663 1887737216 716
1707903975 647172277 975
121380550 225419899 410
1837825129 412743873 1077
1519903663 524728195 524
1627256264 964293096 217
1136469686 498625096 802
1830362830 121067933 962
697528898 647172277 777
727955870 39264551 58
1919627275 1110204651 1189
1887737216 124459617 458
1257537618 697528898 951
1885447679 691761614 323
1885447679 964293096 946
1110204651 887703324 829
1136469686 558374247 376
124459617 1445338805 333
1037693960 194765718 752
1037693960 1255750906 762
1567244717 884784753 448
267315636 1113284787 362
1519903663 1037693960 1030
875703798 727955870 847
647172277 697528898 594
124459617 1887737216 772
1110204651 964293096 1207
412743873 1389112121 986
302984815 1230059790 955
1445338805 1257537618 1224
412743873 194765718 1170
884784753 875703798 24
691761614 558374247 149
1567244717 884784753 70
1887737216 672490305 494
1230059790 267315636 257
585684249 1998491958 413
1633512172 608578630 1048
691761614 558374247 765
1037693960 993714937 143
1627256264 608578630 191
1037693960 302984815 437
39264551 1234664267 1205
1998491958 1257537618 533
993714937 691761614 553
81802146 1107159791 45
121067933 1257537618 943
524728195 1837825129 739
884784753 1837825129 1135
935983274 1633512172 1226
742564489 302984815 447
121380550 1710177334 1114
676041745 1110204651 1213
993714937 1110204651 1011
1334308950 1887737216 174
964293096 1234664267 297
1037693960 1136469686 923
697528898 1998491958 611
884784753 884784753 391
1985493487 964293096 11
1707903975 39264551 1075
676041745 1633512172 301
1110204651 1255750906 66
608578630 1037693960 244
1567244717 1885447679 881
649820858 741217557 1062
1567244717 1113284787 236
1255750906 1136469686 878
1257537618 524728195 801
649820858 1136469686 556
691761614 1710177334 30
1707903975 524728195 715
558374247 741217557 12
39264551 302984815 918
39264551 267315636 601
887703324 39264551 1164
993714937 1113284787 160
1537524181 1110204651 504
1037693960 1234664267 230
964293096 267315636 394
727955870 1787219298 329
697528898 1837825129 104
964293096 412743873 87
1537524181 741217557 200
121380550 524728195 660
1230059790 1113284787 1201
558374247 935983274 1066
875703798 1919627275 1215
1633512172 1255750906 758
1985493487 672490305 764
81802146 1107159791 339
608578630 1938033708 813
1938033708 1037693960 1242
647172277 964293096 972
1230059790 1255750906 935
1537524181 1938033708 1052
1885447679 62529100 890
672490305 1627256264 435
194765718 727955870 334
741217557 1110204651 387
1567244717 524728195 390
1537524181 647172277 672
964293096 1567244717 857
225419899 1627256264 617
121380550 1107159791 1140
524728195 741217557 332
412743873 1107159791 29
1787219298 1389112121 238
1627256264 1887737216 320
1519903663 935983274 892
1445338805 691761614 1098
1037693960 742564489 910
1885447679 608578630 52
39264551 81802146 1248
691761614 672490305 421
884784753 875703798 125
676041745 225419899 531
993714937 1938033708 841
524728195 124459617 359
1985493487 1710177334 4
498625096 1037693960 914
1389112121 124459617 492
1113284787 558374247 350
727955870 1334308950 399
1938033708 81802146 284
1519903663 1113284787 311
1113284787 194765718 1177
1234664267 727955870 436
62529100 1113284787 181
884784753 691761614 654
1037693960 1230059790 273
1136469686 1037693960 67
1037693960 935983274 1086
742564489 1113284787 790
1110204651 1037693960 1040
1389112121 498625096 356
1445338805 1107159791 93
1633512172 412743873 349
741217557 1985493487 268
697528898 1445338805 970
585684249 121380550 623
691761614 1885447679 558
1537524181 124459617 774
742564489 1037693960 565
647172277 498625096 643
1633512172 697528898 1059
727955870 1837825129 851
1627256264 225419899 409
727955870 1887737216 811
647172277 585684249 978
62529100 81802146 432
1234664267 1537524181 678
1136469686 121067933 1246
81802146 1985493487 588
1113284787 1257537618 706
884784753 1710177334 1035
649820858 81802146 1147
649820858 1110204651 251
1567244717 1519903663 1196
1885447679 1567244717 1117
1938033708 194765718 799
1445338805 935983274 916
647172277 742564489 628
1938033708 412743873 108
1919627275 524728195 308
1837825129 498625096 984
1998491958 81802146 779
1257537618 1633512172 208
1830362830 524728195 270
1537524181 1113284787 836
884784753 302984815 402
1136469686 121380550 750
647172277 1985493487 385
1938033708 1707903975 1202
608578630 1230059790 1002
1567244717 649820858 794
1998491958 1830362830 227
121067933 302984815 286
81802146 412743873 63
412743873 1985493487 787
1998491958 1136469686 383
887703324 884784753 839
1919627275 498625096 118
121380550 524728195 909
1107159791 1787219298 641
993714937 935983274 1174
225419899 1919627275 863
39264551 1885447679 59
875703798 964293096 538
1334308950 1234664267 1186
1037693960 1919627275 749
649820858 887703324 859
676041745 1537524181 1084
1113284787 1567244717 102
1255750906 741217557 619
124459617 124459617 296
935983274 62529100 130
1887737216 1334308950 145
1887737216 412743873 78
935983274 672490305 395
1998491958 1707903975 463
1234664267 1887737216 503
1787219298 875703798 198
302984815 1234664267 920
524728195 691761614 1163
267315636 302984815 934
649820858 62529100 834
647172277 672490305 148
1334308950 1707903975 31
884784753 1885447679 1214
124459617 1938033708 889
412743873 1136469686 742
39264551 124459617 1003
62529100 585684249 902
935983274 1136469686 141
1938033708 649820858 82
1234664267 935983274 1074
524728195 121380550 712
727955870 1837825129 1203
993714937 1519903663 1151
