2444 7
1722493895 1892503575 2418
1729859488 466131523 1473
132315776 66265365 228
71832223 576720268 1682
1729859488 1640806252 2073
71832223 253341591 499
1090773216 180925766 80
434619298 1039456594 858
1266063315 1125768034 1054
320200363 794785643 133
166867579 474585281 1851
479958906 1913507946 2378
1033897272 109507741 2393
911099142 925409042 573
1266063315 320200363 726
1054035632 71982325 2277
1892503575 1944211600 851
71982325 1266063315 634
1365826998 1478888648 2061
71832223 547349807 953
37078599 1696508219 716
1512050747 1006863364 233
547349807 37078599 632
1575239583 929612404 1482
253341591 929612404 828
103039458 1640806252 1906
576720268 459849871 1790
165757893 37078599 1710
1892503575 1059646514 1215
1266063315 1832898945 286
1039456594 389806835 59
1465731843 1033897272 687
1090773216 43058813 527
1184198397 66265365 633
1596817544 71832223 2252
166867579 1033897272 1691
1892503575 1242050678 225
1033897272 1385518169 2001
925409042 1597423790 848
109507741 1097717933 1225
479958906 948524229 606
948524229 1090773216 1030
166867579 442924972 582
71982325 1575239583 2282
62110606 1478888648 1388
474585281 1131223356 1780
459849871 1948553397 852
1131223356 1913507946 529
1981832165 1059646514 654
1054035632 893888621 2335
1059646514 165757893 1891
180925766 320200363 1761
1478888648 434619298 1238
1465731843 1097717933 1332
165757893 1266063315 1412
180925766 459849871 1670
1729859488 1657877164 2337
893888621 1696508219 393
1729859488 474585281 2155
960528416 1894147842 2195
37078599 1899397787 1206
55716887 1385518169 1479
893888621 43988709 580
109507741 1832898945 787
43988709 165757893 125
320200363 1125768034 1700
777363862 1006863364 1008
576720268 389806835 1450
1125768034 1033897272 926
389806835 1696508219 505
1596817544 1385518169 1497
166867579 55716887 2338
1710969788 925409042 114
66265365 1582198786 596
1437534204 623132653 2046
1125768034 1385518169 2341
71982325 1011339565 1362
1184198397 103039458 1963
929612404 1242050678 1531
62110606 1545211895 822
547349807 1018940994 2157
434619298 117727034 1969
1596817544 1039456594 1263
479958906 960528416 1444
1948553397 1478888648 981
1640806252 960528416 1803
1059646514 66265365 1224
1039456594 795435669 1058
1894147842 1039456594 1785
777363862 1722493895 703
1582198786 209352883 1923
911099142 893888621 891
1039456594 55716887 97
389806835 948524229 1519
66265365 1892503575 2087
1090773216 1582198786 850
1512050747 253341591 1737
1700102873 1184198397 1920
1596817544 1011339565 303
1125768034 576720268 1341
209352883 1575239583 1805
133084568 1385518169 1569
234742042 474585281 1382
1184592478 1148964334 1628
389806835 442924972 477
893888621 234742042 30
1266063315 1640806252 466
1184592478 1640806252 409
1913507946 165757893 1431
1832898945 784198422 1100
466131523 795435669 1909
1913507946 62110606 312
479958906 253341591 2351
1054035632 925409042 1139
948524229 784198422 1753
1512050747 1512050747 331
1266063315 313091328 812
1465731843 253341591 155
1054035632 180925766 232
43058813 1148964334 2113
1465731843 1478888648 156
1097717933 1033897272 448
209352883 459849871 2171
1948553397 1981832165 2333
1899397787 1385518169 2133
1710969788 1597423790 242
43058813 320200363 245
1184592478 1365826998 1271
1365826998 1242050678 1299
1125768034 1689390805 421
1913507946 576720268 115
1689390805 1125768034 651
253341591 1090773216 1246
43988709 909056494 1438
1899397787 1059646514 2121
1512050747 1597423790 676
795435669 1512050747 1111
389806835 777363862 2142
165757893 623132653 2391
960528416 1913507946 56
62110606 253341591 1619
925409042 66265365 1636
209352883 1657877164 1196
1465731843 909056494 1105
1054035632 1131223356 924
1125768034 960528416 460
960528416 166867579 2265
1657877164 43988709 1565
466131523 1437534204 11
1657877164 1242050678 846
1913507946 795435669 1164
43988709 1981832165 1914
1545211895 1194231093 764
62110606 1006863364 327
466131523 1899397787 273
893888621 1657877164 1318
1696508219 1184592478 339
1729859488 1832898945 93
1097717933 1437534204 1986
1640806252 1385518169 455
576720268 1948553397 2279
925409042 623132653 1094
1194231093 1242050678 443
71982325 1465731843 1554
1722493895 1242050678 1731
1131223356 165757893 1081
1710969788 320200363 1732
1131223356 1033897272 2023
784198422 466131523 1609
1465731843 1018940994 113
1054035632 71832223 1932
180925766 66265365 1440
180925766 1006863364 473
474585281 103039458 585
1729859488 795435669 531
925409042 1596817544 2298
1722493895 1597423790 209
1913507946 1832898945 2118
71832223 1242050678 723
1465731843 1194231093 423
1913507946 1657877164 1121
1033897272 320200363 2349
474585281 820059929 165
794785643 1832898945 185
1596817544 1006863364 1688
1575239583 1365826998 426
180925766 1512050747 265
1710969788 459849871 2034
784198422 209352883 1521
1640806252 1948553397 1371
1696508219 1512050747 1337
1385518169 1054035632 2020
960528416 1033897272 110
1689390805 1545211895 1467
795435669 1575239583 699
777363862 909056494 884
1465731843 166867579 359
1097717933 1657877164 2281
37078599 466131523 169
209352883 442924972 897
459849871 43058813 2316
71982325 1465731843 105
1018940994 43058813 1453
43988709 66265365 1970
109507741 37078599 537
1640806252 1006863364 2389
1832898945 132315776 1783
909056494 1582198786 1493
389806835 1657877164 1158
1437534204 960528416 2401
795435669 1033897272 154
1689390805 1365826998 778
1948553397 948524229 257
1242050678 1006863364 74
1365826998 820059929 100
132315776 117727034 1580
474585281 1242050678 1644
1242050678 1478888648 137
1700102873 547349807 892
1512050747 1689390805 268
1184198397 795435669 345
1948553397 1657877164 1798
1899397787 1465731843 911
795435669 1722493895 1946
132315776 66265365 482
117727034 893888621 1694
1437534204 234742042 1990
62110606 1597423790 1172
1700102873 1944211600 2057
794785643 1913507946 746
1125768034 1710969788 1845
1097717933 1729859488 1815
313091328 1148964334 2439
103039458 1640806252 288
117727034 820059929 587
1913507946 117727034 1702
313091328 1729859488 1245
1944211600 1131223356 516
777363862 1981832165 164
132315776 1944211600 1801
1097717933 1423135123 98
1018940994 1097717933 411
1913507946 1184198397 759
1596817544 1689390805 2271
71982325 166867579 319
1512050747 929612404 1502
1011339565 103039458 1423
474585281 71982325 2071
1696508219 389806835 1939
1365826998 71982325 986
133084568 1039456594 456
1657877164 576720268 2423
795435669 1018940994 1038
1657877164 103039458 1115
576720268 1018940994 18
1710969788 1981832165 1323
576720268 1125768034 591
777363862 1545211895 1542
1054035632 1184592478 701
1266063315 1033897272 1291
911099142 62110606 178
1194231093 893888621 1492
1365826998 313091328 1409
434619298 794785643 1983
180925766 911099142 1253
253341591 1054035632 2266
1465731843 37078599 1748
960528416 1148964334 136
784198422 1194231093 619
909056494 442924972 1633
133084568 313091328 163
1033897272 1545211895 1311
1597423790 960528416 1743
1582198786 71832223 323
1006863364 1981832165 1631
1194231093 1640806252 2056
474585281 1385518169 61
1545211895 117727034 1045
313091328 1729859488 1180
434619298 1899397787 131
55716887 66265365 459
925409042 1018940994 617
320200363 1423135123 1763
1059646514 320200363 383
1729859488 1266063315 1277
1640806252 777363862 1772
1465731843 1465731843 1613
1657877164 1582198786 40
209352883 1892503575 1292
893888621 1148964334 1699
37078599 474585281 1512
1242050678 1039456594 432
71832223 474585281 316
62110606 1184592478 302
1097717933 1729859488 374
1478888648 1365826998 889
1097717933 1892503575 269
133084568 1097717933 2323
180925766 794785643 235
43988709 784198422 626
313091328 1597423790 808
71982325 1054035632 523
1018940994 1039456594 1869
66265365 313091328 1216
253341591 1894147842 1606
459849871 1575239583 733
1194231093 62110606 544
166867579 165757893 667
442924972 925409042 1729
1657877164 43988709 311
1512050747 166867579 767
911099142 1512050747 1659
71982325 1365826998 1664
1913507946 1006863364 1120
1545211895 784198422 572
1582198786 165757893 1620
1039456594 1596817544 930
1582198786 1465731843 2084
180925766 623132653 1575
1148964334 547349807 1424
1054035632 1545211895 906
1981832165 1018940994 540
234742042 1894147842 2398
1266063315 1722493895 1297
1385518169 1640806252 357
66265365 1657877164 2066
1465731843 71982325 1984
1596817544 1913507946 2162
109507741 442924972 230
117727034 1011339565 1062
911099142 925409042 226
1944211600 1722493895 1394
1729859488 1640806252 2228
1582198786 1385518169 2246
1657877164 1894147842 1079
1478888648 1423135123 2005
1011339565 1184198397 1859
911099142 1575239583 1662
165757893 1710969788 2093
1700102873 117727034 1048
103039458 1033897272 2216
1545211895 434619298 2183
442924972 1894147842 2188
1657877164 784198422 1017
442924972 1097717933 1227
1899397787 794785643 847
1696508219 925409042 1373
1832898945 459849871 320
1131223356 1184592478 326
1894147842 1913507946 1352
133084568 37078599 1895
1892503575 1437534204 1490
1125768034 1423135123 1518
253341591 133084568 270
1575239583 389806835 2170
1892503575 1512050747 1287
1039456594 1899397787 513
234742042 1696508219 1517
71982325 180925766 1171
43988709 165757893 1422
1054035632 389806835 96
132315776 1131223356 1660
1700102873 929612404 414
960528416 911099142 670
1242050678 1597423790 378
434619298 1575239583 876
43988709 1478888648 1001
133084568 43058813 861
794785643 55716887 1328
1039456594 1710969788 291
209352883 1437534204 1947
777363862 320200363 777
133084568 1545211895 1959
623132653 1582198786 1190
71982325 253341591 231
1125768034 109507741 70
1700102873 1097717933 2224
925409042 103039458 1768
1512050747 1657877164 1211
253341591 466131523 1568
1194231093 794785643 2197
1729859488 795435669 1945
389806835 1184198397 44
893888621 576720268 775
1894147842 117727034 1695
103039458 1033897272 807
133084568 1131223356 399
576720268 1194231093 1461
909056494 62110606 534
1054035632 1710969788 1077
103039458 1689390805 2104
66265365 1892503575 1936
1729859488 1892503575 1309
547349807 1832898945 2235
1944211600 1018940994 1615
1892503575 55716887 22
1729859488 1365826998 450
893888621 459849871 1252
1006863364 795435669 1864
1832898945 1125768034 2151
55716887 794785643 1442
784198422 893888621 337
1710969788 109507741 1343
479958906 1006863364 776
1729859488 925409042 675
109507741 911099142 1221
479958906 66265365 487
576720268 1148964334 1319
66265365 1729859488 659
777363862 253341591 1169
1039456594 133084568 1549
1039456594 1006863364 902
434619298 1832898945 1463
1575239583 1148964334 1788
234742042 1194231093 1351
1657877164 960528416 1272
165757893 960528416 1392
1512050747 909056494 553
320200363 466131523 1842
909056494 474585281 645
55716887 1018940994 1213
1512050747 1465731843 2128
253341591 1184592478 1791
1948553397 960528416 1132
1006863364 1033897272 1257
1194231093 1365826998 367
1596817544 1894147842 1066
1944211600 1700102873 1689
1054035632 71832223 945
1710969788 1729859488 2016
466131523 71832223 1506
1832898945 1894147842 262
1385518169 547349807 973
1365826998 37078599 696
359208669 1194231093 1329
234742042 1913507946 2289
1018940994 795435669 1888
1545211895 234742042 1813
389806835 1832898945 671
1899397787 784198422 1912
442924972 784198422 1940
1582198786 1696508219 1829
1039456594 37078599 1260
71832223 1894147842 1259
1090773216 55716887 854
43988709 1266063315 200
1899397787 66265365 1073
929612404 777363862 1300
1184198397 1148964334 2000
1689390805 1722493895 1934
1039456594 1832898945 2230
794785643 623132653 1996
1596817544 459849871 333
1465731843 166867579 2414
576720268 1696508219 2296
109507741 62110606 1786
777363862 1006863364 2062
37078599 459849871 296
479958906 133084568 317
1365826998 1125768034 1879
1437534204 960528416 346
777363862 909056494 1796
1478888648 1832898945 2332
459849871 389806835 2218
209352883 1131223356 171
1131223356 66265365 1841
929612404 180925766 1090
165757893 442924972 2131
459849871 960528416 27
1365826998 43988709 2249
777363862 1722493895 2343
1148964334 893888621 1766
1722493895 1710969788 1420
62110606 442924972 1862
1184198397 1465731843 1853
479958906 43058813 434
133084568 132315776 1494
1266063315 1710969788 576
313091328 795435669 1113
795435669 960528416 2394
929612404 1423135123 1136
1184592478 459849871 1679
71832223 1944211600 1219
71982325 1194231093 2037
1478888648 1018940994 1667
43988709 479958906 1977
1722493895 442924972 1102
929612404 117727034 2325
1242050678 1125768034 1626
909056494 1582198786 720
1700102873 1125768034 1817
1596817544 1657877164 1725
66265365 37078599 925
117727034 1097717933 202
1913507946 929612404 130
1125768034 1944211600 2307
1710969788 1899397787 1583
1090773216 459849871 623
1575239583 43058813 177
133084568 1097717933 1860
1545211895 794785643 1892
43988709 474585281 869
1899397787 1913507946 1616
1657877164 209352883 1296
1832898945 1892503575 589
1090773216 1059646514 161
479958906 1090773216 104
320200363 1033897272 447
547349807 948524229 1161
1148964334 784198422 908
1097717933 180925766 2146
1148964334 1944211600 2268
132315776 820059929 1612
547349807 1512050747 330
234742042 1575239583 2182
1582198786 547349807 2404
165757893 1696508219 2173
1892503575 925409042 728
1006863364 1097717933 2134
1131223356 165757893 522
459849871 165757893 1885
1033897272 66265365 2272
1948553397 1011339565 2025
1385518169 929612404 1064
466131523 547349807 1982
1722493895 1729859488 1223
1011339565 784198422 2422
1892503575 165757893 1327
320200363 66265365 2327
911099142 1148964334 1586
133084568 1059646514 943
1054035632 1657877164 2102
1194231093 1423135123 1629
1266063315 1892503575 151
1722493895 166867579 1406
1465731843 547349807 412
1981832165 1423135123 1537
1184198397 253341591 730
165757893 1894147842 600
960528416 1006863364 1578
62110606 1597423790 1736
1054035632 794785643 966
43058813 929612404 2441
1097717933 1657877164 1918
1090773216 43988709 528
43058813 925409042 1774
1478888648 1125768034 898
1948553397 1011339565 961
777363862 165757893 2030
55716887 1242050678 1878
1365826998 1512050747 2253
1148964334 547349807 488
960528416 1832898945 1084
794785643 166867579 1470
359208669 925409042 793
1832898945 1512050747 856
1033897272 71832223 379
389806835 466131523 1141
359208669 960528416 2400
1689390805 1011339565 1741
1700102873 1892503575 938
103039458 474585281 1716
1242050678 1640806252 1448
1423135123 820059929 702
1423135123 1729859488 844
1899397787 623132653 1827
1913507946 1944211600 818
1423135123 1722493895 1466
1700102873 117727034 1943
960528416 960528416 1925
103039458 1899397787 2412
794785643 1597423790 1067
1018940994 66265365 1187
1423135123 1944211600 2075
117727034 1365826998 1721
1385518169 55716887 1693
1184592478 103039458 2259
1899397787 1657877164 2342
925409042 442924972 1043
466131523 133084568 2408
1365826998 1194231093 1098
1184198397 1948553397 1487
1423135123 1981832165 210
109507741 1894147842 62
1131223356 1018940994 1991
1033897272 1148964334 1992
479958906 1242050678 496
1948553397 623132653 1069
43058813 1696508219 2210
1184198397 1696508219 297
66265365 1700102873 2255
1478888648 313091328 859
234742042 1478888648 1191
1582198786 71982325 1903
909056494 1512050747 548
893888621 1125768034 198
1657877164 1710969788 1675
1597423790 1899397787 1605
459849871 474585281 1744
1913507946 1582198786 470
133084568 166867579 1491
109507741 909056494 2206
234742042 434619298 2088
1242050678 1981832165 912
1033897272 1385518169 197
1899397787 62110606 2089
1582198786 434619298 63
234742042 1131223356 2256
1913507946 389806835 546
911099142 1006863364 1948
777363862 1465731843 55
66265365 795435669 1396
1832898945 66265365 2313
459849871 55716887 2117
1894147842 576720268 2153
1710969788 62110606 1707
133084568 1097717933 1127
43988709 479958906 2044
909056494 1184592478 1488
133084568 103039458 2115
313091328 1365826998 1668
117727034 1242050678 1389
1710969788 253341591 1877
893888621 43988709 2336
253341591 166867579 559
1125768034 109507741 1692
253341591 1242050678 207
389806835 1722493895 82
209352883 1266063315 888
1131223356 1437534204 2209
133084568 547349807 2156
165757893 1696508219 373
820059929 794785643 2190
777363862 1365826998 1408
474585281 180925766 1773
466131523 1090773216 2319
320200363 133084568 402
55716887 1018940994 150
133084568 1596817544 1129
459849871 234742042 435
253341591 1385518169 1561
777363862 103039458 1186
1131223356 313091328 656
1125768034 1948553397 2129
1131223356 576720268 1074
1184198397 234742042 2377
1018940994 623132653 1477
1423135123 1913507946 685
1097717933 1365826998 2308
911099142 1437534204 870
479958906 1545211895 1655
62110606 784198422 37
389806835 925409042 179
1696508219 1097717933 1584
1700102873 71982325 2360
1894147842 1545211895 236
1054035632 1011339565 886
1729859488 1054035632 1810
1696508219 71982325 1650
1722493895 1437534204 191
1184198397 180925766 1962
1722493895 1948553397 2409
359208669 1700102873 1627
911099142 1423135123 877
547349807 1423135123 1462
1832898945 1194231093 463
459849871 1033897272 65
253341591 929612404 2068
547349807 1006863364 747
1894147842 1465731843 1198
1365826998 1582198786 774
1266063315 820059929 336
820059929 1033897272 1504
459849871 1148964334 2362
1913507946 929612404 405
547349807 820059929 823
1090773216 1696508219 2340
1640806252 479958906 1445
1596817544 166867579 1176
133084568 313091328 1653
71982325 1266063315 2430
117727034 1729859488 23
234742042 1184198397 403
784198422 1423135123 2107
1242050678 1689390805 2317
1894147842 1006863364 68
43988709 37078599 1683
784198422 1696508219 2168
893888621 459849871 1248
1582198786 66265365 1294
253341591 960528416 1125
474585281 795435669 2108
359208669 1892503575 1826
1597423790 1478888648 1399
1090773216 1710969788 2366
165757893 1437534204 263
795435669 777363862 601
37078599 1710969788 880
1597423790 1266063315 2031
1266063315 1385518169 1082
1184592478 1437534204 1369
1097717933 1194231093 348
893888621 1899397787 1407
117727034 1242050678 1755
1722493895 434619298 1794
820059929 911099142 234
547349807 320200363 106
1981832165 1640806252 2015
1657877164 71832223 1153
1011339565 55716887 324
1125768034 1184198397 2114
794785643 1059646514 810
66265365 66265365 2262
1125768034 234742042 1441
1131223356 1039456594 1288
1948553397 1059646514 1057
442924972 948524229 1804
71982325 1194231093 2217
1710969788 1090773216 1317
66265365 925409042 1639
820059929 1437534204 684
43988709 133084568 298
547349807 1582198786 2314
1575239583 1033897272 1455
929612404 1894147842 28
1832898945 474585281 1607
132315776 1512050747 243
43058813 180925766 1883
389806835 180925766 49
117727034 479958906 1212
117727034 1242050678 2181
253341591 1981832165 495
1437534204 1478888648 1663
1597423790 359208669 1938
466131523 1913507946 700
234742042 442924972 238
1981832165 320200363 240
547349807 777363862 2257
66265365 1582198786 71
1090773216 784198422 1375
479958906 466131523 1170
1832898945 1033897272 299
893888621 1018940994 1361
37078599 103039458 1025
1033897272 479958906 592
1423135123 1018940994 913
1729859488 909056494 549
948524229 165757893 2137
784198422 794785643 2428
132315776 1059646514 1608
234742042 1131223356 929
1059646514 1054035632 244
71832223 165757893 2344
117727034 389806835 2443
474585281 1184592478 2179
1437534204 929612404 1800
62110606 209352883 1261
1365826998 777363862 780
1545211895 37078599 36
474585281 893888621 2291
893888621 1365826998 398
794785643 1722493895 503
1437534204 1039456594 214
37078599 43988709 445
1478888648 1365826998 1876
1423135123 1242050678 1483
576720268 1894147842 1119
1689390805 71982325 610
389806835 1385518169 1676
1596817544 623132653 691
466131523 1097717933 287
132315776 784198422 935
1640806252 479958906 322
1054035632 1899397787 1818
547349807 623132653 2007
623132653 132315776 994
1266063315 389806835 964
1981832165 1892503575 932
209352883 1006863364 1363
795435669 1054035632 142
43988709 1597423790 2419
434619298 103039458 1941
1640806252 359208669 1130
1054035632 55716887 129
1981832165 474585281 860
777363862 1423135123 1968
960528416 1184592478 1060
71832223 820059929 1665
1090773216 1596817544 1173
313091328 929612404 543
1722493895 320200363 1678
166867579 909056494 558
1722493895 1184592478 941
1006863364 1696508219 266
547349807 1944211600 1910
1657877164 576720268 1270
909056494 1465731843 416
1184198397 1944211600 2311
165757893 929612404 1777
133084568 62110606 1298
1125768034 1090773216 239
71832223 62110606 732
1892503575 1545211895 2402
165757893 55716887 424
1892503575 1722493895 680
359208669 1944211600 1395
1184198397 893888621 871
442924972 359208669 1811
909056494 547349807 1357
117727034 623132653 1335
62110606 109507741 386
474585281 466131523 1336
1575239583 1689390805 1893
117727034 43988709 175
434619298 1582198786 2275
784198422 1039456594 10
133084568 132315776 715
253341591 1478888648 2261
1700102873 795435669 698
1944211600 1512050747 1436
313091328 794785643 314
1575239583 459849871 2299
820059929 1892503575 1398
442924972 1545211895 2227
434619298 43058813 1124
784198422 1710969788 901
623132653 1437534204 1886
62110606 55716887 54
1006863364 1597423790 1340
359208669 1006863364 705
466131523 234742042 579
1437534204 820059929 167
1385518169 466131523 1051
820059929 1033897272 936
1894147842 1006863364 229
1148964334 1097717933 1690
1097717933 1696508219 396
1640806252 1385518169 1367
1899397787 1194231093 650
109507741 1437534204 2152
434619298 784198422 1863
1006863364 37078599 64
71832223 1832898945 1411
820059929 820059929 440
1640806252 623132653 490
389806835 66265365 1230
389806835 103039458 2297
1596817544 109507741 967
1512050747 1913507946 101
1722493895 180925766 1656
1700102873 794785643 498
320200363 132315776 190
1640806252 1913507946 1687
1423135123 576720268 1068
909056494 1545211895 1401
1913507946 1423135123 2353
479958906 948524229 2215
1090773216 1054035632 598
893888621 1892503575 446
1194231093 117727034 1011
1437534204 1184198397 1089
474585281 1184592478 1849
1465731843 1125768034 2090
1125768034 1710969788 532
1981832165 1710969788 354
1184592478 1944211600 1540
71982325 1266063315 1998
1131223356 1478888648 2138
1148964334 1710969788 410
1689390805 1575239583 748
37078599 133084568 2345
1242050678 1894147842 1593
313091328 893888621 123
1148964334 359208669 1711
1097717933 37078599 1997
623132653 71982325 417
547349807 1710969788 1697
784198422 1948553397 1149
66265365 55716887 564
1710969788 1948553397 2116
960528416 109507741 2413
1832898945 71832223 1086
893888621 43058813 885
547349807 1465731843 1858
434619298 434619298 2361
1689390805 1729859488 766
1582198786 166867579 922
1097717933 1011339565 1898
71982325 911099142 1978
165757893 117727034 146
623132653 1011339565 2264
1832898945 1596817544 2309
1006863364 893888621 462
1423135123 165757893 1913
1596817544 1194231093 1279
1689390805 71982325 143
109507741 1365826998 1174
1575239583 1423135123 134
1266063315 1242050678 864
1090773216 1575239583 2286
43058813 795435669 2012
777363862 929612404 2225
948524229 1465731843 1083
1700102873 1423135123 657
1018940994 1582198786 2076
1006863364 1913507946 1099
1832898945 133084568 430
133084568 253341591 985
71982325 1018940994 1672
1832898945 1194231093 388
109507741 1545211895 1345
479958906 43058813 1177
1437534204 1365826998 1443
795435669 929612404 735
1948553397 1640806252 1304
55716887 66265365 1806
55716887 820059929 1596
1033897272 960528416 1393
1184198397 1033897272 2221
1689390805 1385518169 1960
234742042 1423135123 2086
459849871 1689390805 1143
948524229 117727034 1000
1465731843 1006863364 1284
1948553397 1545211895 1439
911099142 209352883 2100
1640806252 1033897272 2392
1689390805 1090773216 1214
1097717933 1184198397 853
576720268 313091328 433
1894147842 1018940994 1359
62110606 1090773216 1902
359208669 459849871 1338
909056494 103039458 2356
1018940994 1597423790 1610
1097717933 623132653 1625
313091328 253341591 1495
820059929 1700102873 1550
1018940994 166867579 1400
1184592478 1184592478 2101
1700102873 1832898945 308
1899397787 1018940994 2048
442924972 1640806252 1762
893888621 180925766 1478
1437534204 1184592478 1673
1981832165 459849871 2385
1729859488 66265365 1007
1184592478 1125768034 85
1242050678 43988709 1908
1948553397 1582198786 923
1184592478 389806835 1321
1512050747 1478888648 1192
1700102873 313091328 2126
1423135123 1039456594 736
1437534204 820059929 1339
37078599 71982325 916
55716887 43988709 1904
1913507946 1465731843 813
1242050678 209352883 1979
1184198397 442924972 1899
1465731843 1148964334 1070
1710969788 1018940994 866
209352883 71982325 16
1184592478 1011339565 1534
1039456594 389806835 552
1365826998 434619298 2368
1640806252 1696508219 1961
1575239583 623132653 669
1894147842 1892503575 969
1125768034 1097717933 875
253341591 623132653 1404
1006863364 1582198786 1602
1944211600 132315776 138
1006863364 1729859488 77
1832898945 1944211600 1486
359208669 1710969788 1117
1722493895 925409042 1165
911099142 1948553397 1377
1582198786 466131523 637
434619298 62110606 453
1437534204 117727034 627
103039458 359208669 708
66265365 1059646514 1024
1722493895 209352883 2080
71982325 948524229 1193
1689390805 784198422 770
1700102873 1575239583 76
1596817544 1575239583 1931
623132653 1913507946 1881
820059929 777363862 259
1194231093 209352883 352
1059646514 1097717933 1222
1545211895 1657877164 2021
1184592478 1018940994 1582
1710969788 62110606 597
1596817544 1657877164 141
209352883 1018940994 2388
547349807 576720268 237
1657877164 1365826998 796
1437534204 1125768034 995
434619298 1059646514 335
1131223356 1054035632 1635
1437534204 1090773216 1425
389806835 929612404 358
166867579 1597423790 8
1194231093 623132653 1003
1596817544 66265365 996
434619298 929612404 1009
109507741 1039456594 2112
1832898945 442924972 484
1545211895 1385518169 1217
795435669 1640806252 1927
1899397787 1194231093 673
479958906 1090773216 1545
1596817544 1090773216 1503
1194231093 117727034 419
1018940994 1478888648 2236
1194231093 71982325 472
442924972 1385518169 1322
1596817544 1423135123 153
1184592478 893888621 427
1575239583 1184198397 452
234742042 960528416 786
320200363 1018940994 46
1054035632 1437534204 1981
925409042 1512050747 2004
1596817544 1184592478 2432
1011339565 434619298 1052
234742042 1184198397 962
1640806252 1090773216 565
1365826998 1729859488 2199
1722493895 442924972 1937
1981832165 109507741 272
109507741 43988709 1415
1018940994 1899397787 1116
1575239583 1148964334 5
209352883 1696508219 2
893888621 1033897272 2054
1097717933 109507741 458
1913507946 479958906 2365
1582198786 909056494 2326
43058813 1194231093 1525
1696508219 1125768034 761
103039458 1710969788 481
1148964334 1700102873 1152
37078599 623132653 1819
1700102873 1596817544 1726
1385518169 1913507946 186
109507741 37078599 894
37078599 1729859488 2177
466131523 893888621 60
929612404 1006863364 1035
1832898945 1184592478 2204
1596817544 911099142 325
1184592478 1894147842 1669
37078599 62110606 79
1478888648 132315776 2219
66265365 1545211895 1123
117727034 209352883 1146
1657877164 911099142 797
442924972 474585281 1042
820059929 1944211600 928
133084568 1039456594 2278
1059646514 1423135123 1942
43058813 1981832165 1757
1266063315 209352883 874
62110606 1018940994 2346
1892503575 71832223 919
1033897272 1385518169 1884
1011339565 133084568 605
820059929 1033897272 1037
1729859488 911099142 2189
794785643 1097717933 569
1011339565 180925766 2330
133084568 209352883 1590
795435669 359208669 1954
1640806252 1892503575 1452
359208669 1054035632 217
1944211600 960528416 2292
359208669 1597423790 15
623132653 442924972 1847
1033897272 253341591 648
1266063315 1700102873 840
474585281 1913507946 1456
1011339565 547349807 1434
209352883 1437534204 2241
1365826998 1033897272 1742
820059929 1437534204 2406
1011339565 1696508219 204
893888621 1018940994 781
1465731843 547349807 109
1148964334 43058813 278
434619298 1033897272 865
71982325 1131223356 704
313091328 1437534204 2350
1545211895 1944211600 2106
1011339565 1125768034 2059
180925766 1545211895 1889
474585281 71982325 2276
1689390805 1729859488 216
109507741 784198422 41
576720268 1059646514 89
320200363 1423135123 1566
1657877164 1131223356 1706
948524229 1700102873 831
1465731843 1242050678 363
1545211895 929612404 1658
960528416 313091328 187
794785643 71832223 1838
1033897272 43988709 1203
1385518169 234742042 118
1981832165 576720268 1807
180925766 132315776 310
1640806252 43988709 1142
359208669 1039456594 835
1184592478 62110606 1480
1729859488 434619298 1151
1131223356 459849871 1305
909056494 66265365 1951
1832898945 1722493895 1354
1545211895 1689390805 2196
459849871 925409042 514
1090773216 165757893 425
320200363 132315776 2027
1018940994 109507741 1218
1054035632 320200363 128
62110606 1981832165 1168
43058813 1596817544 1195
234742042 1575239583 95
1242050678 1423135123 2158
1710969788 66265365 1208
795435669 1011339565 1745
1832898945 1597423790 108
948524229 784198422 1293
1700102873 103039458 1464
1640806252 777363862 1598
109507741 1194231093 1126
1465731843 1722493895 2237
253341591 1894147842 2022
1184592478 784198422 944
1899397787 1385518169 1872
1097717933 442924972 103
960528416 1596817544 1787
442924972 1266063315 454
1892503575 893888621 834
62110606 71982325 2010
1478888648 466131523 1154
359208669 234742042 2248
1423135123 180925766 1110
133084568 1545211895 672
1545211895 1597423790 1269
474585281 820059929 1720
777363862 1033897272 401
1194231093 234742042 725
911099142 1125768034 1085
1184592478 359208669 2329
1184198397 117727034 413
925409042 1913507946 951
1657877164 794785643 965
1365826998 165757893 890
784198422 1689390805 461
1657877164 1006863364 1429
55716887 1184592478 1764
1006863364 547349807 264
320200363 1423135123 1966
1385518169 1892503575 347
1597423790 1582198786 1957
1899397787 1090773216 2167
442924972 103039458 1782
1582198786 1039456594 2036
1018940994 1033897272 1046
1054035632 474585281 1701
234742042 466131523 408
166867579 43058813 1324
1131223356 234742042 2397
1582198786 320200363 2231
117727034 1184592478 1368
784198422 1194231093 1809
1913507946 1437534204 957
253341591 1597423790 1451
1365826998 1039456594 970
1597423790 1657877164 2124
1575239583 1423135123 1421
479958906 359208669 1524
55716887 1944211600 2242
313091328 37078599 692
1545211895 1033897272 2383
1184592478 66265365 2427
1689390805 103039458 2376
1729859488 893888621 2284
1575239583 1657877164 1325
909056494 389806835 1965
1242050678 209352883 1643
1184592478 1423135123 2243
1722493895 1710969788 1681
784198422 166867579 2094
479958906 1184198397 371
1575239583 1184198397 1844
1729859488 132315776 126
1006863364 1090773216 688
1033897272 43058813 893
459849871 794785643 1005
1948553397 459849871 1515
1894147842 434619298 779
1266063315 1696508219 1769
166867579 209352883 1541
166867579 1365826998 2312
1097717933 820059929 2081
1913507946 1018940994 1475
71832223 109507741 758
133084568 320200363 494
1465731843 1194231093 1307
1054035632 1423135123 1645
820059929 820059929 557
71832223 795435669 1138
1689390805 960528416 1093
479958906 547349807 1015
1696508219 43988709 1563
1892503575 71832223 1739
234742042 1437534204 1505
132315776 62110606 1728
893888621 253341591 1256
1148964334 909056494 2064
1545211895 1033897272 2191
1131223356 1365826998 927
547349807 103039458 883
1011339565 1011339565 24
1365826998 1125768034 1243
1729859488 1039456594 2324
1184592478 1131223356 1651
1832898945 1131223356 914
37078599 794785643 1498
165757893 1090773216 1258
132315776 1512050747 1778
1385518169 253341591 1006
1722493895 1039456594 737
784198422 109507741 1372
1033897272 1981832165 1759
1194231093 66265365 1202
1054035632 1090773216 2150
623132653 1437534204 1792
929612404 911099142 802
132315776 1729859488 400
777363862 547349807 1868
1899397787 1596817544 2357
253341591 784198422 2147
1184198397 1700102873 2250
165757893 1689390805 2082
909056494 442924972 655
1194231093 1729859488 629
459849871 1018940994 682
1832898945 234742042 630
960528416 62110606 1135
1545211895 1710969788 1289
1184592478 909056494 300
109507741 929612404 1019
1423135123 62110606 2038
929612404 1710969788 1266
1097717933 784198422 292
1700102873 166867579 428
911099142 1689390805 1976
1700102873 474585281 768
180925766 359208669 934
66265365 1913507946 1029
1913507946 109507741 1021
359208669 1582198786 662
1582198786 948524229 538
784198422 1365826998 1131
547349807 909056494 1924
1700102873 1545211895 1547
948524229 1640806252 1632
1437534204 109507741 583
1478888648 1596817544 72
925409042 1948553397 2347
1423135123 1894147842 1200
929612404 1054035632 791
1944211600 1575239583 1379
576720268 1948553397 646
1894147842 795435669 295
132315776 1596817544 1933
132315776 180925766 1096
1981832165 948524229 170
1899397787 166867579 2429
43988709 62110606 152
794785643 547349807 1952
1097717933 132315776 2370
1696508219 1512050747 277
794785643 820059929 1867
1722493895 1033897272 658
434619298 1981832165 612
893888621 1596817544 801
442924972 109507741 909
313091328 459849871 2067
1054035632 55716887 2396
66265365 132315776 218
1242050678 479958906 1182
948524229 1242050678 1905
547349807 234742042 1714
1465731843 1689390805 1023
37078599 1006863364 329
1696508219 1090773216 794
1125768034 466131523 978
1423135123 576720268 798
547349807 911099142 1428
777363862 795435669 1599
909056494 1365826998 1557
132315776 1596817544 12
576720268 37078599 1793
777363862 43988709 1915
1597423790 109507741 1856
795435669 434619298 1106
434619298 389806835 1358
1722493895 1832898945 1854
1913507946 911099142 2390
1090773216 253341591 2120
313091328 166867579 2384
911099142 1899397787 827
37078599 466131523 1528
1059646514 1512050747 1197
1131223356 1184198397 1767
1981832165 1892503575 387
37078599 1266063315 476
893888621 166867579 968
893888621 1184198397 1866
909056494 132315776 1095
794785643 1689390805 561
474585281 132315776 1166
1892503575 1131223356 1722
117727034 1640806252 2318
1365826998 1478888648 806
1545211895 1512050747 2095
909056494 1033897272 2322
389806835 1423135123 1828
1131223356 1184198397 355
1385518169 1899397787 1349
1423135123 474585281 135
1242050678 466131523 762
1011339565 1465731843 1210
43058813 948524229 1209
442924972 466131523 1255
1006863364 1640806252 2143
1582198786 389806835 196
1018940994 180925766 1232
1892503575 1948553397 1671
911099142 1242050678 1896
1657877164 253341591 773
547349807 777363862 535
1710969788 1437534204 713
1696508219 165757893 1595
359208669 1710969788 2013
784198422 1054035632 1686
474585281 1011339565 203
479958906 55716887 722
234742042 1832898945 252
1892503575 1944211600 821
1913507946 117727034 1014
1832898945 62110606 53
1423135123 1545211895 2354
1948553397 166867579 707
909056494 1899397787 147
1194231093 1899397787 743
434619298 253341591 1922
1125768034 132315776 2159
909056494 1018940994 2053
1385518169 442924972 2355
234742042 1125768034 1727
1090773216 1097717933 293
794785643 1729859488 833
313091328 1657877164 1760
1059646514 62110606 2141
209352883 547349807 9
547349807 1465731843 1871
166867579 929612404 1419
1545211895 1899397787 1713
623132653 1266063315 939
62110606 795435669 181
1894147842 1054035632 2358
1700102873 1184198397 803
1054035632 37078599 381
1545211895 1892503575 1240
960528416 209352883 950
434619298 1385518169 1784
623132653 459849871 1122
820059929 209352883 1839
466131523 234742042 1231
66265365 1596817544 690
71982325 209352883 38
1710969788 166867579 224
133084568 1006863364 92
929612404 1365826998 1103
893888621 1033897272 2165
442924972 929612404 1538
1006863364 623132653 478
1710969788 1832898945 1385
1184198397 166867579 444
479958906 925409042 1944
165757893 253341591 2295
133084568 71982325 1749
893888621 1640806252 497
389806835 794785643 1964
43058813 784198422 2127
1729859488 1696508219 69
1729859488 1696508219 752
132315776 1242050678 2212
320200363 37078599 86
1832898945 1913507946 857
1948553397 1184592478 771
576720268 71982325 1133
929612404 948524229 2403
1131223356 1054035632 2083
1011339565 166867579 958
1059646514 948524229 1312
234742042 55716887 1041
1689390805 1242050678 1684
166867579 479958906 991
359208669 1194231093 674
103039458 43058813 394
1054035632 165757893 960
820059929 1437534204 712
1710969788 1423135123 1536
948524229 1365826998 588
55716887 1097717933 575
1054035632 1266063315 139
1545211895 1006863364 351
1385518169 794785643 937
1894147842 795435669 83
1184592478 442924972 17
1365826998 1899397787 972
1512050747 1059646514 1049
1689390805 62110606 1715
320200363 37078599 2348
1242050678 925409042 998
623132653 1097717933 2122
71982325 1892503575 1870
234742042 1184198397 2254
1657877164 165757893 2065
1365826998 1039456594 1267
320200363 784198422 1022
794785643 795435669 839
1729859488 1090773216 1592
359208669 1657877164 144
1184592478 1125768034 1564
1365826998 1018940994 117
1131223356 434619298 1384
929612404 1465731843 1471
71832223 1266063315 652
623132653 166867579 551
1090773216 1913507946 309
117727034 1033897272 584
893888621 1981832165 1553
1582198786 109507741 975
1033897272 466131523 1044
103039458 479958906 1571
434619298 109507741 1112
1575239583 1899397787 811
1575239583 1039456594 2426
929612404 893888621 2321
1478888648 442924972 356
320200363 1710969788 641
253341591 960528416 799
1097717933 777363862 1156
71982325 1729859488 289
1148964334 1097717933 1900
1054035632 1365826998 492
1011339565 109507741 162
1944211600 623132653 362
1125768034 313091328 510
1640806252 166867579 772
434619298 893888621 2176
1148964334 1242050678 2434
1689390805 234742042 661
133084568 62110606 1092
1266063315 466131523 1507
109507741 1899397787 1114
795435669 43058813 2425
43988709 795435669 2018
1892503575 43058813 1555
1575239583 1039456594 830
466131523 1657877164 714
1729859488 466131523 2009
1596817544 166867579 501
1597423790 1385518169 1546
434619298 1437534204 1004
960528416 1148964334 2367
1184198397 1478888648 2203
1266063315 911099142 769
1437534204 479958906 1059
1657877164 62110606 2202
359208669 1729859488 536
1582198786 66265365 609
1597423790 1575239583 2130
253341591 1423135123 1848
253341591 1018940994 2234
1054035632 794785643 836
1899397787 1194231093 283
1582198786 1512050747 119
474585281 180925766 1821
1582198786 253341591 949
1018940994 165757893 946
389806835 1582198786 2369
313091328 1059646514 1558
795435669 1039456594 653
434619298 1899397787 2226
71982325 55716887 1469
1913507946 442924972 2223
359208669 180925766 1334
623132653 1710969788 1526
1465731843 459849871 364
1899397787 103039458 1987
117727034 794785643 640
795435669 960528416 2175
1894147842 929612404 1510
1039456594 1582198786 905
466131523 1194231093 1974
1097717933 165757893 1824
1700102873 893888621 353
1385518169 209352883 1799
165757893 784198422 2097
320200363 1033897272 997
1700102873 948524229 1454
1194231093 1194231093 91
1423135123 576720268 2149
1582198786 1948553397 1930
1097717933 1184592478 439
1892503575 795435669 678
442924972 234742042 1601
1184198397 359208669 471
1657877164 253341591 2039
359208669 1194231093 1775
466131523 132315776 721
1125768034 1266063315 48
1385518169 1097717933 1364
1033897272 948524229 2166
1729859488 165757893 1
37078599 43988709 1585
893888621 1597423790 341
1894147842 1054035632 1313
1657877164 820059929 1167
1913507946 1696508219 485
794785643 1018940994 1719
1512050747 1423135123 1437
948524229 434619298 2416
55716887 389806835 1765
777363862 1512050747 788
133084568 133084568 2011
1054035632 1729859488 763
1696508219 1894147842 593
166867579 313091328 1614
71982325 1465731843 1624
1097717933 253341591 686
1033897272 1913507946 2239
1894147842 43058813 1449
1596817544 929612404 369
1832898945 1597423790 384
1423135123 1365826998 267
784198422 1478888648 1750
1423135123 1365826998 1476
547349807 1981832165 294
132315776 253341591 2395
180925766 109507741 33
911099142 253341591 1789
165757893 1894147842 1018
1832898945 1039456594 31
820059929 1097717933 26
1465731843 1575239583 1282
1365826998 1184592478 451
209352883 1640806252 1365
1710969788 1575239583 2072
37078599 1582198786 556
37078599 166867579 507
1913507946 547349807 2103
893888621 623132653 2184
1039456594 1596817544 636
71982325 55716887 1873
1657877164 1597423790 795
66265365 1194231093 1413
1700102873 1894147842 480
474585281 459849871 2320
1365826998 1039456594 366
1722493895 911099142 32
62110606 911099142 560
960528416 43988709 980
234742042 929612404 1056
1913507946 1597423790 1709
132315776 1582198786 512
1657877164 1054035632 625
1913507946 1899397787 1989
1597423790 623132653 50
1194231093 1090773216 2306
1597423790 1184198397 1652
359208669 1729859488 1034
925409042 911099142 2287
1125768034 474585281 34
1148964334 1657877164 709
71832223 66265365 2035
1981832165 37078599 1150
1596817544 209352883 2386
1365826998 1722493895 2123
1090773216 929612404 75
1148964334 1478888648 1680
359208669 1011339565 406
795435669 1437534204 121
320200363 1097717933 711
1385518169 1710969788 1797
1832898945 253341591 88
1365826998 133084568 727
109507741 1729859488 315
1184198397 794785643 1402
320200363 313091328 509
66265365 1722493895 635
547349807 1696508219 867
1097717933 1148964334 211
43988709 1054035632 1264
479958906 359208669 1522
43058813 795435669 1752
1006863364 1899397787 1641
466131523 55716887 188
1700102873 320200363 395
1582198786 1894147842 222
389806835 795435669 14
1832898945 55716887 1039
794785643 234742042 1887
1242050678 474585281 176
1700102873 165757893 241
180925766 1545211895 256
1710969788 37078599 1427
1125768034 180925766 2438
1365826998 166867579 1032
820059929 1033897272 1417
1423135123 1545211895 1622
133084568 1696508219 1831
459849871 1097717933 1751
893888621 1899397787 220
459849871 1913507946 246
1832898945 234742042 2229
1944211600 1465731843 2098
479958906 929612404 1756
1582198786 1575239583 1708
893888621 1125768034 1840
1194231093 37078599 255
1689390805 820059929 1999
1054035632 1365826998 982
1899397787 1899397787 493
794785643 479958906 189
576720268 1512050747 895
166867579 55716887 370
1832898945 71982325 918
1054035632 1184198397 1556
1913507946 1097717933 1378
777363862 1194231093 2220
474585281 62110606 338
1437534204 1892503575 332
180925766 166867579 554
389806835 62110606 2302
1894147842 795435669 1063
1423135123 1689390805 977
479958906 1385518169 2200
911099142 43988709 1696
784198422 117727034 1254
166867579 1596817544 2431
389806835 466131523 760
359208669 234742042 1360
132315776 925409042 467
1039456594 794785643 614
479958906 960528416 1980
209352883 1948553397 2387
1194231093 1892503575 58
71982325 1832898945 677
1944211600 1365826998 2410
1131223356 547349807 882
911099142 479958906 2273
313091328 474585281 2417
1125768034 1892503575 574
1948553397 893888621 599
547349807 1054035632 849
948524229 117727034 1278
1059646514 795435669 1426
37078599 1575239583 695
1266063315 479958906 1717
777363862 893888621 1642
1899397787 911099142 616
313091328 1981832165 577
359208669 1465731843 2145
474585281 466131523 1843
117727034 466131523 1993
320200363 66265365 2251
442924972 43988709 1472
576720268 55716887 491
1131223356 784198422 948
1689390805 1423135123 990
1423135123 66265365 397
1039456594 1575239583 838
1981832165 133084568 1175
1722493895 1597423790 279
1125768034 133084568 602
1131223356 1832898945 1109
960528416 893888621 826
180925766 1944211600 392
1478888648 1657877164 1316
1059646514 1033897272 102
1090773216 909056494 2372
1689390805 1365826998 594
794785643 1194231093 1771
37078599 1478888648 1386
1465731843 1710969788 107
1696508219 777363862 1514
1512050747 1184198397 2135
1657877164 66265365 1825
1018940994 1832898945 431
320200363 117727034 449
1033897272 43058813 1738
1184198397 1184592478 2194
1832898945 1006863364 2205
55716887 1722493895 644
109507741 234742042 1995
576720268 1689390805 199
925409042 1184198397 2328
929612404 1944211600 122
784198422 442924972 1108
359208669 434619298 1220
777363862 1437534204 90
359208669 1266063315 1374
1948553397 133084568 313
1184592478 1832898945 158
1729859488 359208669 2033
62110606 66265365 116
1944211600 925409042 39
180925766 359208669 2331
103039458 43058813 511
55716887 547349807 1779
132315776 1892503575 1088
1437534204 1365826998 1832
1832898945 71982325 1078
66265365 1039456594 1985
71982325 1125768034 192
1948553397 820059929 963
1059646514 1033897272 855
1832898945 794785643 1646
1582198786 1582198786 223
948524229 253341591 2014
1125768034 1018940994 1724
132315776 820059929 2132
1575239583 320200363 1457
62110606 474585281 1087
180925766 1097717933 570
1913507946 1944211600 157
1365826998 1125768034 1573
777363862 777363862 1901
794785643 1242050678 1273
66265365 180925766 1348
1710969788 117727034 933
784198422 1894147842 1754
71832223 1437534204 1953
1597423790 1545211895 1795
1242050678 948524229 375
1011339565 1981832165 2435
1899397787 165757893 649
925409042 623132653 1397
1194231093 165757893 1770
1018940994 948524229 20
1385518169 777363862 595
1700102873 109507741 1344
209352883 117727034 1603
71832223 442924972 555
313091328 1710969788 739
1948553397 359208669 254
1545211895 925409042 1097
1054035632 925409042 1604
1657877164 1913507946 1356
909056494 132315776 1520
1018940994 180925766 1310
1385518169 784198422 13
43058813 1437534204 1036
1194231093 1512050747 1430
911099142 1097717933 2374
1657877164 1437534204 29
1148964334 132315776 1677
117727034 1125768034 2172
1657877164 1131223356 2420
166867579 109507741 479
1892503575 1097717933 166
1597423790 209352883 1308
795435669 442924972 683
1006863364 66265365 660
109507741 253341591 280
911099142 62110606 984
434619298 71982325 2258
1981832165 103039458 2008
474585281 1184198397 1911
1710969788 794785643 1500
1011339565 1006863364 1543
948524229 948524229 2238
929612404 1131223356 2303
1184198397 1596817544 1347
442924972 1054035632 2339
1913507946 1710969788 2077
442924972 1832898945 1080
43058813 109507741 111
37078599 1729859488 783
109507741 1582198786 1837
117727034 1696508219 1481
1722493895 1090773216 1834
1700102873 1385518169 361
909056494 1478888648 679
1640806252 479958906 195
1948553397 43058813 1835
474585281 1894147842 940
1596817544 1729859488 282
960528416 132315776 1956
1640806252 71982325 742
1184198397 1894147842 639
1011339565 1194231093 1638
1512050747 474585281 307
1465731843 576720268 1137
784198422 1242050678 441
1184198397 1512050747 475
925409042 1184198397 1183
893888621 43058813 1055
1125768034 253341591 1306
1657877164 1018940994 571
820059929 1894147842 2301
71832223 1597423790 1458
132315776 784198422 1157
1006863364 320200363 2288
1700102873 1423135123 2245
1722493895 1981832165 863
1033897272 576720268 689
909056494 1465731843 349
359208669 929612404 738
320200363 777363862 819
777363862 1184592478 1061
1266063315 1696508219 253
479958906 313091328 227
37078599 925409042 1874
911099142 320200363 1820
1545211895 1478888648 145
1597423790 132315776 563
71982325 479958906 989
1033897272 180925766 1532
1385518169 132315776 2373
359208669 1465731843 1128
166867579 1090773216 603
1597423790 62110606 149
132315776 1125768034 1559
62110606 133084568 613
1097717933 1054035632 301
71832223 1385518169 261
1184198397 948524229 183
466131523 1090773216 955
1090773216 1006863364 1050
1054035632 784198422 1314
1700102873 55716887 1484
794785643 313091328 2283
37078599 1597423790 1265
1899397787 359208669 1268
1722493895 132315776 1235
442924972 1722493895 2074
1131223356 1018940994 872
1423135123 71982325 1880
929612404 784198422 1262
1892503575 1097717933 290
253341591 547349807 2240
71832223 117727034 1333
389806835 1097717933 1746
66265365 466131523 2058
1018940994 795435669 899
180925766 1597423790 1194
37078599 1640806252 340
1722493895 442924972 526
795435669 132315776 343
1011339565 893888621 837
1478888648 1006863364 620
37078599 1148964334 717
1700102873 37078599 1823
1981832165 1729859488 1816
209352883 893888621 168
623132653 459849871 260
459849871 925409042 81
166867579 1194231093 1552
909056494 1640806252 1875
1722493895 132315776 305
929612404 1899397787 1812
66265365 1131223356 2399
43988709 62110606 1091
925409042 474585281 3
43988709 109507741 1331
1184198397 1059646514 1654
37078599 1640806252 959
1184198397 1090773216 1560
389806835 909056494 2111
794785643 1700102873 668
66265365 925409042 2140
911099142 109507741 2079
320200363 1194231093 1204
623132653 820059929 2352
1597423790 1194231093 194
1582198786 1097717933 1303
1892503575 1131223356 2110
623132653 1944211600 1301
109507741 1512050747 757
1832898945 1018940994 729
1597423790 1689390805 1501
1545211895 1148964334 1033
434619298 960528416 1144
911099142 1242050678 2029
1097717933 1948553397 1935
623132653 434619298 2232
389806835 1365826998 124
55716887 1148964334 562
234742042 459849871 2003
1948553397 1689390805 2109
109507741 209352883 1326
777363862 1948553397 1572
1596817544 925409042 205
1657877164 1913507946 1949
1582198786 1696508219 2201
37078599 389806835 931
479958906 576720268 2405
925409042 1184198397 221
180925766 1090773216 642
1033897272 43988709 2381
1148964334 1423135123 208
893888621 466131523 1468
479958906 623132653 47
1184198397 960528416 1574
1657877164 784198422 1474
1657877164 55716887 1376
1944211600 37078599 1233
1700102873 1597423790 915
1059646514 1006863364 2193
1478888648 1131223356 525
117727034 109507741 979
474585281 1184592478 1971
1018940994 1033897272 1591
1006863364 466131523 2285
1729859488 911099142 1010
1266063315 1696508219 2186
109507741 929612404 782
1184198397 1722493895 489
909056494 43988709 193
209352883 180925766 2247
1597423790 1059646514 1822
1148964334 1242050678 7
109507741 1437534204 2208
1512050747 777363862 1529
1006863364 820059929 1188
1125768034 1194231093 1747
1194231093 55716887 2334
1722493895 1125768034 474
784198422 909056494 2119
55716887 133084568 2424
209352883 795435669 2060
576720268 925409042 377
1894147842 1054035632 2213
313091328 1242050678 2085
911099142 62110606 956
1892503575 165757893 1148
784198422 1640806252 524
623132653 1710969788 1926
1090773216 71832223 2148
960528416 1657877164 1418
784198422 1894147842 1621
1033897272 474585281 304
234742042 71832223 1634
1125768034 1018940994 1539
623132653 1899397787 1814
1597423790 795435669 1281
1545211895 1365826998 586
71982325 313091328 1355
180925766 1385518169 624
784198422 234742042 1140
1131223356 784198422 2214
209352883 1365826998 2363
117727034 389806835 868
43988709 1981832165 1587
1054035632 1981832165 247
1131223356 1899397787 719
1832898945 43988709 921
1437534204 1981832165 506
109507741 1696508219 306
909056494 794785643 785
794785643 180925766 1857
1640806252 1545211895 368
794785643 1700102873 1530
909056494 1892503575 1666
474585281 1006863364 2178
1437534204 911099142 1758
1033897272 313091328 740
1700102873 459849871 750
442924972 1597423790 1833
1054035632 794785643 1919
71832223 117727034 365
55716887 1729859488 213
43058813 165757893 1617
459849871 1365826998 765
442924972 1194231093 2207
1131223356 117727034 2028
547349807 1018940994 52
1657877164 1545211895 2198
1729859488 359208669 1104
547349807 1597423790 66
784198422 459849871 1861
1913507946 117727034 756
66265365 547349807 504
479958906 1131223356 1016
320200363 1689390805 816
925409042 166867579 1855
777363862 911099142 1460
1478888648 109507741 1286
1437534204 1575239583 2444
576720268 1948553397 1894
1184592478 474585281 608
1582198786 960528416 2364
1657877164 1689390805 94
929612404 103039458 2045
1242050678 459849871 1053
1148964334 1059646514 1380
1131223356 1054035632 1988
479958906 1710969788 814
909056494 784198422 681
1729859488 1465731843 1295
71982325 1545211895 78
1832898945 547349807 519
55716887 43988709 1907
234742042 466131523 2160
1948553397 103039458 2293
1039456594 1242050678 2382
209352883 1892503575 2169
1125768034 359208669 900
133084568 1899397787 1013
55716887 1054035632 1179
1039456594 1365826998 1551
466131523 166867579 1163
1423135123 133084568 360
576720268 1981832165 1391
1184592478 1512050747 2437
234742042 1385518169 19
1696508219 1465731843 1508
1437534204 66265365 545
479958906 434619298 1509
1194231093 1512050747 2024
1033897272 960528416 2440
1913507946 62110606 1414
180925766 911099142 1723
794785643 1478888648 663
1944211600 1090773216 1972
43058813 1892503575 824
71982325 960528416 952
1700102873 1582198786 1236
960528416 777363862 1118
165757893 1582198786 2379
1039456594 434619298 1657
795435669 71982325 172
1894147842 1018940994 1735
55716887 180925766 1040
929612404 1437534204 734
909056494 794785643 84
1059646514 1640806252 820
1689390805 1657877164 2139
1722493895 71832223 502
576720268 1913507946 1185
1018940994 1689390805 215
479958906 1696508219 622
313091328 1729859488 755
55716887 209352883 1178
1832898945 1090773216 2192
911099142 1899397787 2105
1892503575 1597423790 2270
1948553397 794785643 251
1059646514 1640806252 1101
1899397787 479958906 276
1423135123 359208669 999
777363862 479958906 1544
1696508219 55716887 35
576720268 1194231093 611
320200363 1892503575 468
1944211600 893888621 180
117727034 547349807 248
784198422 62110606 567
777363862 1710969788 1405
1365826998 777363862 1890
466131523 1512050747 1047
165757893 1148964334 2069
1006863364 1131223356 718
1640806252 479958906 1698
1465731843 1640806252 1241
547349807 929612404 643
911099142 1696508219 1994
1039456594 1365826998 1433
794785643 1899397787 1228
103039458 909056494 1917
1033897272 795435669 1302
1545211895 313091328 666
253341591 893888621 1160
1194231093 1597423790 664
320200363 1385518169 2233
1640806252 103039458 385
466131523 43058813 2125
62110606 1899397787 1533
1657877164 1125768034 1852
1184198397 1266063315 907
1981832165 66265365 694
1640806252 1039456594 829
1011339565 909056494 422
474585281 320200363 350
43058813 1059646514 832
929612404 784198422 521
1689390805 1700102873 442
960528416 459849871 380
948524229 948524229 469
1582198786 103039458 942
389806835 1689390805 1496
442924972 389806835 917
1948553397 1894147842 1648
1194231093 166867579 1950
1512050747 180925766 1366
166867579 166867579 1718
1894147842 784198422 2161
103039458 777363862 1275
133084568 109507741 621
1242050678 71982325 2211
1981832165 784198422 754
320200363 1184198397 1370
794785643 1981832165 749
1266063315 165757893 753
132315776 1242050678 604
313091328 109507741 817
434619298 1722493895 784
459849871 1575239583 910
1097717933 1575239583 1929
459849871 1545211895 1649
1944211600 1033897272 2042
165757893 1385518169 2050
1696508219 474585281 2006
1944211600 1385518169 1381
62110606 623132653 508
960528416 1512050747 2269
929612404 180925766 1072
777363862 1913507946 2436
1512050747 1640806252 1353
777363862 253341591 2163
929612404 1033897272 1489
1039456594 1729859488 2180
103039458 1832898945 415
911099142 1832898945 1535
466131523 1184198397 792
320200363 37078599 334
623132653 794785643 2300
1597423790 1385518169 1465
948524229 434619298 1155
1131223356 1596817544 1808
777363862 1018940994 1290
434619298 1054035632 1207
893888621 55716887 206
1184198397 1696508219 1201
133084568 37078599 1071
1184198397 1006863364 2041
909056494 1006863364 992
43058813 37078599 45
1478888648 165757893 1485
909056494 893888621 1189
71832223 1385518169 618
784198422 1596817544 731
1892503575 71982325 1410
1059646514 1039456594 2043
359208669 109507741 249
820059929 166867579 483
71982325 1689390805 2070
1597423790 359208669 843
1582198786 1131223356 542
1597423790 1710969788 2260
1640806252 1722493895 2371
576720268 1894147842 2280
1090773216 62110606 201
777363862 1033897272 566
1512050747 1006863364 25
1465731843 1512050747 372
459849871 1582198786 628
209352883 1700102873 541
459849871 1018940994 581
1090773216 66265365 530
165757893 1832898945 2002
911099142 1148964334 420
1892503575 547349807 1712
1892503575 795435669 976
71832223 1545211895 1107
1018940994 1696508219 665
1892503575 893888621 1865
911099142 794785643 1611
1729859488 1894147842 250
71832223 1184198397 993
62110606 459849871 1387
389806835 166867579 2290
909056494 909056494 2040
820059929 1657877164 2174
166867579 434619298 2185
1131223356 234742042 845
1948553397 1981832165 1199
1596817544 1184592478 1280
795435669 1899397787 1226
777363862 434619298 1012
1039456594 1242050678 2380
434619298 1018940994 751
479958906 1131223356 697
434619298 1899397787 539
320200363 1437534204 974
820059929 1892503575 1623
1184592478 313091328 2017
1478888648 784198422 1205
1913507946 1729859488 1459
1018940994 71982325 2407
909056494 1478888648 550
474585281 1696508219 2263
1478888648 1722493895 285
1465731843 777363862 825
1512050747 960528416 2091
1944211600 925409042 1734
1696508219 893888621 1589
1006863364 1125768034 318
623132653 1097717933 1562
1948553397 909056494 533
1575239583 1039456594 706
1011339565 434619298 971
960528416 1011339565 500
1913507946 359208669 1229
109507741 1018940994 2078
313091328 1184198397 805
1018940994 960528416 1159
1059646514 576720268 281
66265365 71832223 2421
1478888648 103039458 42
1640806252 795435669 1661
1365826998 1039456594 1548
794785643 1722493895 1285
1011339565 1184592478 1065
1097717933 1097717933 1274
1722493895 1710969788 2136
132315776 1944211600 1147
925409042 1125768034 464
1011339565 1018940994 1674
1899397787 43058813 1432
359208669 1039456594 800
434619298 948524229 173
389806835 1465731843 578
117727034 71832223 841
794785643 1640806252 903
1700102873 71982325 2052
1465731843 1423135123 120
1054035632 1640806252 1320
117727034 1184592478 1031
459849871 1039456594 2047
71982325 1832898945 790
1948553397 132315776 1283
893888621 1054035632 1647
1689390805 1131223356 87
132315776 1478888648 275
1640806252 133084568 1315
1006863364 1575239583 2063
1597423790 71982325 148
1423135123 1575239583 1435
794785643 43058813 2267
777363862 1689390805 520
1018940994 320200363 284
820059929 253341591 67
1545211895 1184198397 878
1657877164 1640806252 1234
1194231093 893888621 881
795435669 909056494 219
784198422 320200363 2187
925409042 1981832165 174
1006863364 1729859488 127
1894147842 1710969788 879
893888621 133084568 212
320200363 133084568 1733
253341591 1512050747 1588
1944211600 209352883 160
948524229 1944211600 2154
313091328 109507741 1955
1090773216 1696508219 1075
313091328 1575239583 2144
55716887 795435669 407
1657877164 1575239583 2244
1242050678 1423135123 1020
253341591 576720268 1346
37078599 133084568 1184
1710969788 165757893 389
1033897272 1184592478 342
795435669 1423135123 2032
1033897272 1710969788 1250
1582198786 479958906 2415
948524229 466131523 1237
948524229 474585281 1781
37078599 1266063315 43
1981832165 1465731843 873
1465731843 132315776 2092
1892503575 948524229 741
1596817544 623132653 1002
1423135123 1832898945 744
893888621 1575239583 1897
1059646514 1700102873 1830
234742042 1184198397 328
576720268 960528416 1577
1125768034 1597423790 815
576720268 180925766 2304
1385518169 1689390805 2359
442924972 1478888648 73
1125768034 1184198397 515
66265365 180925766 693
1832898945 1582198786 2096
1894147842 434619298 568
43988709 1894147842 1076
1423135123 1033897272 418
1266063315 794785643 1579
794785643 1892503575 947
1011339565 1011339565 887
55716887 960528416 517
576720268 442924972 1921
1054035632 1729859488 1513
1596817544 1710969788 274
442924972 1006863364 57
132315776 1465731843 271
1948553397 1131223356 1403
466131523 1944211600 1630
434619298 1710969788 1181
109507741 911099142 1499
925409042 359208669 258
794785643 1478888648 789
1545211895 1148964334 4
1596817544 1011339565 1134
1365826998 1729859488 809
479958906 166867579 1704
474585281 166867579 1802
1385518169 442924972 647
165757893 1657877164 590
794785643 1242050678 983
911099142 1097717933 920
547349807 893888621 2055
1657877164 1689390805 2375
925409042 62110606 1594
1125768034 1125768034 1244
1700102873 1385518169 1446
1006863364 1148964334 1836
1184198397 43058813 1570
1948553397 109507741 1251
1512050747 911099142 615
1194231093 165757893 862
1465731843 1729859488 1640
1006863364 925409042 2305
1006863364 109507741 954
55716887 389806835 518
71982325 1365826998 745
1892503575 43058813 1958
466131523 1729859488 2411
1597423790 1184592478 438
1729859488 1054035632 382
320200363 1545211895 1416
1194231093 359208669 1882
929612404 1597423790 2442
442924972 474585281 344
1033897272 1006863364 1527
1729859488 253341591 390
253341591 253341591 904
1033897272 1097717933 437
1006863364 459849871 465
1242050678 43058813 1350
1478888648 1125768034 1276
43988709 547349807 2026
1054035632 1033897272 607
479958906 1899397787 1330
1097717933 623132653 1576
71982325 623132653 987
55716887 166867579 21
62110606 37078599 710
1832898945 1596817544 724
1640806252 180925766 1516
180925766 1981832165 1597
795435669 43058813 6
209352883 1575239583 1846
1385518169 133084568 376
1729859488 389806835 159
66265365 777363862 1567
209352883 117727034 99
1981832165 62110606 1703
1184592478 960528416 1342
313091328 166867579 1581
909056494 1039456594 1730
1125768034 1710969788 1928
117727034 37078599 1973
1729859488 795435669 1776
1148964334 1423135123 1028
1090773216 1899397787 1523
479958906 1478888648 631
66265365 1242050678 1740
909056494 1054035632 2222
1944211600 1944211600 1027
925409042 1090773216 2019
1710969788 1131223356 2099
1913507946 320200363 1239
1039456594 576720268 1162
1478888648 165757893 457
479958906 1131223356 1600
166867579 43058813 429
1148964334 1423135123 2051
133084568 893888621 2274
1266063315 466131523 804
795435669 576720268 896
1385518169 1582198786 2294
623132653 1385518169 2433
1039456594 62110606 140
209352883 1242050678 1447
474585281 909056494 1618
784198422 1899397787 184
1039456594 479958906 1705
109507741 1894147842 1850
117727034 43058813 1383
71982325 1657877164 1637
1011339565 1184592478 2164
1131223356 1689390805 2049
66265365 1729859488 486
253341591 547349807 1247
71832223 1710969788 391
479958906 1981832165 1026
43058813 1981832165 51
1657877164 474585281 1390
1148964334 1894147842 112
66265365 1365826998 842
1722493895 795435669 132
133084568 66265365 404
1478888648 313091328 1916
925409042 1575239583 1685
1385518169 794785643 547
1545211895 133084568 1145
1437534204 1033897272 1511
1184198397 1597423790 436
1913507946 165757893 2315
1640806252 925409042 1975
109507741 1385518169 638
1097717933 1729859488 1249
1700102873 1981832165 182
71832223 1125768034 2310
1596817544 389806835 321
103039458 253341591 1242
234742042 1582198786 1967
474585281 43988709 988
