757 1
142021121 1396653164 426
1396653164 1396653164 34
142021121 1396653164 715
1396653164 142021121 593
1396653164 1396653164 332
1396653164 1396653164 308
142021121 142021121 83
1396653164 1396653164 496
142021121 142021121 50
1396653164 142021121 613
142021121 142021121 552
1396653164 142021121 549
1396653164 1396653164 26
142021121 142021121 242
1396653164 142021121 357
142021121 142021121 746
1396653164 142021121 199
142021121 142021121 128
1396653164 142021121 224
142021121 1396653164 24
1396653164 142021121 405
1396653164 142021121 607
1396653164 142021121 550
1396653164 142021121 246
142021121 142021121 535
1396653164 1396653164 186
142021121 142021121 611
142021121 1396653164 732
1396653164 142021121 58
142021121 1396653164 707
142021121 1396653164 738
142021121 142021121 522
1396653164 142021121 457
142021121 142021121 730
1396653164 1396653164 747
1396653164 1396653164 643
142021121 1396653164 710
1396653164 142021121 111
1396653164 142021121 103
1396653164 142021121 219
1396653164 1396653164 193
142021121 1396653164 247
1396653164 1396653164 348
142021121 1396653164 543
142021121 142021121 700
142021121 1396653164 641
1396653164 1396653164 277
142021121 1396653164 447
1396653164 1396653164 586
142021121 1396653164 601
1396653164 142021121 143
142021121 1396653164 76
1396653164 142021121 39
142021121 1396653164 721
1396653164 1396653164 547
142021121 1396653164 718
1396653164 142021121 98
1396653164 142021121 218
1396653164 142021121 509
142021121 142021121 383
142021121 142021121 728
142021121 142021121 584
1396653164 1396653164 478
1396653164 1396653164 531
1396653164 1396653164 13
142021121 1396653164 292
1396653164 1396653164 168
1396653164 1396653164 534
1396653164 1396653164 492
142021121 1396653164 185
142021121 1396653164 589
1396653164 1396653164 3
1396653164 142021121 305
1396653164 142021121 16
142021121 142021121 197
142021121 142021121 167
1396653164 142021121 245
142021121 142021121 265
142021121 142021121 378
1396653164 142021121 424
142021121 142021121 682
1396653164 1396653164 285
142021121 1396653164 311
142021121 142021121 169
1396653164 142021121 557
142021121 1396653164 455
142021121 142021121 597
142021121 142021121 377
142021121 1396653164 563
1396653164 142021121 295
1396653164 1396653164 129
142021121 1396653164 266
1396653164 1396653164 741
1396653164 1396653164 282
1396653164 1396653164 52
142021121 1396653164 206
1396653164 142021121 198
1396653164 1396653164 497
1396653164 1396653164 463
1396653164 142021121 615
142021121 1396653164 749
142021121 1396653164 211
1396653164 142021121 315
1396653164 142021121 507
1396653164 1396653164 561
142021121 142021121 391
1396653164 142021121 232
142021121 142021121 122
142021121 1396653164 452
1396653164 142021121 102
1396653164 142021121 731
142021121 1396653164 279
1396653164 142021121 220
142021121 142021121 258
1396653164 1396653164 466
142021121 1396653164 532
1396653164 1396653164 325
142021121 1396653164 192
142021121 142021121 637
1396653164 1396653164 428
142021121 1396653164 151
1396653164 1396653164 734
142021121 1396653164 288
1396653164 1396653164 656
1396653164 142021121 326
1396653164 142021121 620
1396653164 1396653164 629
142021121 142021121 261
142021121 142021121 599
142021121 1396653164 425
142021121 142021121 343
142021121 142021121 319
142021121 142021121 278
142021121 142021121 473
1396653164 1396653164 485
142021121 1396653164 293
1396653164 1396653164 464
1396653164 1396653164 229
142021121 1396653164 501
142021121 1396653164 434
1396653164 142021121 562
1396653164 1396653164 438
142021121 1396653164 382
1396653164 1396653164 29
142021121 1396653164 316
1396653164 142021121 685
1396653164 1396653164 97
142021121 142021121 636
142021121 142021121 461
1396653164 1396653164 439
142021121 1396653164 565
142021121 142021121 440
142021121 1396653164 118
142021121 1396653164 59
142021121 1396653164 80
1396653164 142021121 321
142021121 1396653164 69
142021121 1396653164 263
1396653164 1396653164 313
1396653164 1396653164 337
1396653164 142021121 454
142021121 1396653164 548
1396653164 142021121 459
1396653164 142021121 436
1396653164 1396653164 711
142021121 142021121 667
142021121 142021121 205
1396653164 1396653164 379
1396653164 142021121 392
142021121 1396653164 573
1396653164 142021121 363
1396653164 142021121 54
142021121 1396653164 423
1396653164 1396653164 183
1396653164 1396653164 390
1396653164 1396653164 125
142021121 1396653164 512
1396653164 1396653164 744
1396653164 1396653164 248
1396653164 1396653164 580
1396653164 142021121 374
142021121 142021121 136
142021121 1396653164 669
142021121 142021121 539
142021121 142021121 7
1396653164 142021121 487
142021121 1396653164 86
1396653164 142021121 435
142021121 1396653164 481
1396653164 142021121 743
1396653164 142021121 72
1396653164 1396653164 171
1396653164 1396653164 576
142021121 1396653164 500
142021121 1396653164 320
142021121 1396653164 281
142021121 142021121 705
1396653164 142021121 616
142021121 142021121 678
142021121 1396653164 327
1396653164 142021121 87
1396653164 1396653164 626
142021121 1396653164 353
142021121 142021121 474
1396653164 142021121 726
1396653164 142021121 446
1396653164 1396653164 462
1396653164 1396653164 484
1396653164 1396653164 274
1396653164 1396653164 617
142021121 1396653164 297
142021121 1396653164 365
142021121 1396653164 748
142021121 1396653164 612
1396653164 1396653164 22
142021121 1396653164 233
1396653164 142021121 664
142021121 1396653164 216
1396653164 1396653164 19
1396653164 1396653164 255
142021121 1396653164 244
142021121 142021121 113
1396653164 142021121 106
1396653164 1396653164 644
1396653164 1396653164 530
142021121 142021121 336
142021121 1396653164 177
142021121 142021121 96
1396653164 1396653164 201
1396653164 142021121 408
142021121 142021121 713
142021121 142021121 89
142021121 1396653164 273
142021121 1396653164 649
1396653164 1396653164 420
1396653164 1396653164 238
142021121 1396653164 614
142021121 142021121 155
1396653164 1396653164 537
1396653164 142021121 694
1396653164 142021121 115
142021121 1396653164 12
1396653164 142021121 289
142021121 1396653164 360
142021121 142021121 621
142021121 142021121 753
1396653164 1396653164 703
1396653164 142021121 329
1396653164 142021121 14
142021121 142021121 554
1396653164 142021121 518
1396653164 142021121 476
1396653164 1396653164 652
1396653164 1396653164 107
142021121 142021121 223
142021121 1396653164 448
1396653164 1396653164 20
1396653164 1396653164 291
142021121 1396653164 79
1396653164 142021121 182
1396653164 1396653164 51
1396653164 1396653164 727
142021121 142021121 131
1396653164 142021121 227
1396653164 142021121 684
1396653164 1396653164 109
142021121 1396653164 196
142021121 142021121 194
142021121 1396653164 312
1396653164 1396653164 6
1396653164 142021121 736
1396653164 142021121 556
1396653164 142021121 544
1396653164 1396653164 318
142021121 142021121 416
1396653164 142021121 594
1396653164 1396653164 33
1396653164 1396653164 367
1396653164 142021121 635
142021121 1396653164 21
1396653164 1396653164 645
1396653164 142021121 681
1396653164 142021121 627
1396653164 142021121 66
1396653164 1396653164 600
1396653164 1396653164 609
1396653164 1396653164 117
1396653164 1396653164 139
1396653164 1396653164 356
1396653164 1396653164 162
1396653164 142021121 409
1396653164 142021121 491
142021121 1396653164 77
1396653164 142021121 322
1396653164 1396653164 663
142021121 142021121 358
142021121 142021121 422
142021121 1396653164 431
1396653164 1396653164 515
142021121 1396653164 486
1396653164 142021121 756
142021121 142021121 745
142021121 1396653164 355
1396653164 1396653164 138
1396653164 1396653164 475
142021121 142021121 55
1396653164 142021121 483
142021121 142021121 93
1396653164 142021121 40
142021121 142021121 443
142021121 1396653164 8
1396653164 142021121 482
142021121 142021121 314
1396653164 142021121 470
1396653164 142021121 740
142021121 1396653164 62
142021121 142021121 373
142021121 1396653164 213
142021121 142021121 520
142021121 1396653164 697
142021121 1396653164 286
142021121 142021121 506
142021121 1396653164 25
1396653164 1396653164 691
1396653164 142021121 618
142021121 142021121 698
142021121 142021121 541
1396653164 142021121 74
142021121 142021121 272
1396653164 1396653164 18
1396653164 1396653164 130
142021121 142021121 65
1396653164 1396653164 120
142021121 142021121 453
1396653164 1396653164 75
1396653164 1396653164 287
1396653164 142021121 1
1396653164 1396653164 191
142021121 142021121 150
142021121 142021121 2
142021121 1396653164 412
142021121 1396653164 127
142021121 1396653164 202
142021121 142021121 403
1396653164 1396653164 524
1396653164 142021121 555
1396653164 142021121 567
142021121 142021121 674
1396653164 1396653164 84
1396653164 142021121 394
1396653164 1396653164 704
1396653164 1396653164 683
142021121 1396653164 189
1396653164 142021121 673
142021121 1396653164 396
142021121 1396653164 175
142021121 1396653164 251
142021121 142021121 757
1396653164 1396653164 38
1396653164 142021121 712
142021121 1396653164 68
142021121 1396653164 144
1396653164 142021121 234
1396653164 1396653164 407
1396653164 1396653164 142
142021121 1396653164 639
1396653164 142021121 421
142021121 1396653164 49
142021121 1396653164 722
1396653164 142021121 393
1396653164 142021121 310
142021121 1396653164 153
142021121 142021121 468
142021121 1396653164 148
1396653164 142021121 44
142021121 1396653164 479
142021121 1396653164 27
1396653164 142021121 410
142021121 142021121 257
1396653164 142021121 387
142021121 1396653164 508
142021121 142021121 750
1396653164 1396653164 349
1396653164 142021121 200
1396653164 142021121 370
142021121 1396653164 511
1396653164 142021121 290
142021121 142021121 267
142021121 142021121 445
1396653164 142021121 430
1396653164 1396653164 655
1396653164 142021121 724
142021121 142021121 588
1396653164 1396653164 575
1396653164 1396653164 545
142021121 1396653164 126
1396653164 1396653164 517
1396653164 1396653164 717
1396653164 1396653164 429
1396653164 142021121 256
142021121 1396653164 137
1396653164 142021121 654
142021121 1396653164 581
142021121 142021121 184
1396653164 1396653164 243
142021121 1396653164 250
1396653164 142021121 490
1396653164 142021121 221
142021121 142021121 147
142021121 142021121 123
142021121 1396653164 559
1396653164 142021121 735
142021121 142021121 70
142021121 1396653164 170
1396653164 142021121 334
1396653164 142021121 324
142021121 1396653164 294
142021121 142021121 754
142021121 1396653164 10
142021121 142021121 161
142021121 142021121 560
142021121 142021121 659
142021121 142021121 4
142021121 1396653164 284
142021121 1396653164 30
1396653164 1396653164 631
142021121 1396653164 417
142021121 142021121 660
1396653164 142021121 465
1396653164 1396653164 158
1396653164 142021121 709
1396653164 142021121 275
1396653164 1396653164 190
142021121 142021121 260
1396653164 142021121 719
142021121 142021121 625
1396653164 1396653164 467
1396653164 1396653164 742
142021121 1396653164 503
142021121 1396653164 156
1396653164 1396653164 180
142021121 1396653164 628
1396653164 142021121 347
142021121 142021121 650
142021121 1396653164 495
1396653164 142021121 648
142021121 1396653164 679
1396653164 142021121 63
1396653164 1396653164 432
1396653164 142021121 209
1396653164 142021121 489
1396653164 1396653164 384
142021121 1396653164 471
142021121 1396653164 521
142021121 142021121 269
1396653164 142021121 400
142021121 142021121 469
1396653164 1396653164 688
1396653164 142021121 268
1396653164 1396653164 95
1396653164 142021121 456
142021121 142021121 558
142021121 1396653164 723
142021121 1396653164 53
142021121 142021121 505
142021121 142021121 642
142021121 142021121 686
142021121 1396653164 230
142021121 142021121 340
1396653164 142021121 525
1396653164 142021121 590
1396653164 1396653164 605
142021121 142021121 309
1396653164 142021121 350
142021121 142021121 546
142021121 1396653164 583
142021121 1396653164 100
1396653164 142021121 498
1396653164 1396653164 449
1396653164 142021121 323
142021121 1396653164 386
1396653164 142021121 134
142021121 1396653164 514
1396653164 142021121 657
142021121 1396653164 646
142021121 1396653164 399
1396653164 1396653164 280
142021121 1396653164 569
1396653164 1396653164 60
142021121 142021121 592
1396653164 1396653164 306
1396653164 142021121 458
142021121 142021121 114
142021121 1396653164 380
142021121 1396653164 402
1396653164 142021121 160
1396653164 1396653164 300
1396653164 1396653164 165
1396653164 142021121 516
1396653164 1396653164 604
1396653164 142021121 513
142021121 1396653164 141
142021121 142021121 755
142021121 1396653164 427
1396653164 142021121 303
1396653164 1396653164 739
1396653164 1396653164 172
142021121 142021121 67
1396653164 1396653164 210
1396653164 142021121 540
142021121 1396653164 725
1396653164 1396653164 174
1396653164 142021121 57
1396653164 1396653164 591
1396653164 142021121 480
142021121 1396653164 317
142021121 1396653164 418
1396653164 142021121 42
142021121 1396653164 574
142021121 1396653164 225
142021121 142021121 714
1396653164 142021121 37
1396653164 142021121 154
142021121 142021121 222
142021121 1396653164 159
142021121 1396653164 568
1396653164 142021121 375
1396653164 142021121 146
1396653164 142021121 570
1396653164 1396653164 661
142021121 142021121 307
1396653164 142021121 61
1396653164 1396653164 296
142021121 142021121 619
1396653164 142021121 671
1396653164 1396653164 271
142021121 1396653164 634
1396653164 1396653164 529
1396653164 1396653164 687
142021121 142021121 45
1396653164 1396653164 389
142021121 1396653164 404
1396653164 142021121 633
142021121 1396653164 342
142021121 142021121 672
1396653164 1396653164 105
1396653164 1396653164 450
1396653164 142021121 630
142021121 1396653164 133
142021121 142021121 526
142021121 1396653164 346
1396653164 1396653164 215
142021121 1396653164 606
1396653164 142021121 381
1396653164 142021121 145
1396653164 142021121 124
142021121 1396653164 385
1396653164 1396653164 301
142021121 142021121 31
1396653164 1396653164 666
1396653164 1396653164 298
1396653164 1396653164 333
1396653164 1396653164 610
1396653164 142021121 662
142021121 1396653164 338
1396653164 142021121 598
1396653164 1396653164 523
1396653164 1396653164 566
1396653164 142021121 17
1396653164 1396653164 204
142021121 1396653164 90
142021121 142021121 376
142021121 1396653164 112
142021121 1396653164 536
142021121 1396653164 499
142021121 142021121 366
142021121 1396653164 176
1396653164 142021121 236
1396653164 1396653164 299
142021121 1396653164 737
1396653164 1396653164 212
142021121 1396653164 85
1396653164 142021121 101
1396653164 142021121 359
142021121 142021121 11
1396653164 142021121 585
1396653164 142021121 623
1396653164 1396653164 542
142021121 1396653164 46
142021121 142021121 157
1396653164 1396653164 92
1396653164 1396653164 330
142021121 1396653164 82
1396653164 1396653164 553
1396653164 1396653164 676
142021121 142021121 608
1396653164 142021121 494
142021121 1396653164 73
1396653164 142021121 587
142021121 142021121 173
1396653164 1396653164 437
142021121 142021121 603
142021121 142021121 203
142021121 1396653164 119
142021121 1396653164 241
1396653164 1396653164 622
142021121 1396653164 240
1396653164 1396653164 135
1396653164 142021121 415
142021121 142021121 444
1396653164 1396653164 372
1396653164 1396653164 302
1396653164 1396653164 217
142021121 1396653164 647
142021121 1396653164 354
142021121 1396653164 395
142021121 142021121 351
1396653164 1396653164 720
1396653164 1396653164 331
1396653164 1396653164 345
1396653164 1396653164 187
142021121 1396653164 116
1396653164 142021121 181
142021121 1396653164 207
1396653164 142021121 5
1396653164 142021121 533
142021121 1396653164 397
142021121 142021121 460
142021121 1396653164 658
142021121 142021121 596
1396653164 142021121 706
142021121 142021121 638
1396653164 1396653164 577
142021121 1396653164 239
142021121 1396653164 361
1396653164 142021121 433
1396653164 142021121 451
142021121 1396653164 283
1396653164 1396653164 716
1396653164 142021121 668
142021121 1396653164 228
1396653164 1396653164 708
1396653164 1396653164 414
1396653164 1396653164 253
142021121 1396653164 88
1396653164 142021121 477
1396653164 142021121 304
1396653164 142021121 702
142021121 1396653164 43
142021121 142021121 149
142021121 142021121 680
142021121 1396653164 99
1396653164 1396653164 364
1396653164 1396653164 632
1396653164 1396653164 276
142021121 1396653164 551
1396653164 142021121 695
142021121 1396653164 413
142021121 1396653164 624
1396653164 142021121 419
142021121 1396653164 104
142021121 142021121 64
1396653164 142021121 15
1396653164 1396653164 249
142021121 1396653164 140
1396653164 1396653164 121
1396653164 142021121 163
1396653164 142021121 48
1396653164 142021121 519
142021121 142021121 335
1396653164 142021121 502
142021121 1396653164 78
142021121 142021121 510
1396653164 142021121 208
142021121 142021121 178
142021121 142021121 564
142021121 1396653164 235
1396653164 142021121 582
1396653164 142021121 579
142021121 1396653164 91
1396653164 142021121 602
1396653164 142021121 344
1396653164 1396653164 653
142021121 1396653164 179
142021121 142021121 164
1396653164 1396653164 675
1396653164 1396653164 152
1396653164 142021121 368
1396653164 142021121 108
1396653164 1396653164 472
142021121 142021121 670
142021121 1396653164 696
142021121 142021121 9
142021121 1396653164 690
1396653164 1396653164 493
142021121 1396653164 528
1396653164 1396653164 693
1396653164 142021121 270
142021121 1396653164 571
1396653164 1396653164 166
142021121 142021121 442
1396653164 1396653164 640
142021121 142021121 41
142021121 1396653164 71
1396653164 1396653164 231
1396653164 1396653164 733
1396653164 1396653164 398
142021121 142021121 352
142021121 142021121 32
1396653164 142021121 595
142021121 142021121 651
1396653164 1396653164 401
142021121 1396653164 252
1396653164 142021121 47
142021121 1396653164 538
1396653164 142021121 699
142021121 1396653164 81
1396653164 1396653164 665
1396653164 1396653164 35
142021121 142021121 23
1396653164 1396653164 371
142021121 1396653164 701
142021121 1396653164 527
142021121 142021121 339
142021121 1396653164 677
1396653164 142021121 36
1396653164 142021121 388
1396653164 142021121 28
1396653164 1396653164 195
142021121 142021121 751
1396653164 142021121 692
1396653164 1396653164 729
142021121 1396653164 237
1396653164 142021121 572
1396653164 142021121 488
1396653164 142021121 262
1396653164 1396653164 110
142021121 1396653164 504
1396653164 1396653164 369
1396653164 142021121 406
1396653164 1396653164 362
1396653164 1396653164 94
1396653164 1396653164 752
142021121 142021121 254
142021121 142021121 689
1396653164 1396653164 441
142021121 142021121 411
1396653164 142021121 132
1396653164 142021121 328
142021121 142021121 341
1396653164 1396653164 188
142021121 1396653164 226
142021121 142021121 56
142021121 142021121 578
142021121 1396653164 259
142021121 142021121 264
142021121 142021121 214
