620 4
1665302968 1134868518 240
1099146695 1922684517 406
1465492570 1732345556 228
1528216277 115752958 577
1003152992 920143602 306
1151664208 1528216277 499
920143602 1318368238 80
1528617262 1151664208 598
1053728006 254587249 325
1907009226 115752958 133
1375342941 634223167 258
146699201 342005993 301
636874621 1166207571 94
1528216277 1738420163 573
1003152992 11946913 315
1046035596 1442970339 206
1442970339 946444774 498
158017934 911720901 108
634223167 536068460 388
1522451655 1922684517 604
5974671 997965715 318
1146199535 390123985 233
824088378 342390090 373
1528216277 1148717866 214
1318368238 1738420163 54
17096322 683678655 439
997965715 327213579 444
11946913 5974671 449
1151664208 1738420163 508
1522451655 636874621 286
1442970339 180876631 59
1738420163 756756606 512
17096322 1307535868 527
536068460 1003152992 250
55012120 1148717866 543
1907009226 661147000 397
926192444 1080827791 225
17096322 911720901 66
79546271 1375342941 266
817938346 1089552388 2
834515227 115752958 606
254587249 1134868518 565
1318368238 327213579 582
1375342941 686213734 578
742351672 1190206506 224
911720901 824088378 479
756756606 115752958 190
1003152992 920143602 529
1922684517 1465492570 431
115752958 1907009226 46
824088378 1166207571 174
686213734 55012120 595
43516792 158017934 430
911720901 1853928979 244
1528617262 1907009226 438
634223167 1053728006 237
1046035596 1297814613 465
327575831 1318368238 393
43516792 158017934 462
686213734 1800282933 201
1080827791 775732145 538
751069478 817938346 144
1190206506 634223167 580
1528216277 920143602 416
17096322 393748744 125
754247338 1665302968 102
393748744 394633385 119
636874621 536068460 369
1148717866 43516792 43
158017934 1382461949 505
1907009226 775732145 328
817938346 1053728006 353
146699201 834515227 114
394633385 946444774 596
361091095 158017934 285
834515227 1375342941 37
359317 146699201 208
756756606 327575831 304
1375342941 1166207571 48
926192444 158017934 284
1134868518 359317 396
754247338 661147000 314
1732345556 855963265 358
1148717866 1775560185 172
55012120 1907009226 207
146699201 683678655 361
1465492570 754247338 218
327575831 1166207571 425
1853928979 742351672 280
1665302968 756756606 287
683678655 946444774 5
1465492570 1166207571 67
775732145 1665302968 97
686213734 1297814613 437
11946913 1528216277 236
1738420163 1850512249 128
919531526 1774497927 173
756756606 911720901 442
79546271 1465492570 303
742351672 1166207571 581
661147000 1099146695 195
79546271 1148717866 556
361091095 946444774 191
911720901 634223167 305
636874621 55012120 477
754247338 1738420163 30
634223167 775732145 466
1089552388 817938346 409
1375342941 1190206506 344
394633385 1099146695 216
1528216277 1465492570 562
1907009226 817938346 312
817938346 997965715 592
1080827791 1134868518 78
1732345556 946444774 377
686213734 636874621 331
1414192640 1382461949 135
1190206506 1522451655 155
1853928979 390123985 232
1046035596 756756606 336
946444774 686213734 156
926192444 997965715 448
661147000 1436145733 478
17096322 17096322 267
1907009226 1190206506 75
643211747 1465492570 242
115752958 1089552388 245
79546271 1053728006 142
55012120 683678655 586
855963265 1375342941 421
911720901 1307535868 115
43516792 1046035596 392
342005993 1151664208 334
661147000 5974671 452
17096322 359317 123
1522451655 756756606 72
661147000 911720901 118
254587249 1922684517 536
1465492570 1046035596 514
359317 1080827791 56
1853928979 536068460 222
254587249 17096322 23
1922684517 146699201 146
1190206506 756756606 579
115752958 342005993 152
742351672 662784164 460
17096322 327213579 464
1658603604 1658603604 170
1850512249 180876631 11
643211747 1774497927 338
643211747 1528216277 264
1146199535 742351672 205
1732345556 920143602 445
1148717866 1089552388 327
1053728006 5974671 273
834515227 1465492570 545
327575831 180876631 339
855963265 775732145 93
1658603604 359317 82
775732145 1853928979 455
643211747 1528216277 332
43516792 1003152992 375
394633385 43516792 443
636874621 1053728006 384
361091095 1528216277 143
394633385 55012120 261
5974671 1732345556 253
1442970339 254587249 519
1522451655 855963265 509
1922684517 1522451655 113
686213734 643211747 402
1003152992 911720901 342
1053728006 1732345556 473
636874621 946444774 585
756756606 1665302968 531
756756606 1442970339 248
1658603604 327213579 209
359317 1775560185 535
17096322 1166207571 141
1046035596 855963265 423
1080827791 1134868518 47
1003152992 180876631 238
390123985 1318368238 165
390123985 1414192640 185
1003152992 1522451655 491
848305484 342005993 426
683678655 1166207571 265
536068460 662784164 360
1080827791 683678655 91
1738420163 79546271 9
536068460 361091095 503
1089552388 1307535868 213
1442970339 1442970339 110
254587249 1442970339 510
146699201 817938346 454
686213734 394633385 34
997965715 1148717866 359
359317 1151664208 407
1382461949 1134868518 169
1053728006 1148717866 532
1190206506 1146199535 517
1046035596 327213579 105
393748744 17096322 300
1665302968 115752958 39
390123985 1146199535 537
1907009226 158017934 29
11946913 1089552388 403
1080827791 855963265 502
946444774 1850512249 387
1382461949 1665302968 471
1528617262 394633385 154
342005993 327575831 294
1190206506 1738420163 257
636874621 1850512249 74
1658603604 848305484 100
17096322 115752958 32
1148717866 361091095 189
919531526 1080827791 137
55012120 1738420163 162
1732345556 1658603604 268
911720901 634223167 345
1800282933 11946913 111
1732345556 115752958 194
115752958 1146199535 132
536068460 1307535868 482
1190206506 1528216277 279
1382461949 911720901 227
754247338 1738420163 21
158017934 254587249 84
1307535868 686213734 117
1528617262 43516792 613
1665302968 393748744 441
536068460 342005993 182
855963265 1148717866 288
946444774 1089552388 587
775732145 1522451655 594
911720901 1003152992 349
1134868518 17096322 516
1318368238 1307535868 164
920143602 817938346 501
1046035596 1775560185 98
1089552388 1738420163 411
43516792 643211747 36
359317 536068460 127
643211747 43516792 319
359317 1297814613 179
17096322 751069478 139
1166207571 5974671 276
1522451655 1318368238 489
1166207571 158017934 31
361091095 946444774 456
254587249 327575831 51
1307535868 1665302968 192
683678655 1522451655 229
146699201 1436145733 18
683678655 1166207571 549
1375342941 1528617262 591
643211747 775732145 92
158017934 1089552388 20
636874621 5974671 239
946444774 1775560185 178
946444774 754247338 183
1318368238 817938346 376
1436145733 1738420163 368
848305484 997965715 492
1436145733 1436145733 76
1099146695 1522451655 49
997965715 1099146695 136
254587249 1732345556 619
1465492570 254587249 220
1318368238 394633385 163
754247338 1922684517 363
394633385 756756606 271
919531526 55012120 323
662784164 394633385 458
946444774 390123985 390
361091095 817938346 61
1732345556 848305484 550
1907009226 1800282933 6
1853928979 79546271 131
1800282933 5974671 459
1774497927 754247338 617
1665302968 361091095 520
775732145 1318368238 383
754247338 17096322 381
634223167 1732345556 13
11946913 751069478 187
5974671 636874621 40
855963265 754247338 251
1148717866 180876631 196
636874621 1850512249 435
394633385 390123985 432
17096322 1665302968 316
79546271 756756606 302
1151664208 1089552388 374
742351672 1850512249 28
1382461949 1522451655 269
1046035596 756756606 480
146699201 1528216277 235
1080827791 327575831 293
393748744 1307535868 95
1134868518 1166207571 523
158017934 1528216277 526
775732145 1907009226 354
1774497927 1922684517 243
662784164 634223167 467
911720901 1436145733 544
5974671 1732345556 65
1003152992 342390090 511
848305484 911720901 311
1528216277 390123985 451
926192444 946444774 299
1853928979 911720901 614
79546271 1442970339 252
393748744 834515227 572
1297814613 643211747 14
1003152992 146699201 433
146699201 1307535868 140
643211747 634223167 563
919531526 926192444 351
536068460 834515227 160
775732145 1151664208 540
11946913 848305484 8
1003152992 1522451655 389
342390090 1465492570 357
997965715 1003152992 38
1774497927 1151664208 521
775732145 756756606 618
158017934 11946913 230
327213579 1528216277 557
1046035596 1089552388 226
158017934 662784164 382
643211747 1148717866 552
180876631 834515227 612
390123985 1442970339 166
848305484 775732145 419
751069478 1732345556 475
824088378 17096322 147
834515227 686213734 463
911720901 1089552388 186
824088378 1046035596 106
1146199535 1190206506 420
920143602 661147000 571
742351672 1922684517 255
55012120 11946913 24
824088378 1318368238 281
634223167 926192444 149
1738420163 1465492570 320
1436145733 327575831 326
79546271 751069478 203
756756606 661147000 524
1080827791 1522451655 609
1774497927 361091095 385
1738420163 661147000 270
1738420163 946444774 542
342390090 1853928979 277
146699201 1436145733 513
390123985 634223167 476
1528216277 742351672 246
1318368238 1853928979 575
342005993 1658603604 96
754247338 327575831 547
920143602 1003152992 414
1297814613 1148717866 256
1853928979 327575831 378
1850512249 1774497927 417
1166207571 751069478 335
824088378 683678655 204
1465492570 1853928979 539
1465492570 1658603604 291
55012120 79546271 274
536068460 1907009226 1
393748744 1732345556 103
1775560185 1528216277 322
926192444 43516792 231
1151664208 79546271 70
1922684517 1522451655 500
342390090 5974671 15
919531526 775732145 494
1850512249 115752958 593
742351672 1436145733 490
1436145733 824088378 386
1297814613 1382461949 44
1134868518 390123985 485
997965715 1522451655 602
1190206506 1375342941 615
1318368238 1465492570 399
1146199535 1297814613 350
254587249 1528617262 534
5974671 1297814613 481
997965715 1853928979 422
1089552388 1166207571 484
115752958 834515227 474
848305484 17096322 400
683678655 1151664208 401
361091095 1053728006 22
754247338 834515227 450
55012120 1146199535 45
55012120 1003152992 157
254587249 1053728006 282
1528216277 1665302968 26
1148717866 1148717866 337
1046035596 390123985 124
1046035596 1528617262 453
1528617262 327575831 405
5974671 661147000 175
359317 926192444 487
1922684517 342005993 371
327575831 1382461949 472
79546271 1658603604 50
919531526 115752958 241
919531526 686213734 567
361091095 1465492570 247
1190206506 1053728006 83
1080827791 359317 554
1146199535 1318368238 583
1442970339 254587249 120
919531526 1375342941 553
1307535868 1665302968 603
361091095 1774497927 53
1099146695 536068460 295
1665302968 1080827791 129
1166207571 43516792 71
636874621 55012120 570
1442970339 683678655 364
342005993 1099146695 367
5974671 5974671 370
394633385 1907009226 85
43516792 394633385 574
1003152992 742351672 601
1853928979 1046035596 355
1148717866 1318368238 262
636874621 1850512249 138
686213734 1046035596 263
1465492570 834515227 468
1800282933 55012120 469
342005993 1414192640 506
686213734 1382461949 307
1375342941 1297814613 551
683678655 1297814613 561
1297814613 180876631 193
946444774 848305484 340
1774497927 754247338 428
1414192640 1099146695 292
1166207571 1134868518 533
1853928979 254587249 200
79546271 1382461949 569
1151664208 1853928979 329
55012120 1375342941 52
1528216277 5974671 352
1099146695 11946913 391
1414192640 756756606 176
17096322 919531526 333
817938346 751069478 372
327213579 1465492570 150
43516792 1522451655 86
1922684517 146699201 215
1003152992 911720901 296
1148717866 254587249 317
1003152992 1080827791 584
394633385 683678655 346
911720901 254587249 180
1738420163 855963265 413
1442970339 911720901 73
751069478 394633385 171
115752958 1528216277 616
686213734 1146199535 486
5974671 146699201 429
146699201 1775560185 27
158017934 361091095 69
1089552388 11946913 507
11946913 855963265 254
1375342941 342005993 341
1046035596 79546271 599
683678655 327575831 153
1465492570 1774497927 434
1003152992 919531526 259
754247338 1148717866 576
926192444 180876631 310
1658603604 394633385 234
1375342941 146699201 530
1099146695 919531526 4
751069478 11946913 223
146699201 1774497927 19
1318368238 390123985 58
662784164 686213734 608
1775560185 536068460 89
327213579 1046035596 560
146699201 1774497927 17
5974671 1528216277 324
1099146695 327213579 588
1442970339 775732145 555
43516792 1414192640 289
1442970339 636874621 202
43516792 1850512249 130
911720901 361091095 515
17096322 359317 79
1738420163 919531526 260
1774497927 1922684517 177
1190206506 1307535868 610
997965715 43516792 298
1307535868 855963265 410
662784164 911720901 126
11946913 115752958 404
683678655 1528216277 589
683678655 1774497927 161
115752958 1800282933 104
636874621 756756606 447
1146199535 662784164 461
1382461949 848305484 493
946444774 1665302968 558
686213734 1665302968 219
817938346 1382461949 211
643211747 79546271 330
79546271 11946913 290
394633385 1853928979 217
43516792 5974671 415
342005993 43516792 495
158017934 1307535868 10
1658603604 1442970339 522
1665302968 1907009226 3
946444774 342390090 564
1775560185 920143602 278
911720901 1297814613 356
662784164 1190206506 35
834515227 1732345556 541
834515227 1665302968 504
756756606 254587249 347
742351672 855963265 408
361091095 855963265 559
1665302968 1665302968 212
946444774 855963265 497
254587249 643211747 394
1148717866 1053728006 151
926192444 1146199535 99
536068460 1414192640 412
79546271 683678655 427
926192444 1850512249 12
1151664208 751069478 600
1738420163 1080827791 57
834515227 1528617262 16
5974671 342005993 607
817938346 342005993 321
1907009226 1318368238 424
643211747 1053728006 528
1099146695 1528216277 168
1318368238 662784164 134
817938346 1436145733 605
1148717866 919531526 25
342005993 662784164 81
180876631 1089552388 181
1775560185 158017934 488
359317 115752958 64
634223167 848305484 436
342005993 686213734 308
536068460 817938346 395
1442970339 636874621 379
394633385 390123985 620
1080827791 1382461949 457
342005993 926192444 158
1465492570 997965715 68
359317 79546271 199
1658603604 919531526 309
919531526 1148717866 348
1528617262 1436145733 440
661147000 997965715 116
686213734 1146199535 107
1003152992 1297814613 362
911720901 775732145 7
1099146695 1134868518 42
855963265 683678655 184
775732145 1297814613 112
1046035596 1297814613 283
342005993 146699201 611
1774497927 754247338 90
1148717866 1774497927 249
997965715 361091095 148
754247338 1046035596 145
1089552388 393748744 398
754247338 775732145 566
1800282933 1053728006 33
1190206506 997965715 525
180876631 327575831 210
1134868518 361091095 62
1190206506 1800282933 221
55012120 919531526 365
1089552388 643211747 496
1151664208 643211747 109
751069478 1003152992 380
5974671 1382461949 297
742351672 393748744 87
342390090 1465492570 446
1166207571 327213579 518
926192444 1465492570 272
1297814613 17096322 548
1465492570 919531526 198
1053728006 1080827791 101
1318368238 1046035596 88
1080827791 1003152992 568
1774497927 1297814613 470
751069478 327213579 121
775732145 742351672 77
1907009226 1414192640 188
1738420163 1375342941 60
662784164 1853928979 197
817938346 1089552388 167
1465492570 1665302968 63
1907009226 1922684517 275
390123985 848305484 546
751069478 926192444 590
1148717866 393748744 55
390123985 393748744 343
1658603604 1053728006 366
1053728006 1053728006 122
1190206506 393748744 418
775732145 359317 597
1080827791 394633385 483
775732145 342390090 313
683678655 327213579 159
643211747 946444774 41
