2088 20000
1585525509 1585525509 1724
1585525509 1124711607 1892
1585525509 1585525509 1107
1585525509 1585525509 593
1124711607 1585525509 1141
1124711607 1585525509 1200
1124711607 1124711607 1790
1585525509 1585525509 1459
1585525509 1585525509 1549
1124711607 1124711607 613
1585525509 1585525509 1926
1124711607 1124711607 549
1585525509 1585525509 26
1585525509 1124711607 242
1585525509 1124711607 1121
1585525509 1585525509 746
1585525509 1124711607 1499
1124711607 1124711607 1934
1585525509 1124711607 224
1585525509 1585525509 1252
1585525509 1124711607 405
1124711607 1124711607 607
1124711607 1124711607 550
1124711607 1124711607 246
1124711607 1585525509 1552
1124711607 1124711607 186
1585525509 1124711607 1093
1585525509 1585525509 1875
1124711607 1585525509 990
1124711607 1124711607 707
1585525509 1124711607 952
1124711607 1585525509 522
1585525509 1124711607 1300
1124711607 1585525509 730
1585525509 1124711607 747
1124711607 1124711607 1476
1585525509 1124711607 710
1124711607 1585525509 111
1585525509 1124711607 1464
1585525509 1585525509 915
1124711607 1585525509 193
1585525509 1124711607 1444
1585525509 1124711607 1029
1124711607 1585525509 543
1585525509 1124711607 700
1124711607 1124711607 1220
1124711607 1585525509 1423
1124711607 1585525509 1168
1124711607 1585525509 1898
1124711607 1124711607 2076
1124711607 1585525509 1294
1124711607 1585525509 1463
1124711607 1585525509 908
1585525509 1124711607 721
1124711607 1124711607 1617
1124711607 1585525509 718
1124711607 1124711607 776
1124711607 1585525509 1467
1124711607 1124711607 840
1124711607 1585525509 1915
1585525509 1124711607 1775
1585525509 1585525509 1487
1124711607 1585525509 1421
1585525509 1585525509 924
1585525509 1585525509 971
1124711607 1585525509 1603
1585525509 1124711607 168
1585525509 1585525509 534
1585525509 1124711607 1157
1124711607 1585525509 1712
1124711607 1585525509 2081
1124711607 1585525509 3
1124711607 1585525509 1044
1585525509 1585525509 16
1124711607 1124711607 197
1585525509 1124711607 1138
1124711607 1585525509 245
1585525509 1124711607 1858
1585525509 1124711607 1846
1124711607 1124711607 1717
1124711607 1124711607 682
1585525509 1585525509 1326
1585525509 1124711607 792
1124711607 1585525509 1969
1124711607 1585525509 1583
1124711607 1585525509 455
1585525509 1585525509 896
1585525509 1124711607 991
1585525509 1124711607 938
1124711607 1585525509 295
1585525509 1585525509 129
1585525509 1124711607 266
1124711607 1124711607 1271
1124711607 1124711607 1835
1585525509 1585525509 1148
1124711607 1124711607 206
1124711607 1124711607 1238
1585525509 1585525509 497
1124711607 1124711607 1428
1585525509 1124711607 1645
1124711607 1585525509 1085
1585525509 1585525509 211
1585525509 1585525509 913
1124711607 1585525509 1971
1585525509 1124711607 2041
1124711607 1585525509 1094
1585525509 1585525509 232
1124711607 1585525509 815
1124711607 1585525509 1296
1585525509 1124711607 1638
1585525509 1585525509 852
1585525509 1585525509 1623
1124711607 1585525509 1797
1124711607 1585525509 258
1124711607 1585525509 466
1585525509 1124711607 532
1585525509 1124711607 325
1124711607 1585525509 1336
1585525509 1124711607 637
1585525509 1585525509 1907
1585525509 1124711607 151
1124711607 1585525509 2025
1585525509 1585525509 1015
1124711607 1585525509 1772
1124711607 1124711607 326
1585525509 1124711607 620
1124711607 1585525509 629
1124711607 1124711607 261
1585525509 1124711607 2014
1585525509 1124711607 1357
1585525509 1585525509 343
1124711607 1585525509 1766
1585525509 1585525509 278
1124711607 1124711607 473
1124711607 1124711607 1644
1124711607 1585525509 1955
1124711607 1585525509 1351
1124711607 1585525509 1543
1585525509 1124711607 1358
1124711607 1124711607 1455
1124711607 1585525509 562
1585525509 1124711607 438
1124711607 1124711607 1744
1585525509 1124711607 1424
1124711607 1124711607 316
1585525509 1124711607 1752
1585525509 1585525509 1868
1585525509 1585525509 636
1585525509 1124711607 1922
1585525509 1585525509 1488
1124711607 1585525509 1179
1124711607 1585525509 1407
1585525509 1124711607 1218
1585525509 1585525509 1557
1124711607 1585525509 1380
1124711607 1585525509 1349
1124711607 1585525509 1932
1585525509 1585525509 848
1585525509 1585525509 1780
1124711607 1585525509 337
1124711607 1124711607 1210
1124711607 1585525509 1526
1585525509 1585525509 1372
1124711607 1585525509 1240
1124711607 1124711607 1297
1585525509 1124711607 1016
1124711607 1124711607 205
1124711607 1585525509 1882
1585525509 1585525509 392
1585525509 1124711607 963
1585525509 1585525509 363
1585525509 1585525509 1001
1124711607 1585525509 2046
1124711607 1124711607 1956
1585525509 1585525509 1136
1585525509 1585525509 1255
1124711607 1124711607 512
1124711607 1124711607 744
1585525509 1124711607 248
1124711607 1585525509 869
1585525509 1585525509 374
1585525509 1585525509 136
1585525509 1585525509 1548
1124711607 1124711607 979
1585525509 1585525509 7
1124711607 1124711607 487
1585525509 1585525509 86
1124711607 1124711607 1145
1124711607 1585525509 1496
1124711607 1585525509 929
1585525509 1585525509 72
1585525509 1585525509 171
1124711607 1124711607 576
1124711607 1585525509 1753
1124711607 1585525509 1144
1124711607 1585525509 281
1585525509 1124711607 705
1585525509 1585525509 616
1585525509 1585525509 1989
1585525509 1124711607 327
1585525509 1585525509 1118
1124711607 1124711607 626
1585525509 1585525509 353
1124711607 1585525509 1762
1124711607 1585525509 2054
1585525509 1585525509 446
1585525509 1124711607 462
1585525509 1124711607 789
1124711607 1124711607 1550
1585525509 1585525509 1139
1124711607 1124711607 1091
1124711607 1124711607 1556
1124711607 1124711607 748
1585525509 1124711607 612
1585525509 1124711607 1546
1124711607 1585525509 796
1124711607 1124711607 1288
1585525509 1124711607 216
1585525509 1124711607 888
1585525509 1585525509 1293
1585525509 1585525509 1099
1585525509 1585525509 1259
1585525509 1124711607 1631
1124711607 1124711607 786
1124711607 1585525509 998
1124711607 1124711607 1908
1585525509 1124711607 177
1585525509 1124711607 96
1124711607 1585525509 1600
1124711607 1124711607 408
1585525509 1585525509 2067
1585525509 1124711607 89
1124711607 1124711607 1166
1124711607 1585525509 1418
1124711607 1585525509 989
1124711607 1124711607 1143
1124711607 1585525509 1445
1124711607 1124711607 1721
1124711607 1124711607 1265
1585525509 1585525509 694
1585525509 1585525509 933
1124711607 1124711607 1498
1124711607 1585525509 289
1585525509 1124711607 360
1585525509 1124711607 1285
1124711607 1124711607 753
1585525509 1124711607 775
1124711607 1124711607 1584
1124711607 1124711607 870
1585525509 1585525509 554
1585525509 1585525509 2007
1585525509 1585525509 1565
1124711607 1585525509 652
1124711607 1585525509 107
1124711607 1585525509 1621
1124711607 1124711607 1056
1585525509 1124711607 1419
1585525509 1124711607 1619
1124711607 1585525509 79
1585525509 1585525509 1862
1585525509 1124711607 1429
1585525509 1124711607 727
1124711607 1124711607 131
1124711607 1124711607 1828
1585525509 1124711607 1469
1585525509 1124711607 1321
1585525509 1124711607 1323
1124711607 1124711607 1992
1124711607 1585525509 312
1124711607 1585525509 1130
1585525509 1124711607 1987
1124711607 1585525509 1913
1585525509 1585525509 893
1124711607 1585525509 318
1585525509 1124711607 416
1124711607 1585525509 992
1124711607 1124711607 33
1124711607 1585525509 367
1585525509 1585525509 635
1124711607 1124711607 1312
1585525509 1585525509 1513
1124711607 1585525509 1826
1585525509 1124711607 627
1124711607 1124711607 1146
1124711607 1124711607 600
1585525509 1585525509 609
1585525509 1124711607 1361
1124711607 1585525509 1572
1124711607 1585525509 1171
1124711607 1124711607 1812
1585525509 1585525509 1183
1124711607 1585525509 1384
1124711607 1124711607 1759
1124711607 1124711607 1249
1585525509 1124711607 1651
1124711607 1585525509 358
1585525509 1585525509 422
1585525509 1124711607 2047
1124711607 1585525509 515
1585525509 1585525509 1873
1585525509 1585525509 756
1124711607 1124711607 745
1585525509 1124711607 1639
1585525509 1124711607 138
1124711607 1124711607 475
1585525509 1585525509 1593
1585525509 1585525509 876
1585525509 1585525509 1172
1124711607 1124711607 40
1585525509 1124711607 1438
1585525509 1585525509 830
1585525509 1124711607 482
1124711607 1124711607 1732
1124711607 1585525509 1946
1124711607 1585525509 1842
1585525509 1585525509 62
1585525509 1585525509 827
1124711607 1124711607 213
1124711607 1585525509 520
1585525509 1585525509 1298
1124711607 1124711607 1088
1124711607 1124711607 506
1124711607 1124711607 1104
1124711607 1124711607 691
1124711607 1124711607 618
1585525509 1124711607 1947
1124711607 1585525509 541
1585525509 1585525509 2078
1585525509 1124711607 272
1124711607 1124711607 18
1585525509 1585525509 1671
1585525509 1124711607 1156
1585525509 1585525509 1844
1585525509 1124711607 453
1124711607 1585525509 75
1124711607 1585525509 287
1585525509 1585525509 1704
1585525509 1585525509 1411
1585525509 1585525509 150
1124711607 1585525509 2
1124711607 1124711607 1364
1585525509 1124711607 1912
1585525509 1585525509 202
1124711607 1124711607 1320
1585525509 1585525509 988
1585525509 1585525509 555
1585525509 1124711607 567
1585525509 1124711607 1801
1585525509 1585525509 84
1585525509 1585525509 1115
1585525509 1124711607 880
1585525509 1585525509 1389
1124711607 1124711607 189
1585525509 1585525509 673
1585525509 1124711607 396
1585525509 1585525509 1777
1124711607 1585525509 1539
1585525509 1124711607 757
1585525509 1585525509 38
1585525509 1124711607 2049
1585525509 1124711607 68
1124711607 1124711607 1803
1585525509 1585525509 965
1585525509 1585525509 407
1585525509 1124711607 985
1124711607 1585525509 1280
1124711607 1124711607 1012
1124711607 1124711607 1577
1124711607 1585525509 1686
1124711607 1124711607 1329
1585525509 1585525509 310
1124711607 1585525509 1710
1124711607 1585525509 468
1585525509 1124711607 1334
1585525509 1124711607 788
1585525509 1124711607 479
1124711607 1585525509 877
1585525509 1124711607 1038
1585525509 1585525509 1071
1585525509 1124711607 1228
1124711607 1124711607 508
1124711607 1124711607 1838
1124711607 1124711607 1006
1585525509 1585525509 1119
1124711607 1585525509 2026
1585525509 1124711607 1928
1585525509 1585525509 844
1124711607 1585525509 1184
1124711607 1124711607 1605
1124711607 1124711607 430
1124711607 1585525509 1382
1585525509 1585525509 724
1124711607 1585525509 1891
1585525509 1124711607 1893
1124711607 1124711607 545
1585525509 1585525509 1614
1124711607 1124711607 1628
1585525509 1124711607 833
1585525509 1585525509 429
1124711607 1585525509 1649
1585525509 1124711607 1666
1585525509 1585525509 1165
1124711607 1585525509 1227
1124711607 1124711607 184
1124711607 1124711607 243
1585525509 1585525509 1996
1585525509 1585525509 490
1124711607 1124711607 1449
1124711607 1124711607 147
1585525509 1124711607 1839
1124711607 1585525509 559
1585525509 1585525509 1346
1124711607 1585525509 1316
1585525509 1585525509 170
1124711607 1124711607 1394
1585525509 1585525509 1485
1124711607 1124711607 294
1124711607 1124711607 780
1124711607 1124711607 10
1585525509 1585525509 161
1585525509 1585525509 1416
1124711607 1585525509 659
1585525509 1124711607 1774
1585525509 1585525509 1368
1585525509 1124711607 922
1585525509 1124711607 631
1124711607 1124711607 417
1585525509 1585525509 1677
1124711607 1124711607 1899
1124711607 1124711607 158
1124711607 1585525509 709
1124711607 1585525509 1945
1124711607 1585525509 190
1124711607 1585525509 1506
1585525509 1585525509 719
1124711607 1585525509 1798
1124711607 1585525509 467
1585525509 1124711607 1337
1585525509 1124711607 1237
1585525509 1585525509 806
1124711607 1124711607 1219
1124711607 1585525509 1198
1585525509 1585525509 347
1124711607 1585525509 1819
1585525509 1124711607 1942
1585525509 1585525509 968
1124711607 1585525509 1863
1124711607 1585525509 1245
1124711607 1124711607 1225
1585525509 1124711607 1194
1124711607 1124711607 895
1585525509 1585525509 384
1124711607 1585525509 1591
1124711607 1585525509 521
1585525509 1124711607 269
1124711607 1124711607 987
1585525509 1124711607 469
1585525509 1124711607 1354
1124711607 1585525509 1221
1585525509 1124711607 1770
1124711607 1124711607 925
1124711607 1124711607 1788
1124711607 1124711607 723
1585525509 1585525509 1008
1124711607 1585525509 505
1124711607 1585525509 1401
1585525509 1124711607 999
1124711607 1124711607 1612
1124711607 1124711607 340
1585525509 1585525509 525
1124711607 1585525509 590
1124711607 1124711607 1742
1124711607 1585525509 1537
1124711607 1585525509 1158
1585525509 1585525509 1960
1124711607 1585525509 1181
1124711607 1124711607 100
1585525509 1124711607 1435
1585525509 1124711607 449
1585525509 1585525509 1049
1585525509 1585525509 386
1124711607 1585525509 1620
1585525509 1124711607 812
1585525509 1124711607 1391
1585525509 1124711607 1266
1585525509 1585525509 1699
1585525509 1124711607 771
1585525509 1585525509 936
1585525509 1124711607 60
1585525509 1124711607 592
1585525509 1124711607 1495
1585525509 1124711607 1047
1124711607 1124711607 114
1124711607 1585525509 1716
1124711607 1585525509 1622
1124711607 1124711607 1511
1124711607 1124711607 981
1585525509 1124711607 165
1585525509 1585525509 1338
1124711607 1585525509 604
1124711607 1585525509 513
1585525509 1585525509 1393
1124711607 1124711607 755
1585525509 1585525509 427
1585525509 1585525509 303
1585525509 1124711607 1406
1124711607 1124711607 1373
1124711607 1585525509 2022
1124711607 1124711607 1580
1124711607 1124711607 540
1585525509 1124711607 1021
1585525509 1585525509 1090
1585525509 1585525509 2075
1124711607 1585525509 1988
1124711607 1124711607 480
1124711607 1585525509 1920
1585525509 1585525509 996
1585525509 1585525509 42
1585525509 1124711607 574
1585525509 1124711607 964
1124711607 1124711607 714
1124711607 1585525509 37
1585525509 1124711607 1509
1124711607 1124711607 222
1585525509 1585525509 159
1124711607 1585525509 568
1124711607 1124711607 763
1124711607 1585525509 146
1124711607 1585525509 570
1124711607 1124711607 1688
1585525509 1585525509 1460
1124711607 1585525509 954
1585525509 1124711607 1642
1585525509 1124711607 1230
1585525509 1124711607 671
1585525509 1124711607 1643
1585525509 1585525509 634
1124711607 1585525509 529
1585525509 1585525509 1695
1124711607 1124711607 1646
1585525509 1585525509 1127
1585525509 1585525509 1629
1124711607 1585525509 633
1124711607 1124711607 1598
1585525509 1124711607 1582
1585525509 1585525509 1791
1124711607 1124711607 450
1585525509 1124711607 630
1124711607 1585525509 133
1124711607 1585525509 1262
1124711607 1124711607 346
1585525509 1585525509 1602
1124711607 1585525509 606
1585525509 1585525509 381
1585525509 1585525509 1233
1585525509 1585525509 960
1124711607 1585525509 1208
1124711607 1585525509 2034
1585525509 1124711607 1244
1585525509 1585525509 666
1585525509 1585525509 1949
1585525509 1585525509 1525
1124711607 1585525509 2020
1585525509 1585525509 1241
1585525509 1585525509 338
1585525509 1124711607 1902
1124711607 1585525509 1781
1585525509 1585525509 1608
1124711607 1585525509 17
1124711607 1124711607 204
1124711607 1124711607 1319
1585525509 1124711607 1471
1124711607 1585525509 993
1585525509 1124711607 536
1585525509 1124711607 499
1585525509 1124711607 1941
1124711607 1585525509 1493
1585525509 1585525509 1102
1585525509 1124711607 299
1124711607 1585525509 1377
1124711607 1124711607 1689
1585525509 1124711607 1532
1124711607 1124711607 826
1124711607 1585525509 1154
1124711607 1124711607 1657
1124711607 1585525509 1425
1124711607 1585525509 2062
1585525509 1124711607 542
1124711607 1124711607 845
1585525509 1124711607 157
1124711607 1585525509 92
1124711607 1124711607 330
1124711607 1124711607 1251
1124711607 1585525509 1080
1124711607 1585525509 1795
1124711607 1585525509 1507
1585525509 1585525509 766
1585525509 1124711607 73
1585525509 1124711607 587
1585525509 1585525509 1799
1585525509 1124711607 1039
1585525509 1124711607 1396
1124711607 1124711607 203
1124711607 1585525509 119
1585525509 1124711607 241
1585525509 1124711607 622
1585525509 1585525509 240
1124711607 1585525509 135
1124711607 1585525509 1534
1124711607 1585525509 1856
1585525509 1585525509 1515
1124711607 1124711607 928
1124711607 1585525509 1778
1124711607 1585525509 1676
1124711607 1585525509 1767
1585525509 1124711607 1756
1124711607 1124711607 1680
1585525509 1585525509 720
1585525509 1124711607 1637
1124711607 1124711607 1751
1585525509 1124711607 187
1124711607 1124711607 116
1585525509 1124711607 1111
1124711607 1124711607 207
1585525509 1124711607 1919
1124711607 1124711607 1906
1585525509 1124711607 1437
1585525509 1585525509 1318
1585525509 1124711607 871
1124711607 1124711607 898
1585525509 1585525509 1190
1124711607 1585525509 638
1124711607 1585525509 577
1124711607 1124711607 1566
1124711607 1124711607 361
1585525509 1124711607 1808
1124711607 1124711607 451
1124711607 1585525509 283
1124711607 1124711607 867
1124711607 1585525509 668
1585525509 1124711607 228
1124711607 1585525509 1641
1585525509 1124711607 947
1585525509 1124711607 1870
1124711607 1585525509 88
1585525509 1124711607 477
1124711607 1124711607 1771
1585525509 1585525509 835
1585525509 1585525509 43
1124711607 1124711607 1068
1585525509 1585525509 680
1585525509 1585525509 912
1124711607 1124711607 1851
1124711607 1585525509 1658
1124711607 1585525509 1412
1585525509 1585525509 904
1124711607 1124711607 695
1585525509 1124711607 1072
1124711607 1585525509 624
1124711607 1585525509 2039
1124711607 1585525509 1362
1585525509 1585525509 64
1585525509 1585525509 15
1124711607 1585525509 1447
1124711607 1124711607 884
1585525509 1585525509 121
1124711607 1585525509 163
1585525509 1124711607 48
1124711607 1585525509 1313
1585525509 1585525509 335
1585525509 1124711607 1980
1585525509 1585525509 1234
1585525509 1585525509 1422
1585525509 1124711607 1254
1124711607 1124711607 1482
1585525509 1124711607 785
1124711607 1585525509 235
1585525509 1124711607 582
1124711607 1585525509 579
1124711607 1124711607 1410
1585525509 1124711607 602
1585525509 1124711607 344
1585525509 1124711607 653
1124711607 1585525509 179
1585525509 1585525509 164
1585525509 1585525509 1175
1585525509 1124711607 152
1124711607 1585525509 368
1585525509 1124711607 1199
1585525509 1585525509 1327
1585525509 1585525509 670
1124711607 1124711607 696
1124711607 1585525509 9
1124711607 1585525509 1465
1124711607 1585525509 1979
1585525509 1585525509 528
1124711607 1124711607 1916
1585525509 1585525509 1037
1124711607 1585525509 571
1585525509 1124711607 1023
1124711607 1585525509 1420
1124711607 1585525509 640
1124711607 1585525509 1567
1585525509 1124711607 1089
1585525509 1585525509 1064
1585525509 1124711607 930
1124711607 1585525509 1451
1585525509 1124711607 1317
1124711607 1124711607 32
1124711607 1585525509 595
1124711607 1585525509 651
1585525509 1585525509 1974
1585525509 1585525509 854
1124711607 1124711607 47
1585525509 1585525509 1970
1585525509 1124711607 825
1585525509 1585525509 81
1124711607 1124711607 2024
1124711607 1124711607 1786
1585525509 1124711607 23
1124711607 1585525509 1360
1124711607 1124711607 1978
1124711607 1585525509 527
1585525509 1124711607 1126
1124711607 1585525509 1043
1124711607 1585525509 36
1585525509 1585525509 1456
1585525509 1124711607 28
1124711607 1124711607 195
1124711607 1124711607 1322
1124711607 1124711607 692
1124711607 1585525509 729
1124711607 1124711607 237
1124711607 1124711607 1571
1124711607 1585525509 821
1585525509 1585525509 1343
1124711607 1124711607 1784
1124711607 1124711607 1113
1585525509 1124711607 1345
1585525509 1585525509 1728
1124711607 1124711607 1531
1124711607 1585525509 1125
1124711607 1585525509 1468
1585525509 1585525509 254
1124711607 1124711607 1306
1124711607 1585525509 1457
1585525509 1585525509 956
1124711607 1585525509 132
1585525509 1124711607 2063
1585525509 1585525509 341
1585525509 1124711607 919
1585525509 1124711607 1930
1124711607 1585525509 56
1585525509 1124711607 578
1124711607 1585525509 259
1124711607 1585525509 1711
1585525509 1124711607 214
1124711607 1585525509 1847
1124711607 1585525509 1304
1124711607 1585525509 667
1585525509 1124711607 1656
1124711607 1585525509 1013
1585525509 1585525509 1648
1124711607 1124711607 1356
1124711607 1585525509 1855
1585525509 1585525509 1070
1124711607 1585525509 1961
1124711607 1585525509 2033
1124711607 1585525509 1829
1124711607 1585525509 1897
1124711607 1124711607 1837
1585525509 1124711607 810
1124711607 1585525509 20
1124711607 1124711607 1544
1585525509 1585525509 703
1585525509 1585525509 1330
1124711607 1585525509 1553
1585525509 1124711607 1833
1585525509 1585525509 288
1585525509 1585525509 874
1585525509 1585525509 1679
1124711607 1585525509 1675
1124711607 1124711607 441
1124711607 1124711607 354
1124711607 1585525509 1278
1585525509 1124711607 644
1585525509 1124711607 1095
1585525509 1585525509 44
1124711607 1585525509 2086
1124711607 1585525509 1239
1585525509 1585525509 1575
1124711607 1585525509 1161
1124711607 1585525509 907
1585525509 1124711607 2065
1124711607 1585525509 1433
1585525509 1585525509 2051
1585525509 1124711607 1816
1124711607 1124711607 5
1585525509 1585525509 209
1585525509 1585525509 808
1585525509 1124711607 25
1124711607 1124711607 599
1585525509 1585525509 759
1124711607 1585525509 1681
1124711607 1124711607 1674
1124711607 1585525509 820
1585525509 1124711607 2064
1124711607 1124711607 1880
1585525509 1585525509 454
1585525509 1124711607 126
1585525509 1124711607 977
1124711607 1585525509 862
1124711607 1585525509 389
1585525509 1585525509 1702
1585525509 1124711607 122
1124711607 1124711607 85
1585525509 1124711607 1737
1124711607 1124711607 1670
1585525509 1585525509 2002
1585525509 1585525509 1434
1124711607 1124711607 1827
1124711607 1585525509 442
1124711607 1585525509 1517
1585525509 1585525509 781
1124711607 1585525509 1730
1585525509 1124711607 101
1585525509 1124711607 2010
1585525509 1585525509 112
1585525509 1124711607 1551
1585525509 1124711607 8
1124711607 1124711607 1281
1124711607 1585525509 897
1124711607 1124711607 717
1585525509 1585525509 1574
1585525509 1585525509 702
1124711607 1124711607 173
1124711607 1585525509 517
1585525509 1585525509 280
1585525509 1585525509 995
1124711607 1124711607 1613
1585525509 1124711607 679
1585525509 1124711607 656
1124711607 1585525509 650
1585525509 1124711607 1256
1585525509 1124711607 1708
1124711607 1124711607 615
1124711607 1585525509 583
1124711607 1124711607 1284
1124711607 1585525509 2032
1124711607 1585525509 1004
1124711607 1585525509 887
1585525509 1585525509 731
1124711607 1124711607 1462
1585525509 1124711607 1660
1585525509 1585525509 743
1124711607 1585525509 2084
1124711607 1124711607 167
1124711607 1124711607 639
1585525509 1124711607 581
1124711607 1124711607 1983
1585525509 1124711607 1028
1124711607 1585525509 1211
1585525509 1124711607 738
1124711607 1585525509 46
1124711607 1124711607 1905
1124711607 1585525509 711
1124711607 1585525509 1036
1585525509 1585525509 1692
1585525509 1124711607 580
1585525509 1585525509 14
1585525509 1585525509 1931
1124711607 1124711607 1409
1124711607 1585525509 1741
1585525509 1585525509 754
1124711607 1124711607 645
1124711607 1585525509 483
1585525509 1585525509 27
1585525509 1124711607 1800
1124711607 1585525509 90
1585525509 1124711607 704
1585525509 1124711607 793
1124711607 1124711607 1474
1124711607 1585525509 2072
1585525509 1124711607 140
1124711607 1124711607 105
1124711607 1124711607 681
1585525509 1585525509 1289
1585525509 1585525509 19
1585525509 1124711607 575
1585525509 1585525509 1182
1124711607 1124711607 1153
1585525509 1124711607 1133
1124711607 1585525509 901
1585525509 1585525509 958
1124711607 1585525509 1446
1585525509 1124711607 2079
1585525509 1124711607 1514
1124711607 1124711607 596
1585525509 1124711607 1723
1585525509 1124711607 1861
1585525509 1124711607 1415
1585525509 1585525509 1489
1585525509 1585525509 35
1124711607 1585525509 551
1124711607 1124711607 1250
1124711607 1124711607 1232
1124711607 1585525509 322
1585525509 1124711607 39
1124711607 1585525509 1944
1585525509 1585525509 1848
1124711607 1585525509 54
1124711607 1124711607 99
1124711607 1124711607 315
1124711607 1585525509 1965
1585525509 1124711607 939
1124711607 1585525509 957
1124711607 1585525509 309
1585525509 1124711607 319
1585525509 1585525509 188
1585525509 1585525509 1307
1124711607 1585525509 1754
1585525509 1124711607 1512
1124711607 1124711607 1967
1124711607 1124711607 2048
1585525509 1124711607 1432
1124711607 1124711607 708
1124711607 1585525509 2055
1585525509 1124711607 1128
1585525509 1124711607 855
1124711607 1585525509 1592
1585525509 1585525509 1046
1585525509 1585525509 1504
1585525509 1585525509 115
1585525509 1124711607 662
1585525509 1124711607 6
1124711607 1585525509 569
1124711607 1585525509 452
1124711607 1124711607 1678
1585525509 1585525509 219
1124711607 1124711607 1212
1585525509 1124711607 1142
1124711607 1585525509 1050
1585525509 1124711607 698
1585525509 1585525509 445
1124711607 1124711607 291
1585525509 1124711607 485
1124711607 1585525509 414
1124711607 1124711607 80
1585525509 1124711607 459
1124711607 1124711607 1169
1585525509 1585525509 514
1585525509 1124711607 1381
1585525509 1124711607 726
1585525509 1124711607 1387
1585525509 1585525509 856
1585525509 1124711607 411
1585525509 1585525509 1078
1585525509 1585525509 537
1124711607 1124711607 1650
1585525509 1585525509 124
1585525509 1585525509 1750
1124711607 1585525509 1217
1124711607 1124711607 573
1124711607 1585525509 1379
1585525509 1124711607 1921
1124711607 1124711607 1302
1124711607 1124711607 1625
1124711607 1585525509 648
1585525509 1585525509 331
1585525509 1124711607 1820
1585525509 1585525509 1951
1124711607 1124711607 1193
1124711607 1124711607 156
1585525509 1585525509 940
1585525509 1124711607 1720
1585525509 1124711607 495
1124711607 1585525509 267
1124711607 1585525509 496
1585525509 1124711607 539
1124711607 1124711607 1187
1585525509 1124711607 1359
1585525509 1124711607 906
1585525509 1585525509 231
1585525509 1585525509 1630
1124711607 1585525509 142
1124711607 1124711607 357
1585525509 1124711607 1740
1124711607 1124711607 1122
1124711607 1124711607 1568
1585525509 1585525509 1925
1585525509 1585525509 2050
1124711607 1124711607 1519
1124711607 1585525509 1687
1124711607 1124711607 110
1124711607 1124711607 677
1585525509 1585525509 1804
1124711607 1124711607 1076
1124711607 1124711607 530
1124711607 1585525509 686
1585525509 1124711607 474
1585525509 1585525509 911
1124711607 1124711607 809
1124711607 1585525509 431
1124711607 1585525509 369
1124711607 1124711607 41
1124711607 1585525509 932
1585525509 1585525509 1806
1124711607 1124711607 1850
1124711607 1585525509 1083
1585525509 1585525509 250
1124711607 1124711607 807
1585525509 1124711607 1344
1124711607 1585525509 1400
1585525509 1585525509 872
1585525509 1124711607 1209
1585525509 1585525509 760
1585525509 1585525509 823
1124711607 1585525509 1243
1585525509 1124711607 891
1585525509 1585525509 1109
1124711607 1124711607 725
1124711607 1585525509 974
1585525509 1585525509 166
1585525509 1585525509 1993
1585525509 1124711607 77
1585525509 1124711607 1376
1585525509 1124711607 1185
1585525509 1585525509 1713
1124711607 1124711607 348
1124711607 1585525509 49
1585525509 1124711607 843
1124711607 1124711607 1365
1585525509 1124711607 262
1124711607 1124711607 1541
1124711607 1585525509 371
1124711607 1585525509 2015
1585525509 1124711607 1453
1585525509 1585525509 1383
1124711607 1585525509 1272
1585525509 1124711607 1502
1124711607 1124711607 217
1585525509 1124711607 1350
1585525509 1124711607 962
1585525509 1585525509 1315
1585525509 1124711607 1821
1585525509 1124711607 1189
1124711607 1124711607 458
1585525509 1585525509 951
1585525509 1585525509 323
1585525509 1124711607 2045
1585525509 1124711607 829
1585525509 1124711607 376
1585525509 1585525509 333
1124711607 1124711607 752
1124711607 1585525509 1413
1585525509 1585525509 1924
1585525509 1585525509 362
1124711607 1124711607 1030
1585525509 1585525509 1867
1585525509 1124711607 1841
1585525509 1124711607 772
1585525509 1585525509 1207
1124711607 1585525509 2018
1585525509 1585525509 1854
1124711607 1124711607 1224
1124711607 1585525509 1170
1585525509 1124711607 1817
1585525509 1124711607 149
1585525509 1124711607 70
1585525509 1124711607 494
1585525509 1585525509 1661
1585525509 1585525509 413
1124711607 1124711607 1478
1124711607 1124711607 765
1124711607 1585525509 1884
1124711607 1124711607 191
1124711607 1124711607 1843
1124711607 1124711607 1205
1585525509 1124711607 1324
1124711607 1585525509 2043
1585525509 1585525509 45
1585525509 1124711607 943
1124711607 1124711607 739
1124711607 1124711607 1135
1585525509 1585525509 1226
1585525509 1585525509 2073
1124711607 1124711607 1114
1124711607 1124711607 1213
1585525509 1124711607 1616
1585525509 1585525509 1923
1585525509 1124711607 1578
1124711607 1585525509 923
1585525509 1585525509 1957
1124711607 1124711607 1787
1124711607 1585525509 11
1585525509 1124711607 1633
1124711607 1124711607 301
1585525509 1124711607 66
1124711607 1585525509 1569
1585525509 1585525509 1748
1585525509 1585525509 1062
1124711607 1124711607 236
1124711607 1124711607 1328
1585525509 1124711607 1655
1585525509 1585525509 556
1585525509 1585525509 30
1585525509 1124711607 715
1124711607 1124711607 1370
1585525509 1585525509 918
1585525509 1124711607 601
1585525509 1124711607 1164
1585525509 1124711607 1341
1124711607 1585525509 504
1124711607 1585525509 230
1585525509 1124711607 394
1124711607 1585525509 329
1585525509 1124711607 1369
1124711607 1585525509 87
1124711607 1585525509 2087
1124711607 1124711607 660
1585525509 1124711607 2012
1124711607 1585525509 1066
1124711607 1585525509 1966
1124711607 1124711607 1590
1124711607 1124711607 1374
1124711607 1124711607 1954
1124711607 1124711607 813
1585525509 1585525509 1325
1585525509 1585525509 1765
1585525509 1124711607 935
1124711607 1585525509 1052
1585525509 1124711607 890
1124711607 1124711607 435
1585525509 1124711607 1516
1124711607 1585525509 387
1585525509 1124711607 1722
1124711607 1585525509 2044
1585525509 1585525509 1529
1124711607 1124711607 617
1585525509 1585525509 1140
1124711607 1585525509 1903
1585525509 1124711607 29
1585525509 1585525509 1417
1124711607 1585525509 320
1124711607 1124711607 1601
1585525509 1585525509 1386
1124711607 1124711607 910
1124711607 1585525509 1831
1124711607 1124711607 1918
1124711607 1124711607 1910
1124711607 1124711607 1339
1124711607 1124711607 531
1585525509 1124711607 841
1585525509 1124711607 359
1124711607 1124711607 1877
1585525509 1124711607 914
1124711607 1585525509 1802
1124711607 1585525509 350
1124711607 1124711607 399
1124711607 1585525509 284
1585525509 1585525509 311
1124711607 1124711607 1477
1124711607 1124711607 436
1585525509 1585525509 1814
1585525509 1585525509 2058
1124711607 1585525509 1811
1124711607 1124711607 67
1585525509 1124711607 1452
1585525509 1124711607 790
1124711607 1124711607 1040
1124711607 1585525509 356
1124711607 1124711607 1353
1585525509 1124711607 1547
1585525509 1124711607 1527
1124711607 1585525509 1395
1124711607 1124711607 623
1124711607 1124711607 1940
1585525509 1585525509 774
1124711607 1585525509 1540
1124711607 1585525509 643
1585525509 1585525509 1059
1124711607 1124711607 1761
1585525509 1585525509 1305
1124711607 1585525509 811
1124711607 1585525509 1691
1124711607 1585525509 2009
1124711607 1585525509 678
1124711607 1585525509 1246
1585525509 1585525509 588
1124711607 1585525509 706
1124711607 1124711607 1035
1124711607 1585525509 1147
1124711607 1124711607 251
1585525509 1585525509 1196
1124711607 1585525509 1117
1124711607 1124711607 1977
1124711607 1585525509 1733
1124711607 1124711607 1881
1124711607 1585525509 1581
1585525509 1124711607 308
1124711607 1585525509 1611
1124711607 1585525509 779
1124711607 1585525509 208
1585525509 1124711607 1520
1585525509 1585525509 836
1124711607 1124711607 1371
1585525509 1585525509 1998
1124711607 1585525509 1559
1585525509 1585525509 1202
1124711607 1585525509 1002
1585525509 1585525509 794
1124711607 1124711607 227
1124711607 1585525509 286
1124711607 1585525509 2031
1124711607 1585525509 787
1124711607 1124711607 383
1124711607 1585525509 839
1585525509 1124711607 118
1124711607 1585525509 909
1124711607 1124711607 2066
1124711607 1585525509 1174
1585525509 1124711607 863
1124711607 1124711607 59
1585525509 1585525509 538
1124711607 1124711607 1186
1124711607 1124711607 749
1124711607 1124711607 2069
1124711607 1585525509 1084
1585525509 1585525509 102
1585525509 1585525509 1694
1124711607 1124711607 1270
1124711607 1124711607 130
1124711607 1585525509 145
1124711607 1124711607 78
1585525509 1124711607 395
1585525509 1585525509 463
1585525509 1124711607 503
1124711607 1124711607 198
1124711607 1124711607 920
1124711607 1124711607 1887
1124711607 1585525509 934
1124711607 1124711607 1890
1124711607 1124711607 148
1585525509 1585525509 31
1585525509 1585525509 1214
1124711607 1585525509 889
1124711607 1124711607 742
1585525509 1585525509 1746
1124711607 1585525509 1693
1585525509 1585525509 141
1124711607 1585525509 1729
1124711607 1585525509 1074
1585525509 1124711607 712
1124711607 1124711607 1203
1585525509 1124711607 1579
1124711607 1585525509 290
1124711607 1585525509 669
1585525509 1585525509 1523
1124711607 1124711607 113
1124711607 1124711607 229
1585525509 1124711607 800
1585525509 1124711607 1588
1585525509 1124711607 816
1124711607 1585525509 1176
1585525509 1585525509 894
1585525509 1585525509 768
1124711607 1585525509 1888
1124711607 1585525509 2021
1124711607 1585525509 654
1124711607 1585525509 296
1124711607 1124711607 1929
1124711607 1585525509 1077
1585525509 1124711607 432
1585525509 1124711607 144
1124711607 1124711607 564
1124711607 1585525509 526
1124711607 1585525509 443
1124711607 1124711607 1275
1124711607 1585525509 716
1124711607 1585525509 1615
1585525509 1585525509 1105
1585525509 1124711607 561
1585525509 1124711607 641
1124711607 1124711607 263
1124711607 1124711607 621
1585525509 1124711607 647
1585525509 1585525509 76
1124711607 1124711607 1937
1585525509 1124711607 899
1124711607 1585525509 1454
1124711607 1124711607 970
1585525509 1585525509 225
1585525509 1585525509 255
1585525509 1585525509 1736
1585525509 1124711607 1178
1585525509 1124711607 1914
1585525509 1585525509 1871
1124711607 1585525509 697
1585525509 1124711607 2080
1124711607 1124711607 457
1585525509 1124711607 1134
1585525509 1585525509 519
1585525509 1585525509 339
1124711607 1585525509 1427
1585525509 1585525509 409
1124711607 1124711607 689
1585525509 1124711607 860
1585525509 1585525509 1563
1124711607 1585525509 421
1585525509 1585525509 1026
1585525509 1585525509 2017
1124711607 1585525509 21
1124711607 1124711607 966
1124711607 1585525509 282
1585525509 1124711607 777
1585525509 1585525509 1069
1585525509 1585525509 352
1585525509 1124711607 460
1585525509 1124711607 879
1124711607 1585525509 1624
1585525509 1585525509 109
1585525509 1124711607 1773
1124711607 1124711607 196
1124711607 1124711607 533
1124711607 1585525509 1242
1124711607 1585525509 1739
1585525509 1124711607 1698
1124711607 1585525509 878
1124711607 1585525509 1458
1585525509 1124711607 1535
1124711607 1124711607 2036
1585525509 1585525509 1003
1585525509 1585525509 2028
1124711607 1585525509 1976
1124711607 1585525509 1853
1124711607 1124711607 1586
1585525509 1585525509 1247
1124711607 1124711607 516
1585525509 1124711607 1975
1124711607 1585525509 2023
1585525509 1124711607 160
1585525509 1585525509 95
1585525509 1124711607 1033
1585525509 1585525509 791
1124711607 1585525509 1403
1585525509 1124711607 735
1124711607 1585525509 1067
1124711607 1585525509 1682
1585525509 1585525509 1573
1124711607 1124711607 802
1124711607 1124711607 464
1585525509 1585525509 1725
1124711607 1124711607 93
1124711607 1124711607 688
1124711607 1585525509 406
1124711607 1585525509 1192
1124711607 1124711607 1840
1124711607 1585525509 1461
1585525509 1585525509 1697
1585525509 1124711607 1953
1585525509 1124711607 117
1585525509 1124711607 1195
1124711607 1124711607 270
1124711607 1585525509 1749
1124711607 1124711607 773
1585525509 1585525509 2037
1585525509 1124711607 1106
1124711607 1585525509 1160
1124711607 1585525509 1659
1124711607 1124711607 12
1124711607 1585525509 1258
1585525509 1585525509 949
1124711607 1124711607 1311
1585525509 1585525509 764
1585525509 1585525509 2038
1585525509 1124711607 1768
1124711607 1124711607 737
1124711607 1124711607 846
1585525509 1585525509 1292
1585525509 1585525509 948
1585525509 1585525509 861
1585525509 1124711607 655
1124711607 1124711607 410
1585525509 1585525509 1667
1585525509 1585525509 83
1585525509 1124711607 2052
1585525509 1585525509 61
1585525509 1124711607 252
1585525509 1124711607 2029
1585525509 1585525509 22
1585525509 1585525509 657
1585525509 1124711607 379
1585525509 1585525509 767
1585525509 1585525509 1938
1585525509 1124711607 1794
1124711607 1124711607 1779
1585525509 1585525509 1735
1585525509 1124711607 1889
1585525509 1124711607 1909
1585525509 1124711607 769
1585525509 1585525509 1986
1585525509 1124711607 1443
1124711607 1585525509 850
1585525509 1124711607 1669
1124711607 1585525509 1832
1585525509 1585525509 1009
1124711607 1585525509 440
1585525509 1585525509 185
1124711607 1124711607 858
1124711607 1124711607 91
1124711607 1124711607 1528
1124711607 1124711607 276
1124711607 1585525509 1673
1585525509 1585525509 174
1585525509 1124711607 544
1124711607 1585525509 959
1585525509 1585525509 238
1585525509 1585525509 649
1585525509 1585525509 1032
1124711607 1124711607 822
1124711607 1124711607 478
1585525509 1585525509 2001
1585525509 1585525509 277
1585525509 1124711607 1466
1124711607 1585525509 585
1585525509 1585525509 1834
1585525509 1124711607 134
1124711607 1585525509 1236
1124711607 1124711607 51
1124711607 1124711607 1859
1585525509 1124711607 1201
1585525509 1124711607 1596
1124711607 1124711607 693
1585525509 1124711607 973
1585525509 1585525509 498
1585525509 1124711607 1204
1585525509 1585525509 397
1124711607 1124711607 1277
1585525509 1585525509 65
1585525509 1585525509 1103
1124711607 1124711607 2068
1124711607 1585525509 69
1124711607 1585525509 34
1585525509 1124711607 1943
1124711607 1124711607 614
1585525509 1124711607 1308
1585525509 1124711607 2061
1585525509 1585525509 1215
1124711607 1585525509 221
1124711607 1124711607 1783
1124711607 1124711607 1824
1124711607 1585525509 1685
1585525509 1124711607 975
1124711607 1124711607 1131
1124711607 1124711607 434
1585525509 1124711607 388
1124711607 1124711607 1636
1585525509 1124711607 393
1124711607 1124711607 1027
1585525509 1124711607 307
1124711607 1124711607 501
1585525509 1124711607 1390
1124711607 1124711607 1287
1585525509 1124711607 103
1124711607 1124711607 1484
1124711607 1124711607 1878
1124711607 1124711607 1310
1585525509 1585525509 1054
1124711607 1585525509 684
1124711607 1585525509 762
1124711607 1585525509 1290
1124711607 1124711607 886
1585525509 1585525509 2085
1585525509 1124711607 293
1124711607 1124711607 256
1124711607 1585525509 2053
1124711607 1585525509 1545
1585525509 1124711607 1048
1585525509 1585525509 1367
1585525509 1585525509 1879
1124711607 1124711607 58
1585525509 1585525509 178
1585525509 1585525509 1715
1585525509 1124711607 690
1585525509 1124711607 1936
1585525509 1124711607 1057
1124711607 1124711607 1536
1585525509 1585525509 2059
1124711607 1124711607 1100
1585525509 1124711607 313
1585525509 1124711607 1248
1585525509 1585525509 1472
1585525509 1585525509 1810
1124711607 1585525509 1314
1124711607 1124711607 306
1585525509 1124711607 1352
1124711607 1585525509 1431
1585525509 1585525509 1108
1585525509 1124711607 1634
1124711607 1585525509 1962
1124711607 1124711607 1604
1585525509 1124711607 1706
1124711607 1124711607 1684
1124711607 1585525509 1173
1585525509 1585525509 1441
1124711607 1585525509 260
1124711607 1585525509 1763
1124711607 1124711607 1405
1124711607 1124711607 1958
1124711607 1585525509 491
1585525509 1585525509 1112
1585525509 1124711607 782
1585525509 1124711607 1984
1585525509 1585525509 1331
1124711607 1124711607 372
1124711607 1124711607 334
1124711607 1585525509 1096
1585525509 1585525509 803
1124711607 1585525509 1060
1124711607 1585525509 1363
1124711607 1124711607 1864
1585525509 1124711607 471
1585525509 1585525509 402
1585525509 1124711607 302
1124711607 1124711607 1053
1124711607 1124711607 1562
1585525509 1585525509 268
1585525509 1585525509 997
1585525509 1124711607 1564
1124711607 1124711607 1813
1124711607 1124711607 1486
1124711607 1585525509 1055
1124711607 1585525509 1010
1585525509 1124711607 415
1585525509 1585525509 98
1124711607 1124711607 950
1585525509 1124711607 2008
1124711607 1585525509 234
1585525509 1585525509 1129
1124711607 1124711607 565
1124711607 1585525509 509
1124711607 1585525509 646
1585525509 1585525509 1260
1124711607 1585525509 488
1124711607 1585525509 1177
1124711607 1124711607 1981
1124711607 1124711607 349
1585525509 1585525509 1257
1124711607 1124711607 2060
1124711607 1585525509 274
1585525509 1124711607 1492
1124711607 1124711607 535
1124711607 1585525509 1483
1124711607 1124711607 1705
1585525509 1585525509 832
1124711607 1585525509 1927
1585525509 1124711607 1223
1124711607 1124711607 182
1585525509 1585525509 385
1585525509 1124711607 1378
1124711607 1124711607 1901
1124711607 1585525509 1968
1124711607 1124711607 489
1124711607 1585525509 857
1124711607 1124711607 476
1124711607 1124711607 239
1124711607 1124711607 1005
1585525509 1585525509 1398
1124711607 1585525509 244
1585525509 1124711607 1375
1124711607 1585525509 572
1124711607 1124711607 1635
1585525509 1585525509 1757
1124711607 1124711607 1524
1124711607 1124711607 1150
1124711607 1585525509 1632
1585525509 1585525509 1058
1124711607 1124711607 297
1124711607 1124711607 1894
1585525509 1124711607 210
1585525509 1585525509 108
1585525509 1585525509 1137
1124711607 1585525509 557
1124711607 1124711607 1116
1124711607 1124711607 751
1124711607 1124711607 1755
1585525509 1124711607 1155
1585525509 1585525509 1576
1124711607 1124711607 1585
1585525509 1585525509 758
1124711607 1585525509 1366
1585525509 1124711607 733
1124711607 1585525509 55
1585525509 1585525509 1014
1124711607 1124711607 382
1585525509 1124711607 1714
1585525509 1124711607 1079
1585525509 1124711607 761
1124711607 1124711607 1597
1124711607 1124711607 1480
1585525509 1585525509 892
1585525509 1585525509 927
1585525509 1585525509 292
1124711607 1585525509 1019
1124711607 1585525509 1950
1124711607 1124711607 1738
1585525509 1585525509 518
1585525509 1124711607 566
1585525509 1585525509 1972
1124711607 1585525509 1758
1124711607 1585525509 984
1585525509 1124711607 1087
1124711607 1585525509 1034
1585525509 1124711607 1061
1585525509 1585525509 1594
1124711607 1585525509 1011
1124711607 1124711607 547
1585525509 1585525509 351
1585525509 1585525509 945
1585525509 1124711607 1518
1585525509 1124711607 223
1585525509 1585525509 1206
1585525509 1124711607 279
1585525509 1585525509 873
1585525509 1124711607 838
1585525509 1124711607 1268
1585525509 1585525509 143
1585525509 1585525509 837
1124711607 1124711607 849
1124711607 1124711607 1063
1124711607 1124711607 2077
1124711607 1124711607 1276
1585525509 1585525509 2030
1124711607 1124711607 199
1585525509 1124711607 1985
1585525509 1585525509 783
1585525509 1124711607 1521
1585525509 1585525509 1229
1124711607 1585525509 355
1585525509 1585525509 511
1585525509 1585525509 926
1124711607 1124711607 1231
1124711607 1585525509 1672
1124711607 1124711607 942
1585525509 1585525509 1883
1124711607 1585525509 1081
1585525509 1585525509 1530
1124711607 1585525509 375
1124711607 1585525509 2011
1585525509 1124711607 1554
1124711607 1585525509 663
1124711607 1124711607 1900
1124711607 1585525509 2056
1124711607 1585525509 1335
1124711607 1585525509 801
1585525509 1124711607 1024
1124711607 1124711607 883
1585525509 1585525509 1664
1124711607 1124711607 104
1585525509 1585525509 1388
1585525509 1124711607 257
1124711607 1124711607 675
1124711607 1124711607 1261
1124711607 1124711607 1606
1585525509 1124711607 853
1124711607 1124711607 137
1124711607 1124711607 1510
1585525509 1124711607 1291
1585525509 1585525509 1299
1124711607 1585525509 470
1124711607 1585525509 982
1585525509 1124711607 271
1585525509 1124711607 1470
1124711607 1124711607 1610
1124711607 1585525509 1479
1124711607 1585525509 1286
1124711607 1124711607 1849
1124711607 1585525509 563
1124711607 1585525509 507
1124711607 1124711607 1618
1124711607 1585525509 398
1585525509 1124711607 798
1124711607 1585525509 955
1585525509 1124711607 1152
1124711607 1585525509 1086
1585525509 1585525509 1845
1124711607 1124711607 828
1585525509 1124711607 661
1124711607 1585525509 212
1124711607 1585525509 1450
1585525509 1585525509 978
1124711607 1585525509 2006
1124711607 1585525509 902
1124711607 1124711607 619
1585525509 1585525509 687
1124711607 1585525509 82
1124711607 1585525509 1818
1124711607 1585525509 1555
1585525509 1124711607 1159
1124711607 1585525509 864
1585525509 1585525509 492
1585525509 1585525509 493
1124711607 1585525509 699
1124711607 1585525509 1994
1124711607 1585525509 1999
1585525509 1585525509 524
1124711607 1585525509 1876
1124711607 1124711607 1700
1124711607 1585525509 674
1585525509 1585525509 1852
1585525509 1124711607 264
1124711607 1124711607 1408
1124711607 1585525509 1222
1124711607 1124711607 456
1124711607 1585525509 305
1585525509 1585525509 1865
1585525509 1124711607 424
1124711607 1585525509 1017
1585525509 1124711607 373
1585525509 1124711607 1436
1585525509 1124711607 155
1585525509 1124711607 390
1585525509 1124711607 1473
1585525509 1585525509 2040
1124711607 1585525509 481
1124711607 1585525509 2016
1585525509 1124711607 403
1124711607 1124711607 1731
1585525509 1585525509 1696
1124711607 1124711607 1609
1585525509 1124711607 1355
1585525509 1124711607 1948
1585525509 1585525509 1397
1124711607 1124711607 500
1585525509 1124711607 916
1585525509 1585525509 1997
1124711607 1585525509 1538
1585525509 1585525509 632
1124711607 1124711607 1647
1124711607 1585525509 400
1124711607 1124711607 1727
1585525509 1124711607 605
1124711607 1124711607 664
1124711607 1585525509 1595
1124711607 1124711607 2082
1124711607 1585525509 2003
1124711607 1585525509 1973
1585525509 1124711607 881
1124711607 1124711607 1991
1124711607 1124711607 931
1585525509 1124711607 345
1124711607 1585525509 685
1124711607 1124711607 1734
1124711607 1585525509 366
1124711607 1585525509 192
1585525509 1585525509 1235
1585525509 1585525509 321
1124711607 1124711607 642
1585525509 1585525509 1025
1585525509 1585525509 1191
1124711607 1585525509 851
1124711607 1124711607 1000
1585525509 1585525509 1860
1585525509 1124711607 1448
1585525509 1585525509 972
1585525509 1124711607 1626
1124711607 1124711607 784
1585525509 1124711607 218
1585525509 1585525509 162
1124711607 1124711607 1726
1585525509 1585525509 304
1124711607 1585525509 842
1585525509 1585525509 1589
1585525509 1124711607 1587
1124711607 1124711607 728
1124711607 1124711607 944
1585525509 1124711607 175
1585525509 1585525509 797
1124711607 1124711607 1430
1585525509 1585525509 1490
1124711607 1124711607 523
1124711607 1585525509 917
1585525509 1585525509 1123
1124711607 1585525509 994
1124711607 1124711607 1769
1124711607 1124711607 903
1124711607 1585525509 1963
1585525509 1124711607 1162
1585525509 1124711607 1273
1585525509 1124711607 1385
1585525509 1124711607 885
1585525509 1585525509 364
1124711607 1124711607 1082
1124711607 1585525509 1911
1585525509 1585525509 676
1124711607 1585525509 97
1585525509 1585525509 220
1585525509 1124711607 625
1585525509 1585525509 1825
1585525509 1124711607 591
1124711607 1124711607 1652
1124711607 1124711607 1701
1124711607 1124711607 1274
1124711607 1124711607 418
1585525509 1124711607 4
1585525509 1585525509 1809
1124711607 1585525509 342
1585525509 1585525509 433
1585525509 1124711607 1501
1585525509 1124711607 176
1124711607 1585525509 273
1124711607 1124711607 1785
1585525509 1124711607 285
1585525509 1124711607 181
1124711607 1124711607 1719
1585525509 1124711607 1041
1585525509 1585525509 24
1124711607 1124711607 300
1585525509 1585525509 1031
1124711607 1585525509 1662
1124711607 1585525509 1481
1585525509 1585525509 1542
1585525509 1124711607 795
1585525509 1124711607 804
1585525509 1585525509 819
1124711607 1124711607 1051
1585525509 1124711607 1295
1585525509 1124711607 1022
1585525509 1124711607 1263
1585525509 1124711607 377
1585525509 1585525509 52
1124711607 1585525509 589
1124711607 1124711607 120
1585525509 1124711607 986
1124711607 1124711607 1494
1124711607 1585525509 2004
1585525509 1585525509 967
1124711607 1585525509 1101
1124711607 1585525509 1653
1585525509 1585525509 425
1124711607 1124711607 594
1585525509 1124711607 740
1585525509 1585525509 437
1124711607 1585525509 2071
1124711607 1585525509 722
1585525509 1585525509 1124
1585525509 1124711607 378
1585525509 1585525509 94
1585525509 1124711607 1120
1124711607 1124711607 53
1585525509 1124711607 1792
1124711607 1124711607 153
1585525509 1124711607 2074
1585525509 1124711607 1683
1585525509 1585525509 1836
1124711607 1585525509 444
1585525509 1585525509 1018
1585525509 1585525509 1885
1124711607 1124711607 603
1585525509 1124711607 608
1585525509 1124711607 1522
1585525509 1124711607 1558
1124711607 1124711607 1007
1585525509 1585525509 969
1585525509 1585525509 2005
1124711607 1124711607 586
1124711607 1585525509 1500
1124711607 1124711607 1796
1585525509 1585525509 1442
1124711607 1124711607 253
1585525509 1124711607 866
1585525509 1124711607 1663
1124711607 1585525509 486
1124711607 1124711607 1793
1585525509 1585525509 2070
1124711607 1124711607 900
1585525509 1585525509 1805
1124711607 1585525509 1505
1124711607 1124711607 201
1585525509 1585525509 1475
1585525509 1585525509 628
1124711607 1124711607 1392
1124711607 1585525509 1267
1124711607 1585525509 1627
1124711607 1124711607 265
1585525509 1585525509 1822
1124711607 1585525509 1990
1124711607 1124711607 1560
1585525509 1124711607 420
1585525509 1124711607 834
1585525509 1585525509 961
1124711607 1585525509 1402
1585525509 1124711607 1188
1124711607 1585525509 1399
1585525509 1585525509 1952
1585525509 1585525509 1789
1124711607 1585525509 814
1124711607 1124711607 1866
1585525509 1124711607 465
1124711607 1585525509 1709
1124711607 1124711607 317
1124711607 1585525509 598
1124711607 1585525509 332
1124711607 1585525509 1654
1585525509 1124711607 1939
1585525509 1124711607 1599
1585525509 1585525509 428
1585525509 1124711607 336
1585525509 1585525509 1151
1585525509 1585525509 1309
1124711607 1585525509 1668
1124711607 1124711607 1745
1124711607 1124711607 831
1585525509 1124711607 1895
1124711607 1124711607 1216
1585525509 1124711607 1823
1124711607 1585525509 249
1124711607 1585525509 1491
1124711607 1585525509 1747
1124711607 1585525509 1561
1124711607 1585525509 1995
1585525509 1124711607 1935
1124711607 1124711607 1414
1585525509 1124711607 448
1124711607 1124711607 1045
1585525509 1585525509 552
1585525509 1585525509 365
1124711607 1585525509 1640
1124711607 1585525509 741
1124711607 1124711607 226
1124711607 1585525509 658
1124711607 1124711607 1869
1124711607 1585525509 510
1585525509 1124711607 128
1585525509 1124711607 461
1585525509 1585525509 324
1124711607 1585525509 1743
1124711607 1585525509 1301
1124711607 1585525509 1872
1585525509 1124711607 1340
1124711607 1585525509 921
1124711607 1124711607 976
1124711607 1585525509 247
1585525509 1585525509 180
1124711607 1124711607 275
1124711607 1124711607 818
1124711607 1585525509 1874
1124711607 1124711607 314
1124711607 1124711607 298
1585525509 1585525509 1776
1585525509 1585525509 1092
1585525509 1124711607 937
1585525509 1585525509 1760
1124711607 1124711607 1303
1124711607 1585525509 882
1124711607 1585525509 183
1585525509 1124711607 611
1124711607 1124711607 154
1124711607 1124711607 1149
1585525509 1124711607 546
1585525509 1124711607 905
1124711607 1124711607 847
1124711607 1124711607 391
1124711607 1124711607 713
1124711607 1124711607 1439
1124711607 1124711607 1764
1585525509 1124711607 13
1585525509 1124711607 548
1124711607 1585525509 2013
1585525509 1585525509 1065
1585525509 1124711607 824
1585525509 1124711607 1703
1585525509 1585525509 1348
1585525509 1124711607 401
1124711607 1124711607 1570
1124711607 1124711607 1857
1124711607 1585525509 2042
1124711607 1124711607 701
1124711607 1124711607 770
1585525509 1124711607 2083
1585525509 1585525509 1665
1585525509 1585525509 1815
1585525509 1124711607 584
1124711607 1124711607 875
1124711607 1124711607 139
1124711607 1124711607 805
1124711607 1585525509 1904
1124711607 1124711607 1440
1585525509 1124711607 980
1124711607 1124711607 1163
1585525509 1124711607 412
1585525509 1124711607 194
1124711607 1585525509 1807
1124711607 1585525509 2000
1124711607 1124711607 2035
1585525509 1124711607 1533
1585525509 1124711607 2057
1585525509 1124711607 750
1585525509 1124711607 560
1585525509 1585525509 1
1585525509 1585525509 1933
1124711607 1124711607 1197
1124711607 1124711607 1332
1124711607 1124711607 1347
1585525509 1585525509 380
1585525509 1585525509 597
1585525509 1124711607 1607
1585525509 1124711607 1782
1124711607 1585525509 1896
1124711607 1124711607 1982
1124711607 1124711607 865
1124711607 1124711607 1497
1124711607 1585525509 169
1124711607 1585525509 1042
1124711607 1124711607 2027
1585525509 1124711607 1132
1124711607 1124711607 172
1585525509 1585525509 1426
1124711607 1585525509 1917
1124711607 1585525509 610
1124711607 1585525509 1020
1124711607 1585525509 1167
1585525509 1124711607 558
1124711607 1124711607 665
1124711607 1124711607 734
1585525509 1124711607 370
1124711607 1124711607 1279
1585525509 1585525509 1342
1585525509 1585525509 683
1124711607 1124711607 1075
1585525509 1124711607 63
1585525509 1585525509 404
1124711607 1585525509 1886
1585525509 1124711607 1097
1585525509 1585525509 817
1124711607 1585525509 472
1124711607 1124711607 1707
1585525509 1585525509 125
1124711607 1585525509 419
1124711607 1585525509 426
1585525509 1124711607 1282
1124711607 1585525509 799
1124711607 1124711607 553
1585525509 1124711607 672
1124711607 1124711607 946
1124711607 1124711607 423
1585525509 1124711607 1959
1124711607 1585525509 1503
1124711607 1124711607 1253
1585525509 1124711607 1830
1124711607 1585525509 233
1585525509 1585525509 1098
1585525509 1585525509 1180
1124711607 1124711607 953
1124711607 1585525509 215
1124711607 1124711607 123
1124711607 1585525509 1718
1124711607 1585525509 2088
1585525509 1124711607 439
1124711607 1585525509 50
1124711607 1585525509 2019
1124711607 1585525509 1264
1585525509 1124711607 328
1124711607 1585525509 71
1585525509 1585525509 1073
1585525509 1585525509 1283
1585525509 1585525509 1964
1124711607 1124711607 941
1585525509 1585525509 859
1124711607 1585525509 732
1585525509 1585525509 778
1585525509 1124711607 1690
1124711607 1124711607 447
1585525509 1124711607 736
1585525509 1585525509 57
1124711607 1585525509 1404
1585525509 1124711607 106
1124711607 1585525509 74
1585525509 1585525509 868
1124711607 1124711607 1110
1585525509 1124711607 1508
1124711607 1124711607 127
1585525509 1585525509 502
1585525509 1585525509 983
1585525509 1124711607 1333
1585525509 1585525509 484
1124711607 1585525509 200
1585525509 1124711607 1269
