97 3
862416998 1691466382 40
620433461 1064236992 81
117530945 1820255942 21
1024259880 1064236992 79
240302912 822835179 28
1535669407 1382160228 20
1223755058 1894301092 80
862416998 1670658765 88
1382160228 1535669407 3
620433461 117530945 18
1988985061 620433461 92
1064236992 240302912 95
240302912 850993219 94
1988985061 1894301092 61
1064236992 862416998 34
620433461 1894301092 29
240302912 1382160228 58
850993219 850993219 84
117530945 1894301092 14
1820255942 1988985061 60
1223755058 1935994580 56
1064236992 1670658765 91
60756819 1935994580 16
850993219 1691466382 74
117530945 1691466382 54
1935994580 1670658765 47
240302912 1691466382 62
822835179 1064236992 52
60756819 1894301092 7
1988985061 117530945 13
1820255942 1820255942 59
1223755058 1820255942 90
822835179 1894301092 93
1064236992 1344635744 31
1988985061 850993219 73
254867667 1935994580 10
1691466382 1820255942 4
1382160228 850993219 66
1670658765 620433461 76
1064236992 60756819 2
1935994580 240302912 87
1820255942 822835179 68
1935994580 254867667 35
1064236992 822835179 55
1382160228 254867667 19
862416998 60756819 15
850993219 60756819 9
1988985061 822835179 8
1670658765 1691466382 63
822835179 862416998 46
1382160228 240302912 24
822835179 862416998 1
240302912 1535669407 11
1024259880 1223755058 41
1988985061 1382160228 42
1382160228 254867667 38
117530945 822835179 86
1024259880 1024259880 33
1691466382 1064236992 71
240302912 1535669407 27
1670658765 1223755058 12
1935994580 1691466382 45
1988985061 862416998 6
254867667 822835179 36
240302912 1024259880 75
850993219 240302912 26
240302912 1382160228 32
254867667 1535669407 69
1670658765 822835179 43
822835179 1894301092 57
1988985061 1820255942 17
1024259880 1382160228 77
1344635744 254867667 78
1535669407 862416998 89
1691466382 60756819 39
1670658765 862416998 37
1935994580 60756819 50
1820255942 254867667 72
822835179 620433461 48
1988985061 117530945 44
1344635744 1670658765 22
254867667 850993219 51
1382160228 1344635744 70
1894301092 1988985061 53
240302912 1223755058 49
1223755058 1535669407 96
117530945 1820255942 85
1894301092 60756819 25
60756819 1024259880 82
1935994580 1024259880 65
1223755058 60756819 5
240302912 1894301092 67
1344635744 60756819 97
117530945 1064236992 64
1382160228 822835179 83
1820255942 620433461 23
822835179 1691466382 30
