3378 6
1571770717 1216006187 2418
1568416195 1944822871 1473
874831854 1534053812 228
1657271921 750085240 1682
329770735 1445958365 2073
981720889 1681502225 3163
1439924018 1191798634 2938
441615840 1124217844 858
441615840 294565899 1054
122457831 1634175126 3281
470165453 670434536 1851
981720889 1863723725 2833
1634175126 924800194 2393
906247216 930423313 573
670434536 750085240 2585
449609463 1370303779 2277
470165453 1124217844 851
1668765576 198687585 3197
701586906 726112610 2061
1805228471 423927741 953
470165453 1568416195 716
1124217844 461011780 233
329770735 732186439 632
64561552 711151618 1482
1439924018 1049232907 828
1314476313 711151618 1906
198687585 57481505 1790
30772608 1268294611 1710
603180223 329770735 1215
1049232907 1668765576 286
670434536 86794320 3060
1805228471 294565899 2772
484617069 1912626311 3370
64561552 1110514106 3180
1571770717 891468246 3325
407870077 470165453 1691
976280215 1923748080 225
86794320 924800194 2001
515535053 1944822871 848
470165453 891468246 1225
732186439 413207615 3277
1216006187 423927741 1030
1188271318 1747012684 582
64561552 820334879 2282
198687585 1875194418 1388
1049232907 725630318 1780
487560522 57481505 3130
1805228471 122457831 2603
891468246 1863723725 654
470165453 1834734438 2793
94518534 1681502225 1891
874831854 711151618 1761
1073042033 1923748080 1238
1460560549 64561552 1332
1521586612 1460560549 1412
487560522 813678579 3166
701586906 1314476313 3151
145722470 123218110 393
1210247386 484617069 2155
1534053812 515535053 2195
711151618 725630318 1206
682602005 1049232907 1479
441615840 522157879 580
1668765576 981720889 787
813678579 882002837 3374
1110514106 813678579 1700
670434536 550517842 2852
726112610 882002837 1450
85079240 329770735 2613
1314476313 563072601 2527
1917656535 1353036540 1497
820334879 976280215 2338
711151618 603180223 114
423927741 123218110 2869
515535053 294565899 2046
413207615 726112610 2602
1863723725 470165453 1362
1188271318 413207615 3173
976280215 94518534 1531
1634175126 820334879 822
86794320 1917656535 2810
711151618 1381679974 3157
732186439 1124217844 2661
1568416195 1944822871 1444
145722470 550517842 3217
726112610 670434536 1803
1073042033 1186034144 3275
1944822871 1381679974 1058
1314476313 1133084090 2992
1073042033 1370303779 2446
1445958365 1534053812 1923
976280215 1952525500 891
1681502225 1634175126 2890
882002837 891468246 1519
1191798634 1188271318 2087
1634175126 423927741 3304
1521586612 122457831 1737
423927741 1133084090 3316
725630318 813678579 303
85079240 1912626311 1341
64561552 711151618 1805
1381679974 122457831 1569
1133084090 1634175126 1382
726112610 198687585 1628
1439924018 874831854 2510
1186034144 725630318 3092
407870077 1186034144 3360
1370303779 104686291 409
1568416195 631605646 1431
1216006187 86794320 1100
813678579 1049232907 1909
1210247386 550517842 312
1917656535 329770735 2351
711151618 874831854 1139
981720889 461011780 1753
1944822871 1216006187 331
1681502225 938402670 812
1307899370 1568416195 155
725630318 725630318 2649
86794320 1268294611 2113
682602005 1834734438 156
423927741 145722470 448
670434536 1534053812 2717
882002837 1268294611 3072
1186034144 484617069 2133
1521586612 1268294611 242
123218110 1657271921 245
563072601 1912626311 1271
563072601 484617069 1299
726112610 1188271318 2698
563072601 1668765576 2447
1186034144 1750758191 651
1747012684 1124217844 1246
826915792 1593055151 2648
701586906 1944822871 3246
1634175126 1917656535 3017
122457831 930423313 3201
1952525500 1445958365 2142
1439924018 1634175126 2686
732186439 1307899370 2845
487560522 510298792 1619
515535053 726112610 1636
891468246 407870077 2878
1186034144 930423313 2486
1657271921 1668765576 3327
329770735 1681502225 460
1571770717 1568416195 2487
484617069 701586906 1565
1460560549 1110514106 2800
85079240 813678579 3107
603180223 1188271318 2996
1568416195 976280215 3052
1668765576 737713937 764
487560522 1521586612 327
1110514106 670434536 273
1944822871 891468246 1318
515535053 603180223 339
294565899 882002837 93
701586906 1307899370 2728
1460560549 441615840 455
1571770717 1370303779 2279
906247216 329770735 2866
294565899 1439924018 443
1216006187 981720889 3261
938402670 461011780 1731
441615840 94518534 1081
1750758191 1460560549 1732
1381679974 30772608 2023
1314476313 1439924018 1609
550517842 423927741 113
104686291 938402670 2549
750085240 1863723725 2946
891468246 510298792 473
145722470 329770735 585
1521586612 1370303779 531
1268294611 470165453 3309
976280215 487560522 209
1593055151 1110514106 2118
1049232907 484617069 723
1912626311 85079240 423
670434536 737713937 2619
1268294611 1460560549 2349
732186439 118934036 3267
1875194418 1381679974 185
682602005 726112610 2907
725630318 1805228471 3048
1133084090 750085240 265
118934036 145722470 2034
1521586612 1314476313 1521
906247216 930423313 1371
64561552 1634175126 1337
930423313 711151618 2888
1634175126 726112610 110
1593170316 1353036540 1467
1593055151 85079240 699
938402670 145722470 884
732186439 449609463 359
57481505 906247216 2281
1534053812 732186439 169
94518534 737713937 897
1073042033 104686291 2316
938402670 104686291 105
906247216 750085240 1453
407870077 550517842 1970
938402670 906247216 537
891468246 123218110 2719
85079240 981720889 1783
449609463 701586906 2762
711151618 732186439 1158
1834734438 470165453 2401
413207615 1568416195 3161
1307899370 118934036 778
118934036 726112610 257
1070522664 1186034144 74
726112610 603180223 100
1370303779 550517842 1580
1070522664 891468246 1644
123218110 1070522664 137
1805228471 750085240 892
1314476313 441615840 268
1353036540 461011780 345
1634175126 737713937 1798
1191798634 1186034144 911
906247216 1681502225 1946
1307899370 1681502225 482
1944822871 57481505 1694
1875194418 1353036540 1990
104686291 1445958365 1172
737713937 826915792 2760
198687585 522157879 3362
682602005 1070522664 1845
515535053 1912626311 1815
737713937 631605646 2439
1307899370 725630318 2640
449609463 1568416195 587
906247216 1805228471 1702
882002837 930423313 1245
423927741 1210247386 2536
1923748080 294565899 164
145722470 484617069 1801
1875194418 1314476313 98
682602005 487560522 2459
145722470 1216006187 759
750085240 449609463 2271
1216006187 1834734438 319
1521586612 1307899370 1502
329770735 413207615 2754
1191798634 329770735 2071
930423313 820334879 1939
470165453 891468246 2539
682602005 750085240 456
1307899370 1307899370 2423
470165453 1049232907 2740
1593170316 1923748080 3044
1863723725 64561552 18
732186439 874831854 3013
522157879 1593170316 591
123218110 86794320 1542
1747012684 85079240 701
1210247386 813678579 3209
94518534 603180223 178
1445958365 1216006187 1492
603180223 407870077 1409
1191798634 1073042033 1983
1681502225 470165453 1253
1191798634 826915792 2266
449609463 1381679974 1748
1186034144 1314476313 136
104686291 1124217844 619
64561552 294565899 1633
750085240 522157879 163
423927741 1439924018 1311
563072601 1593055151 1743
30772608 1534053812 2607
891468246 64561552 1631
30772608 122457831 2056
449609463 732186439 61
487560522 1534053812 1045
1439924018 1875194418 2450
407870077 1834734438 2961
1049232907 1668765576 459
1657271921 487560522 3086
1681502225 906247216 1763
1634175126 522157879 2710
682602005 1381679974 1277
1875194418 64561552 3282
1923748080 1070522664 1613
1571770717 484617069 40
1863723725 104686291 1292
1049232907 57481505 1699
682602005 64561552 1512
1834734438 826915792 432
1593170316 1307899370 2894
30772608 294565899 302
1923748080 711151618 374
1445958365 123218110 889
1834734438 1923748080 269
118934036 1049232907 2323
522157879 737713937 235
1952525500 938402670 626
1216006187 882002837 3011
1191798634 874831854 523
413207615 1657271921 1869
294565899 1521586612 1216
1681502225 874831854 1606
1353036540 85079240 733
1571770717 930423313 544
981720889 813678579 667
1593055151 670434536 1729
813678579 1681502225 311
701586906 1049232907 2906
487560522 631605646 1659
1381679974 1952525500 1664
737713937 1571770717 3274
976280215 1314476313 2554
1952525500 470165453 1620
631605646 329770735 930
1912626311 1370303779 2084
1381679974 1668765576 1575
1863723725 891468246 1424
423927741 423927741 906
86794320 1124217844 2865
470165453 891468246 2398
441615840 725630318 1297
1216006187 510298792 357
563072601 510298792 2066
294565899 1307899370 3117
891468246 1834734438 2162
104686291 1124217844 230
1805228471 85079240 1062
1521586612 423927741 226
449609463 1216006187 2645
85079240 86794320 2228
1307899370 145722470 2246
118934036 711151618 3075
976280215 1460560549 2005
1049232907 1307899370 1859
1073042033 732186439 1662
1912626311 1210247386 2093
1460560549 123218110 1048
924800194 1439924018 2216
550517842 874831854 2183
1917656535 1381679974 2188
94518534 329770735 3337
1952525500 1534053812 1227
1133084090 1634175126 3148
510298792 1593055151 1373
118934036 1307899370 2590
123218110 631605646 326
1747012684 94518534 3169
1571770717 294565899 1895
701586906 1912626311 1490
1268294611 1381679974 1518
1657271921 906247216 3341
294565899 85079240 2758
1186034144 1073042033 1287
1657271921 603180223 513
1521586612 726112610 1517
1571770717 1370303779 1171
670434536 930423313 1422
820334879 1805228471 2589
1863723725 1571770717 1660
732186439 1110514106 414
1049232907 981720889 670
930423313 682602005 2805
515535053 1750758191 2863
1445958365 1191798634 1001
1070522664 487560522 861
413207615 1657271921 1328
732186439 938402670 291
1568416195 441615840 1947
882002837 1268294611 777
86794320 510298792 1959
938402670 413207615 2836
1668765576 423927741 231
1381679974 976280215 70
1188271318 1571770717 2224
85079240 1521586612 3269
423927741 711151618 1211
294565899 1381679974 2955
1110514106 1750758191 2556
550517842 1923748080 1945
1110514106 1923748080 2803
85079240 820334879 775
1657271921 122457831 1695
1191798634 1534053812 2489
1210247386 407870077 399
1534053812 123218110 1461
1923748080 470165453 534
1657271921 1188271318 1077
976280215 449609463 2104
1863723725 826915792 1936
725630318 1681502225 3062
1568416195 826915792 2235
906247216 981720889 2693
1381679974 1668765576 22
1445958365 874831854 2773
924800194 750085240 3045
670434536 449609463 2923
1353036540 670434536 2151
294565899 938402670 1442
976280215 981720889 3315
670434536 1634175126 1343
1268294611 1188271318 776
57481505 1805228471 675
1188271318 813678579 1221
86794320 603180223 487
515535053 1657271921 2968
1750758191 123218110 659
57481505 1634175126 2883
930423313 449609463 1549
329770735 1571770717 902
1439924018 891468246 2616
470165453 1049232907 1788
670434536 1307899370 1351
670434536 891468246 3099
1133084090 1923748080 1392
820334879 820334879 553
1568416195 122457831 1842
123218110 1370303779 645
670434536 1521586612 1213
1681502225 423927741 2811
670434536 122457831 1791
711151618 515535053 1132
670434536 737713937 1257
1070522664 1657271921 367
329770735 413207615 2739
1268294611 725630318 1689
1186034144 882002837 2498
1668765576 1668765576 2016
670434536 1681502225 2547
1834734438 1073042033 262
1439924018 813678579 973
64561552 1863723725 696
1534053812 1875194418 2981
1923748080 882002837 2922
1268294611 1073042033 1888
891468246 1521586612 1813
1049232907 1657271921 3339
1073042033 711151618 1912
1747012684 1070522664 1940
1747012684 1133084090 1829
603180223 1923748080 1260
94518534 1353036540 1259
750085240 550517842 3147
1216006187 441615840 200
122457831 423927741 1073
1133084090 1912626311 1300
1191798634 732186439 2000
874831854 145722470 1934
1133084090 1593170316 2230
329770735 874831854 1996
631605646 1568416195 333
85079240 1952525500 2756
1268294611 1307899370 2296
1307899370 64561552 1786
198687585 1353036540 2749
118934036 1133084090 296
1668765576 1668765576 317
423927741 1049232907 1879
1593170316 1571770717 346
484617069 1188271318 2885
407870077 86794320 3080
631605646 510298792 2218
1216006187 725630318 2862
85079240 550517842 3084
1750758191 1634175126 2945
1668765576 603180223 2131
603180223 64561552 2789
461011780 603180223 2874
930423313 1110514106 2343
726112610 1834734438 1766
1191798634 550517842 1420
938402670 64561552 1862
1834734438 329770735 1853
449609463 1521586612 2994
1353036540 1268294611 3070
1110514106 1070522664 3228
122457831 1191798634 1113
550517842 64561552 2394
1191798634 329770735 1136
682602005 484617069 1679
1593055151 813678579 1219
924800194 874831854 2037
1110514106 732186439 1667
924800194 64561552 1977
470165453 294565899 1102
1593055151 449609463 2843
563072601 1186034144 2632
737713937 701586906 3323
882002837 732186439 1817
725630318 122457831 2718
1188271318 1681502225 925
670434536 470165453 202
981720889 461011780 3224
682602005 563072601 2307
906247216 1657271921 1583
484617069 976280215 623
976280215 726112610 177
1439924018 1668765576 1860
329770735 1210247386 1892
1681502225 1923748080 869
64561552 1191798634 1616
891468246 30772608 3152
1593170316 1923748080 3333
1912626311 1110514106 3160
198687585 94518534 2650
1314476313 563072601 3285
891468246 882002837 1161
1571770717 750085240 908
737713937 682602005 2146
122457831 1216006187 2268
294565899 57481505 1612
924800194 1188271318 330
515535053 118934036 2182
1210247386 1593170316 2404
413207615 1186034144 2173
1210247386 329770735 728
1657271921 57481505 2134
86794320 750085240 522
94518534 413207615 2751
449609463 701586906 2272
820334879 85079240 2025
1186034144 603180223 1064
550517842 1668765576 1982
670434536 563072601 1223
1944822871 1668765576 2422
449609463 94518534 1327
449609463 413207615 2327
1681502225 631605646 1586
1186034144 603180223 943
104686291 906247216 2102
1944822871 487560522 2601
1124217844 1917656535 151
1307899370 1534053812 2738
1188271318 726112610 412
1314476313 1534053812 1537
198687585 1568416195 730
1681502225 85079240 600
1805228471 1634175126 1578
1747012684 118934036 1736
726112610 1073042033 966
1593170316 1073042033 2441
30772608 1191798634 1918
882002837 820334879 528
1805228471 413207615 1774
682602005 1944822871 898
470165453 1571770717 2750
1521586612 1750758191 2030
510298792 407870077 1878
930423313 118934036 3170
1593170316 30772608 488
329770735 118934036 1084
64561552 1912626311 1470
484617069 930423313 793
1210247386 1750758191 856
423927741 726112610 379
1460560549 461011780 3190
874831854 1073042033 2879
938402670 1110514106 1741
1747012684 1186034144 938
1381679974 1863723725 2538
329770735 732186439 1448
976280215 407870077 702
1681502225 1593055151 844
1668765576 726112610 1827
813678579 726112610 818
413207615 30772608 1466
976280215 122457831 1943
826915792 1381679974 1925
1370303779 294565899 2412
1912626311 118934036 1067
484617069 1593170316 2802
938402670 1049232907 2075
1110514106 449609463 1721
976280215 1110514106 2972
750085240 1923748080 3162
750085240 750085240 2342
1747012684 891468246 2929
522157879 732186439 2408
1668765576 1381679974 3256
670434536 515535053 1487
1668765576 1188271318 210
711151618 1568416195 62
1124217844 1049232907 1991
1747012684 711151618 2659
407870077 329770735 496
1668765576 122457831 1069
122457831 820334879 2210
449609463 1381679974 297
86794320 711151618 2255
1668765576 813678579 859
813678579 1268294611 3096
1268294611 976280215 1903
413207615 813678579 2734
1049232907 813678579 198
1110514106 1124217844 1675
85079240 1863723725 1605
1188271318 924800194 2662
1750758191 1657271921 470
1593170316 94518534 1491
407870077 874831854 2206
1110514106 1381679974 2088
1834734438 1668765576 2520
441615840 1681502225 197
122457831 976280215 2089
1805228471 820334879 63
1133084090 423927741 2503
1571770717 1923748080 546
413207615 1593170316 1948
413207615 924800194 55
484617069 1268294611 1396
329770735 1307899370 3355
1863723725 1534053812 2117
461011780 1681502225 2153
906247216 515535053 1707
123218110 1307899370 2535
1681502225 1681502225 2044
631605646 711151618 1488
1747012684 1191798634 2115
1805228471 484617069 2460
294565899 1370303779 1389
30772608 1186034144 1877
85079240 1834734438 2336
1863723725 1460560549 559
1875194418 1307899370 3184
1747012684 145722470 207
631605646 981720889 82
118934036 1381679974 3126
294565899 515535053 2209
813678579 930423313 2156
1593170316 603180223 373
701586906 470165453 2584
1912626311 1353036540 1408
938402670 682602005 1773
449609463 1805228471 3043
906247216 891468246 402
1370303779 1070522664 150
711151618 522157879 2544
1917656535 1681502225 435
1186034144 1681502225 1561
938402670 1747012684 1186
682602005 441615840 656
631605646 938402670 2129
891468246 1216006187 1074
891468246 701586906 2377
1460560549 981720889 2664
826915792 441615840 2666
1314476313 603180223 2308
104686291 930423313 870
732186439 1875194418 1655
981720889 737713937 37
1353036540 441615840 2818
1750758191 1593170316 1584
906247216 1750758191 2360
725630318 1307899370 2991
30772608 711151618 886
924800194 57481505 2560
1571770717 57481505 1650
1370303779 1370303779 191
64561552 1370303779 2867
1917656535 1657271921 2409
329770735 1210247386 2941
924800194 85079240 877
930423313 1923748080 1462
1912626311 1952525500 463
1863723725 882002837 3139
1952525500 1216006187 3205
413207615 94518534 2904
737713937 737713937 1198
906247216 1439924018 774
104686291 891468246 336
1188271318 1534053812 1504
441615840 1668765576 2362
1568416195 515535053 405
85079240 711151618 3018
550517842 1568416195 2340
976280215 449609463 2577
122457831 407870077 1176
1133084090 938402670 1653
882002837 1593055151 2430
1593055151 1534053812 2903
1439924018 1912626311 403
487560522 104686291 2107
1534053812 1268294611 2317
1460560549 1923748080 68
1439924018 522157879 1683
1593055151 750085240 3119
1568416195 484617069 2680
329770735 423927741 1294
1073042033 1952525500 1125
1439924018 682602005 2108
725630318 820334879 2976
732186439 874831854 3265
1124217844 470165453 2366
86794320 64561552 263
1912626311 603180223 3284
1314476313 118934036 2653
906247216 470165453 2031
1944822871 1073042033 1082
1952525500 1568416195 3357
104686291 1353036540 348
1210247386 1568416195 1407
1353036540 522157879 1755
1952525500 1681502225 1794
906247216 413207615 234
145722470 930423313 2835
123218110 487560522 2015
1445958365 470165453 1153
1110514106 1834734438 2506
1657271921 1049232907 2114
1917656535 924800194 810
122457831 94518534 2262
1944822871 820334879 3102
891468246 1073042033 1288
1186034144 1657271921 1057
85079240 441615840 1804
750085240 882002837 2217
85079240 1568416195 1317
906247216 826915792 1639
1268294611 30772608 684
1314476313 1186034144 2786
1534053812 563072601 2637
682602005 484617069 1455
1681502225 550517842 28
1747012684 820334879 3182
938402670 874831854 243
30772608 1353036540 3106
104686291 976280215 49
563072601 329770735 1212
938402670 123218110 2181
1460560549 118934036 495
882002837 1593170316 1663
198687585 906247216 1938
104686291 85079240 700
441615840 874831854 2703
1460560549 470165453 3023
1952525500 938402670 2257
1534053812 725630318 71
1521586612 1747012684 3155
145722470 1073042033 1170
294565899 449609463 299
1747012684 1370303779 1361
449609463 122457831 1025
1307899370 1439924018 592
1124217844 1188271318 3081
104686291 329770735 549
981720889 1268294611 2137
30772608 123218110 2428
1534053812 750085240 1608
682602005 1952525500 3321
64561552 1944822871 244
423927741 1863723725 3057
732186439 550517842 2746
1834734438 122457831 2179
1593055151 1186034144 1800
1863723725 30772608 1261
670434536 423927741 780
874831854 1805228471 36
1923748080 726112610 2291
515535053 603180223 398
57481505 329770735 2927
1923748080 123218110 214
1210247386 104686291 2925
515535053 118934036 1876
85079240 732186439 2716
94518534 1370303779 1119
449609463 423927741 610
30772608 930423313 1676
461011780 1593055151 691
1571770717 1439924018 287
94518534 826915792 935
1370303779 1521586612 2886
882002837 487560522 1818
1381679974 510298792 2511
1186034144 1634175126 994
631605646 1668765576 964
423927741 1944822871 932
603180223 732186439 1363
1353036540 1439924018 142
30772608 726112610 2419
1439924018 85079240 3001
423927741 423927741 1130
1805228471 976280215 129
294565899 1944822871 860
711151618 1952525500 1968
487560522 1124217844 1060
1863723725 407870077 1665
1668765576 1314476313 3069
441615840 1568416195 3311
423927741 1952525500 1678
981720889 1216006187 558
938402670 938402670 2625
550517842 123218110 266
1353036540 906247216 3051
930423313 711151618 1270
441615840 449609463 416
413207615 1210247386 2311
631605646 1186034144 3273
1124217844 1521586612 3354
670434536 1634175126 239
1593170316 1571770717 732
1875194418 294565899 2402
198687585 813678579 424
1805228471 1634175126 680
1657271921 1952525500 2559
1571770717 510298792 871
1186034144 1747012684 1811
1521586612 1657271921 2966
563072601 1133084090 2828
30772608 198687585 3071
820334879 413207615 1336
1863723725 1681502225 1893
726112610 1191798634 175
603180223 874831854 3302
1353036540 94518534 10
1747012684 122457831 715
938402670 522157879 2261
1216006187 631605646 698
449609463 1568416195 2660
123218110 1191798634 314
1370303779 563072601 2687
1186034144 1952525500 1398
1353036540 1875194418 2227
1917656535 1370303779 1124
123218110 1439924018 901
1568416195 1593170316 1886
1657271921 563072601 2822
1681502225 1944822871 1340
515535053 1216006187 705
820334879 515535053 2861
470165453 874831854 167
1439924018 631605646 1051
441615840 1307899370 936
726112610 1912626311 229
1875194418 122457831 1690
294565899 441615840 3150
1668765576 882002837 1367
145722470 1863723725 650
726112610 813678579 2152
826915792 1439924018 1863
737713937 510298792 64
750085240 725630318 2951
1568416195 725630318 440
1593170316 563072601 490
484617069 1186034144 1230
294565899 563072601 2297
1307899370 711151618 967
1210247386 1593055151 101
1912626311 1070522664 1656
522157879 1634175126 498
413207615 57481505 2896
484617069 981720889 2475
737713937 1445958365 1068
1747012684 976280215 1401
563072601 30772608 2931
1110514106 1191798634 2215
470165453 874831854 3319
510298792 487560522 2752
826915792 882002837 1011
1049232907 118934036 1089
423927741 603180223 2618
461011780 123218110 2090
104686291 294565899 532
882002837 1750758191 3263
1216006187 1133084090 1540
1681502225 930423313 1998
1370303779 294565899 2774
1307899370 1668765576 410
510298792 1216006187 748
1186034144 930423313 3200
1210247386 726112610 2812
470165453 470165453 123
750085240 122457831 1711
1353036540 981720889 1997
515535053 1634175126 2858
1445958365 1439924018 1697
1073042033 85079240 1149
891468246 1923748080 564
1314476313 1216006187 2116
1750758191 732186439 3329
461011780 1070522664 1086
1863723725 682602005 885
64561552 826915792 1858
1133084090 470165453 3186
86794320 725630318 766
1216006187 813678579 3136
813678579 1381679974 1898
930423313 1568416195 1978
1668765576 603180223 2914
1216006187 1952525500 2264
976280215 1917656535 2309
294565899 484617069 2950
1353036540 1571770717 3372
1353036540 413207615 2669
1133084090 423927741 3378
413207615 30772608 2727
85079240 813678579 134
407870077 461011780 864
461011780 701586906 2286
294565899 737713937 2012
882002837 1593170316 2509
1634175126 1668765576 1083
670434536 423927741 657
732186439 826915792 2076
1750758191 1521586612 2873
906247216 145722470 430
711151618 726112610 985
1070522664 1073042033 1672
522157879 924800194 388
329770735 1668765576 3253
85079240 924800194 1177
515535053 737713937 2457
1634175126 123218110 735
1439924018 1133084090 2573
1268294611 726112610 1806
1944822871 1657271921 1596
1952525500 1912626311 1393
515535053 294565899 3005
882002837 813678579 2472
1805228471 981720889 2086
487560522 329770735 1143
1070522664 1805228471 3012
1521586612 515535053 1284
981720889 891468246 2604
1521586612 484617069 2674
86794320 820334879 2392
1188271318 1210247386 1214
441615840 1952525500 2832
813678579 1439924018 2892
1923748080 407870077 1359
737713937 670434536 1902
906247216 1445958365 2571
1750758191 1593170316 2356
1191798634 550517842 3245
631605646 1952525500 1625
1571770717 1571770717 1495
441615840 725630318 2591
1875194418 1110514106 2808
1747012684 423927741 2101
750085240 64561552 308
1747012684 726112610 2048
64561552 1747012684 1762
57481505 826915792 3235
1521586612 631605646 1673
631605646 813678579 2385
1210247386 1381679974 2825
1912626311 510298792 3257
750085240 711151618 1908
924800194 441615840 2606
510298792 1070522664 1321
1314476313 470165453 3015
1049232907 563072601 2126
1445958365 1657271921 736
1875194418 1534053812 1339
1460560549 94518534 916
145722470 329770735 1904
198687585 484617069 813
750085240 882002837 1979
1923748080 1124217844 1899
123218110 461011780 1070
1534053812 198687585 866
631605646 725630318 3220
1191798634 1571770717 1534
930423313 701586906 552
750085240 1460560549 2368
1186034144 631605646 2957
750085240 711151618 669
1124217844 726112610 969
1049232907 449609463 875
882002837 603180223 1404
1191798634 487560522 2872
198687585 750085240 138
924800194 515535053 77
1568416195 1875194418 3124
413207615 701586906 1117
874831854 1521586612 1165
1370303779 976280215 1377
1216006187 1593055151 637
1534053812 1124217844 453
1353036540 522157879 627
1668765576 631605646 708
550517842 550517842 3366
1073042033 882002837 2080
64561552 1521586612 1193
1952525500 750085240 770
1073042033 1210247386 76
145722470 1370303779 2445
701586906 930423313 1881
981720889 122457831 2809
1750758191 882002837 352
906247216 57481505 3276
510298792 813678579 2021
449609463 449609463 1582
294565899 470165453 597
737713937 930423313 141
123218110 423927741 2388
1124217844 1439924018 2474
670434536 1073042033 796
1568416195 1521586612 2626
874831854 1917656535 2630
1370303779 510298792 2700
1049232907 1070522664 1425
1917656535 1370303779 358
423927741 1912626311 8
423927741 1944822871 2733
1049232907 938402670 2821
1747012684 1439924018 2470
1460560549 820334879 2112
515535053 603180223 484
294565899 145722470 3287
906247216 882002837 1927
1657271921 1070522664 673
882002837 1381679974 1545
1750758191 631605646 1503
930423313 930423313 3168
1923748080 449609463 2236
1110514106 407870077 3254
510298792 30772608 1322
1875194418 1439924018 2546
1634175126 30772608 427
1750758191 86794320 452
725630318 1681502225 786
1307899370 906247216 46
85079240 1188271318 3264
294565899 1568416195 2004
510298792 1875194418 2432
938402670 1944822871 1052
1188271318 631605646 962
510298792 145722470 3146
484617069 550517842 2199
145722470 1875194418 3111
515535053 1381679974 2533
484617069 94518534 1415
1521586612 104686291 1116
1133084090 1747012684 2679
1657271921 1460560549 2
1912626311 407870077 2689
1681502225 30772608 458
882002837 813678579 3067
550517842 1657271921 2326
1534053812 1191798634 1525
1668765576 563072601 761
976280215 1381679974 481
1534053812 1912626311 1152
1534053812 826915792 1819
1805228471 522157879 1726
1070522664 329770735 186
981720889 1944822871 2743
104686291 1460560549 2177
441615840 701586906 60
1571770717 891468246 1035
1216006187 1834734438 2204
294565899 726112610 325
1070522664 1875194418 1669
122457831 1657271921 2583
924800194 1944822871 2897
407870077 563072601 1123
1188271318 1805228471 1146
981720889 118934036 3221
874831854 737713937 1042
1216006187 1668765576 928
1188271318 1681502225 2512
86794320 1805228471 1942
750085240 1381679974 1757
1634175126 1875194418 2971
874831854 1216006187 2346
981720889 104686291 919
1307899370 1268294611 2953
906247216 603180223 3010
1593170316 1747012684 1037
1191798634 329770735 2189
1314476313 64561552 569
701586906 882002837 2330
550517842 118934036 1590
1216006187 94518534 1954
725630318 461011780 1452
94518534 1073042033 2501
1593055151 976280215 2292
924800194 938402670 2807
1593055151 603180223 2670
145722470 30772608 648
1593170316 104686291 840
631605646 732186439 1456
1073042033 484617069 1434
294565899 891468246 2241
981720889 122457831 1742
981720889 1944822871 2406
603180223 1191798634 204
737713937 631605646 781
1912626311 1923748080 109
1110514106 118934036 278
1944822871 670434536 865
1210247386 1049232907 704
1634175126 1521586612 3140
550517842 1133084090 2791
1657271921 1568416195 2059
874831854 882002837 1889
1593055151 1668765576 2276
1657271921 145722470 216
1747012684 329770735 41
329770735 563072601 89
461011780 820334879 1566
1923748080 938402670 1706
413207615 1923748080 2824
1657271921 104686291 363
1133084090 407870077 2741
1681502225 1268294611 187
820334879 30772608 1838
1307899370 484617069 1203
1634175126 1307899370 118
924800194 413207615 1807
1124217844 631605646 310
1445958365 1521586612 1142
86794320 1124217844 835
631605646 145722470 1480
631605646 1439924018 1151
701586906 603180223 1305
1805228471 1110514106 1951
1805228471 813678579 1354
1188271318 510298792 2196
826915792 1049232907 3079
449609463 737713937 425
1314476313 449609463 2027
1747012684 1944822871 1218
1124217844 1521586612 128
413207615 1521586612 1168
85079240 1216006187 1195
1657271921 1186034144 95
1445958365 522157879 2473
329770735 484617069 1208
122457831 1268294611 1745
423927741 1216006187 108
1952525500 603180223 1293
85079240 603180223 1464
1568416195 122457831 1598
976280215 930423313 3192
198687585 441615840 2237
1568416195 470165453 2999
470165453 1593170316 944
86794320 1191798634 1872
1110514106 1110514106 103
906247216 820334879 1787
631605646 118934036 454
1460560549 122457831 834
891468246 123218110 2010
1834734438 145722470 1154
487560522 631605646 2248
726112610 1875194418 1110
874831854 57481505 672
86794320 750085240 1269
1070522664 1381679974 2493
94518534 1314476313 401
1805228471 1952525500 725
1593170316 515535053 1085
1912626311 930423313 2329
1124217844 1668765576 413
1110514106 449609463 951
461011780 487560522 965
1353036540 906247216 2753
1186034144 1593055151 461
1593170316 1268294611 2902
550517842 976280215 1764
1073042033 563072601 264
1668765576 1747012684 1966
711151618 487560522 347
522157879 1307899370 2815
1216006187 1863723725 3305
820334879 1593170316 1782
30772608 64561552 2036
1073042033 1268294611 1046
1353036540 976280215 1701
891468246 413207615 408
670434536 1460560549 1324
94518534 64561552 2397
1070522664 522157879 2231
85079240 57481505 1368
1439924018 1568416195 1809
938402670 725630318 2708
1593170316 1370303779 1451
441615840 85079240 2567
86794320 924800194 2124
1875194418 631605646 1421
145722470 906247216 1524
487560522 732186439 2696
682602005 1191798634 3082
85079240 30772608 2383
1863723725 1923748080 2427
1747012684 1863723725 2376
670434536 1370303779 2284
930423313 1073042033 1325
1571770717 1952525500 1965
732186439 1521586612 1643
550517842 487560522 2243
1571770717 1110514106 1681
1133084090 198687585 2094
1521586612 1875194418 371
1307899370 198687585 2725
1657271921 1186034144 126
122457831 329770735 688
123218110 1186034144 2982
711151618 1110514106 1005
1439924018 726112610 2884
563072601 94518534 779
820334879 1381679974 1769
1593170316 1747012684 1541
1124217844 1191798634 2312
726112610 1571770717 2081
470165453 85079240 1475
981720889 413207615 758
1681502225 1668765576 494
725630318 85079240 2771
85079240 1593055151 3110
1593055151 1314476313 557
1314476313 461011780 1138
1370303779 1049232907 1093
64561552 711151618 2458
1534053812 1314476313 1563
682602005 930423313 1739
924800194 461011780 2921
737713937 1307899370 1728
1370303779 732186439 3242
123218110 1110514106 2064
1863723725 1952525500 2191
1863723725 1657271921 927
550517842 484617069 2871
198687585 750085240 24
1521586612 1133084090 1243
1917656535 461011780 2324
826915792 1834734438 2826
423927741 1216006187 914
1923748080 1634175126 1498
1863723725 670434536 1258
981720889 737713937 2681
1307899370 118934036 3195
930423313 1070522664 2983
470165453 423927741 1372
1912626311 981720889 1759
1307899370 1747012684 1202
1747012684 1070522664 2150
522157879 1191798634 3116
725630318 449609463 802
1593170316 515535053 400
1923748080 750085240 1868
441615840 737713937 2357
1863723725 1834734438 2147
515535053 603180223 2552
1133084090 1944822871 2082
1593055151 294565899 3034
1110514106 1439924018 629
1917656535 891468246 682
122457831 470165453 630
1750758191 198687585 2673
976280215 1952525500 3077
1917656535 1314476313 300
1912626311 1875194418 1019
329770735 423927741 2038
329770735 1681502225 1266
30772608 1188271318 292
1314476313 1439924018 428
882002837 930423313 3009
1210247386 1133084090 768
1593170316 1875194418 934
1381679974 701586906 3142
1593170316 631605646 3125
407870077 1747012684 662
1110514106 470165453 538
413207615 423927741 1131
891468246 1634175126 2984
1314476313 1593055151 2683
122457831 976280215 2490
30772608 1460560549 583
981720889 484617069 72
820334879 1912626311 2347
1191798634 441615840 1200
820334879 750085240 2599
1952525500 924800194 1379
1353036540 1747012684 646
94518534 1534053812 295
1110514106 1353036540 3373
820334879 1133084090 1096
522157879 1353036540 3202
938402670 85079240 2615
413207615 1944822871 152
423927741 510298792 3292
1353036540 122457831 2370
882002837 484617069 277
826915792 981720889 1867
670434536 1110514106 658
750085240 413207615 612
57481505 1593055151 3225
1534053812 682602005 909
891468246 1439924018 2067
1912626311 470165453 2706
976280215 86794320 218
1593170316 882002837 1182
1216006187 510298792 1905
1875194418 85079240 2525
670434536 1314476313 1023
1460560549 1750758191 329
1571770717 701586906 2839
1124217844 820334879 3318
57481505 441615840 798
1875194418 449609463 2453
1439924018 522157879 1599
104686291 57481505 1557
1521586612 701586906 12
1314476313 1534053812 1793
1439924018 813678579 1915
1912626311 123218110 1856
104686291 891468246 1106
57481505 1593170316 2900
1593055151 1268294611 1854
470165453 1912626311 2390
94518534 1049232907 3123
1353036540 1353036540 2384
85079240 1805228471 827
515535053 1657271921 1528
670434536 487560522 1197
1070522664 1186034144 1767
85079240 563072601 387
145722470 1191798634 476
1445958365 813678579 968
449609463 906247216 1866
1568416195 813678579 1095
1568416195 1834734438 561
1110514106 1307899370 1166
1133084090 449609463 2482
1521586612 1747012684 2840
1314476313 94518534 806
1133084090 826915792 2095
1863723725 737713937 2747
423927741 670434536 2620
294565899 981720889 2899
725630318 603180223 1349
603180223 1805228471 3108
1634175126 1593055151 3335
737713937 1634175126 2788
1593170316 515535053 1209
976280215 550517842 1255
924800194 737713937 2143
123218110 682602005 196
1186034144 1917656535 1232
1110514106 1747012684 1671
30772608 563072601 3097
826915792 522157879 773
64561552 145722470 2933
726112610 104686291 713
1124217844 423927741 1595
1912626311 122457831 2013
294565899 57481505 2638
122457831 64561552 203
1445958365 294565899 722
470165453 461011780 252
413207615 631605646 821
1805228471 1191798634 1014
976280215 603180223 3299
1805228471 563072601 2354
1307899370 522157879 707
510298792 670434536 147
1186034144 1952525500 3286
938402670 1216006187 1922
1750758191 1124217844 2159
413207615 820334879 2053
449609463 487560522 2355
413207615 413207615 3030
1314476313 1863723725 293
1593170316 1210247386 833
906247216 820334879 1760
1216006187 1049232907 2141
1370303779 1124217844 9
1668765576 631605646 1871
294565899 750085240 1419
1917656535 1124217844 1713
882002837 104686291 939
1863723725 1668765576 181
1370303779 1070522664 2358
1657271921 145722470 803
1073042033 1944822871 2621
85079240 1216006187 1240
1216006187 1049232907 950
1307899370 976280215 1784
1370303779 198687585 3300
515535053 1073042033 1839
1191798634 441615840 2881
30772608 1110514106 2944
1875194418 1188271318 38
1070522664 522157879 224
515535053 1191798634 92
85079240 198687585 1103
981720889 1049232907 2165
930423313 563072601 1538
484617069 1917656535 478
1124217844 1805228471 1385
891468246 1445958365 3358
407870077 1923748080 3312
1307899370 924800194 2295
711151618 1381679974 1749
550517842 85079240 497
682602005 711151618 1964
407870077 1353036540 2127
1186034144 750085240 69
1268294611 484617069 752
1634175126 1216006187 2212
1750758191 94518534 86
1049232907 1634175126 2801
1571770717 550517842 771
449609463 1216006187 1133
1460560549 470165453 2403
1445958365 86794320 2764
522157879 1634175126 958
1863723725 1521586612 1312
1923748080 882002837 1041
1210247386 1917656535 3301
1188271318 682602005 991
1834734438 826915792 674
104686291 1133084090 394
122457831 522157879 960
1353036540 1381679974 712
1571770717 924800194 2799
118934036 1805228471 588
1534053812 1657271921 2561
1875194418 1521586612 139
1668765576 1381679974 351
1216006187 329770735 2732
1634175126 1834734438 83
294565899 64561552 17
85079240 1381679974 3226
1186034144 57481505 3229
1681502225 737713937 1715
1445958365 1133084090 2348
423927741 711151618 998
1912626311 750085240 2122
1210247386 1307899370 1870
122457831 874831854 2254
123218110 874831854 2065
407870077 1460560549 1267
820334879 670434536 1022
1657271921 294565899 839
906247216 1307899370 1592
1568416195 711151618 144
750085240 64561552 1564
1912626311 682602005 117
104686291 470165453 1384
484617069 826915792 1471
1912626311 1917656535 652
1668765576 906247216 551
1070522664 1834734438 309
1186034144 603180223 2715
1521586612 1747012684 1553
1568416195 1834734438 2795
449609463 1314476313 1044
1571770717 711151618 3297
1863723725 294565899 1112
924800194 329770735 3320
1216006187 510298792 2426
1863723725 924800194 3016
94518534 487560522 356
484617069 563072601 641
1834734438 1353036540 2701
1593055151 813678579 1156
1750758191 1593055151 289
522157879 1952525500 1900
1747012684 550517842 492
1460560549 732186439 162
1521586612 85079240 362
1834734438 510298792 510
1634175126 1314476313 772
1460560549 1571770717 2176
122457831 94518534 2434
1110514106 1917656535 661
1834734438 1944822871 1092
1634175126 118934036 1507
1750758191 1314476313 1114
407870077 603180223 2425
484617069 1917656535 2018
123218110 515535053 1555
122457831 470165453 830
1186034144 930423313 714
1133084090 118934036 2778
1834734438 891468246 3203
1657271921 1593055151 2794
750085240 631605646 2592
118934036 484617069 2587
550517842 670434536 3361
1439924018 603180223 769
122457831 329770735 3002
682602005 1133084090 2202
1571770717 1952525500 536
1210247386 1875194418 609
701586906 882002837 2130
1923748080 882002837 1848
550517842 1307899370 2234
122457831 1875194418 836
118934036 725630318 283
484617069 86794320 119
413207615 423927741 1821
726112610 1747012684 949
1521586612 631605646 946
750085240 701586906 2623
1593055151 1917656535 2515
1912626311 1952525500 653
1534053812 1110514106 2226
726112610 891468246 1469
725630318 198687585 2223
85079240 1750758191 1334
930423313 820334879 1526
1534053812 407870077 2912
85079240 1460560549 1987
938402670 86794320 640
1568416195 1944822871 2175
1875194418 86794320 1510
1445958365 1460560549 3371
145722470 924800194 1974
407870077 906247216 2580
1668765576 104686291 353
145722470 515535053 1799
682602005 510298792 2540
85079240 30772608 3114
145722470 1568416195 1454
550517842 1834734438 3322
874831854 1314476313 2149
94518534 64561552 2928
1353036540 449609463 439
1191798634 1439924018 678
737713937 104686291 1601
813678579 1952525500 471
94518534 1750758191 2039
123218110 122457831 1775
1049232907 874831854 721
603180223 924800194 2846
1110514106 104686291 1364
1593170316 1805228471 2166
938402670 1381679974 3239
94518534 1747012684 1585
732186439 891468246 341
1747012684 670434536 1313
1439924018 1805228471 1167
122457831 906247216 485
118934036 118934036 3068
1944822871 670434536 1437
711151618 1593170316 2416
1593170316 1750758191 1765
670434536 122457831 788
423927741 329770735 2011
1439924018 329770735 763
981720889 701586906 593
1571770717 57481505 3353
1668765576 1917656535 1624
1952525500 820334879 686
1110514106 510298792 2239
1952525500 487560522 2566
1188271318 882002837 369
85079240 882002837 2582
85079240 1863723725 267
413207615 1534053812 1750
198687585 1314476313 1476
813678579 1568416195 294
906247216 891468246 2395
1750758191 423927741 33
1070522664 603180223 1789
737713937 550517842 3004
1307899370 407870077 31
30772608 1593170316 26
1912626311 711151618 1282
1445958365 670434536 451
924800194 449609463 1365
930423313 670434536 3216
1268294611 603180223 3065
737713937 1805228471 3210
1314476313 924800194 2103
563072601 1834734438 2184
976280215 122457831 636
461011780 294565899 2959
981720889 1353036540 795
1952525500 1186034144 1413
423927741 1110514106 2497
1210247386 294565899 3306
1571770717 1668765576 366
515535053 1917656535 32
57481505 104686291 560
104686291 1445958365 3270
487560522 906247216 1056
1460560549 701586906 1709
1460560549 57481505 512
1917656535 725630318 625
737713937 1805228471 1989
94518534 1834734438 50
631605646 522157879 2306
1370303779 1070522664 1652
94518534 329770735 1034
701586906 104686291 2287
86794320 826915792 3038
85079240 487560522 3167
924800194 30772608 2035
1381679974 1370303779 1150
813678579 1188271318 2386
145722470 1353036540 2570
64561552 423927741 75
874831854 1747012684 1680
732186439 487560522 406
1750758191 30772608 121
441615840 682602005 711
441615840 413207615 1797
1445958365 981720889 88
1191798634 85079240 727
826915792 441615840 315
104686291 1952525500 1402
1186034144 732186439 509
1124217844 1952525500 635
86794320 1534053812 867
449609463 1188271318 3037
1747012684 329770735 1264
701586906 86794320 3260
631605646 1110514106 2467
413207615 86794320 1641
198687585 1216006187 2651
1571770717 1944822871 395
1668765576 1923748080 3288
1439924018 981720889 3053
484617069 924800194 1039
1186034144 104686291 3296
826915792 631605646 176
732186439 1133084090 241
1370303779 104686291 256
94518534 1917656535 3194
701586906 1210247386 2438
891468246 930423313 1032
484617069 563072601 1417
1124217844 1314476313 1622
891468246 1568416195 1831
711151618 118934036 1751
882002837 1571770717 220
1381679974 104686291 2636
1110514106 1534053812 2229
1216006187 826915792 2098
1353036540 874831854 1756
522157879 1070522664 1708
449609463 1952525500 1840
631605646 1188271318 255
1439924018 413207615 1999
563072601 294565899 3332
94518534 874831854 2667
550517842 294565899 189
423927741 1439924018 2575
631605646 631605646 370
930423313 1124217844 918
1314476313 423927741 1556
906247216 1210247386 2784
1439924018 874831854 3342
1681502225 423927741 338
1460560549 1188271318 2537
461011780 1216006187 554
407870077 726112610 2302
1657271921 515535053 1063
1875194418 407870077 977
1571770717 603180223 2200
1657271921 563072601 1696
906247216 104686291 1254
1460560549 1834734438 2431
631605646 1593170316 3165
1370303779 487560522 3347
1110514106 1952525500 467
563072601 732186439 2736
407870077 981720889 2541
1370303779 882002837 2387
1210247386 924800194 58
631605646 515535053 677
1917656535 1314476313 2724
631605646 563072601 3073
57481505 30772608 2273
1110514106 1681502225 2417
461011780 826915792 574
550517842 64561552 3112
711151618 1534053812 849
515535053 1952525500 1278
1188271318 1668765576 1426
1188271318 1133084090 695
484617069 515535053 1717
924800194 1314476313 1642
1863723725 1875194418 616
826915792 1917656535 577
1571770717 1668765576 2145
732186439 1834734438 1843
1381679974 470165453 1993
1521586612 1307899370 2251
1593055151 64561552 1472
874831854 1049232907 3314
1445958365 1521586612 948
1110514106 1681502225 990
1593055151 711151618 3137
407870077 1534053812 2578
85079240 1445958365 1175
461011780 732186439 279
981720889 882002837 2521
1912626311 123218110 1109
603180223 407870077 3349
1944822871 1747012684 392
906247216 1668765576 1316
1952525500 522157879 102
813678579 1439924018 2372
1944822871 1445958365 2905
449609463 1070522664 1771
1445958365 1571770717 1386
1049232907 550517842 107
1370303779 86794320 1514
670434536 294565899 2135
603180223 701586906 1825
294565899 1634175126 431
1593055151 423927741 2864
423927741 891468246 1738
57481505 484617069 2194
1944822871 118934036 2205
882002837 826915792 644
484617069 1944822871 1995
1805228471 1191798634 199
1805228471 874831854 2328
145722470 1353036540 122
1912626311 737713937 1108
1216006187 924800194 2712
732186439 1460560549 90
1188271318 487560522 1374
104686291 1681502225 313
813678579 1521586612 158
1593055151 198687585 2033
732186439 329770735 116
86794320 1863723725 39
441615840 484617069 2331
938402670 1124217844 3104
122457831 122457831 3206
118934036 1521586612 1088
1073042033 882002837 1832
563072601 1863723725 2634
1188271318 1923748080 1985
1634175126 104686291 192
1834734438 122457831 963
1657271921 1521586612 3298
930423313 94518534 1646
563072601 515535053 223
122457831 86794320 2014
522157879 1875194418 2735
1521586612 1750758191 2132
1593170316 123218110 1457
1952525500 94518534 1087
522157879 1381679974 570
449609463 1875194418 157
329770735 470165453 1573
1307899370 1917656535 3258
1307899370 1912626311 1273
294565899 924800194 1348
1073042033 891468246 933
1952525500 820334879 1754
294565899 1593055151 1953
1657271921 1439924018 1795
737713937 1834734438 3336
813678579 145722470 2435
413207615 1070522664 649
820334879 732186439 1397
891468246 86794320 2463
510298792 294565899 2596
701586906 1381679974 595
1460560549 737713937 1344
1186034144 487560522 1603
1521586612 1534053812 2529
1124217844 470165453 3143
294565899 732186439 254
64561552 522157879 1097
470165453 1314476313 1604
711151618 725630318 2969
1834734438 874831854 1520
145722470 1133084090 1310
329770735 145722470 13
1460560549 1912626311 1036
1805228471 874831854 1430
1923748080 938402670 3227
85079240 732186439 29
1593055151 726112610 1677
732186439 732186439 2172
1923748080 1186034144 2531
670434536 487560522 479
882002837 976280215 166
329770735 1634175126 2609
515535053 906247216 683
449609463 906247216 2449
1049232907 725630318 280
563072601 294565899 984
1381679974 882002837 2258
1070522664 1191798634 2008
1216006187 94518534 1911
891468246 64561552 3041
1268294611 1863723725 2543
1952525500 441615840 2238
1216006187 94518534 2303
522157879 1912626311 1347
891468246 930423313 2339
510298792 522157879 2077
981720889 510298792 1080
603180223 1445958365 111
1593055151 1863723725 783
329770735 1521586612 1837
1875194418 701586906 2813
1534053812 813678579 1834
515535053 1863723725 361
145722470 487560522 679
86794320 976280215 195
94518534 670434536 1835
1944822871 1634175126 2461
1381679974 726112610 282
1634175126 882002837 3307
563072601 1568416195 742
510298792 1110514106 639
1073042033 86794320 1638
1875194418 1191798634 3028
123218110 449609463 1137
1568416195 938402670 3149
1381679974 550517842 475
1521586612 750085240 1183
522157879 726112610 1055
461011780 938402670 3098
1834734438 487560522 571
487560522 118934036 2776
1070522664 924800194 1458
522157879 1191798634 1157
1593170316 1445958365 2481
407870077 64561552 2245
1681502225 1353036540 863
423927741 1124217844 689
1747012684 1133084090 349
1381679974 1568416195 738
1110514106 976280215 2737
826915792 550517842 2875
882002837 550517842 253
726112610 104686291 227
1534053812 1191798634 3050
1460560549 441615840 1820
515535053 1923748080 145
1445958365 726112610 563
750085240 603180223 989
57481505 976280215 1532
104686291 732186439 2373
725630318 1268294611 1128
1571770717 1923748080 2995
30772608 631605646 149
30772608 631605646 1559
826915792 1186034144 2936
1568416195 1568416195 301
484617069 813678579 3088
732186439 104686291 2759
1952525500 725630318 955
515535053 1307899370 1050
938402670 1133084090 2522
1944822871 1188271318 1484
726112610 413207615 2283
470165453 1747012684 2792
750085240 86794320 2860
1049232907 603180223 1235
1110514106 1124217844 2074
294565899 1460560549 872
882002837 820334879 1880
891468246 938402670 1262
85079240 1210247386 290
1923748080 1268294611 2240
1917656535 1593055151 1333
701586906 1923748080 1746
981720889 981720889 2058
826915792 1124217844 3061
122457831 1534053812 1194
631605646 1668765576 340
820334879 1681502225 2678
826915792 1912626311 3193
737713937 826915792 837
1070522664 750085240 620
682602005 1593055151 717
711151618 1634175126 1823
1460560549 1593055151 1816
1568416195 1353036540 3138
1944822871 1952525500 260
1534053812 122457831 81
1521586612 449609463 2770
1571770717 1370303779 2876
1210247386 1863723725 2932
670434536 1445958365 1812
1186034144 882002837 2399
682602005 407870077 1091
1912626311 820334879 3
603180223 1210247386 2967
701586906 1805228471 1654
57481505 725630318 3232
826915792 1188271318 1560
294565899 441615840 2111
1188271318 1110514106 668
118934036 726112610 2140
1668765576 1593170316 2079
1268294611 294565899 3237
826915792 122457831 2352
1133084090 1923748080 2713
461011780 104686291 1303
1521586612 906247216 2110
1381679974 294565899 1301
294565899 981720889 2499
449609463 407870077 729
515535053 86794320 1501
64561552 1875194418 1033
1268294611 938402670 1144
1186034144 1460560549 2029
1747012684 737713937 1935
1944822871 563072601 2232
104686291 1133084090 124
1070522664 550517842 562
1750758191 1805228471 2003
329770735 631605646 2109
30772608 413207615 1326
726112610 1681502225 1572
1952525500 1521586612 2742
976280215 1439924018 1949
732186439 30772608 2201
1353036540 1834734438 931
1314476313 1381679974 2405
1381679974 1571770717 2569
1216006187 64561552 642
123218110 94518534 2381
732186439 820334879 208
515535053 1070522664 2581
1668765576 1210247386 2838
1875194418 1750758191 2765
1681502225 145722470 2962
1268294611 1307899370 3183
461011780 515535053 1233
1863723725 449609463 915
145722470 407870077 2797
670434536 1216006187 525
1875194418 924800194 2898
470165453 484617069 1971
1571770717 198687585 2856
906247216 1268294611 2285
1875194418 85079240 2456
1923748080 682602005 2466
1353036540 1070522664 2597
1593170316 701586906 489
550517842 470165453 193
1634175126 891468246 2247
1307899370 487560522 1822
1923748080 1912626311 7
515535053 198687585 2208
1917656535 711151618 1529
1073042033 104686291 1188
515535053 1186034144 2695
1133084090 1188271318 2334
701586906 441615840 2859
906247216 510298792 2119
874831854 891468246 2424
726112610 1593170316 2491
1353036540 1216006187 377
1750758191 1875194418 3058
484617069 924800194 2085
826915792 1110514106 956
64561552 1216006187 1148
1750758191 1568416195 2483
924800194 874831854 3326
1952525500 1944822871 2148
104686291 981720889 1418
441615840 461011780 1621
1571770717 1049232907 304
1268294611 470165453 1634
484617069 449609463 2677
1750758191 522157879 1814
1110514106 725630318 2851
603180223 1681502225 586
64561552 1834734438 1355
1353036540 104686291 624
1917656535 515535053 1140
1370303779 1460560549 2214
938402670 906247216 2363
1521586612 1593055151 868
1439924018 487560522 1587
670434536 1571770717 2998
104686291 737713937 719
670434536 329770735 921
1314476313 1070522664 2975
1923748080 1314476313 306
726112610 1923748080 2974
1747012684 603180223 1857
826915792 874831854 368
976280215 57481505 1530
813678579 57481505 1666
1747012684 1834734438 3014
1188271318 820334879 1758
732186439 891468246 740
670434536 1681502225 750
484617069 906247216 2654
1381679974 64561552 1919
891468246 118934036 365
1216006187 461011780 3208
1133084090 1521586612 1617
461011780 976280215 3158
1952525500 510298792 2207
461011780 1124217844 2028
449609463 413207615 52
1534053812 413207615 2198
711151618 1568416195 3144
1314476313 1188271318 2455
1210247386 976280215 2952
407870077 1875194418 756
413207615 487560522 504
484617069 924800194 1016
882002837 1049232907 816
1133084090 522157879 1855
891468246 1750758191 1460
1191798634 891468246 1286
122457831 1944822871 2444
484617069 1923748080 1894
487560522 550517842 3127
1634175126 826915792 2364
329770735 122457831 94
1268294611 1681502225 2045
1124217844 470165453 1053
1268294611 1070522664 3351
1593170316 30772608 1988
1681502225 1314476313 814
64561552 1681502225 681
1210247386 1834734438 1295
826915792 1188271318 78
732186439 711151618 519
1110514106 826915792 1907
470165453 1657271921 2160
86794320 1593055151 2293
1188271318 1568416195 2919
1534053812 1049232907 2169
701586906 294565899 900
682602005 891468246 1013
726112610 407870077 1179
57481505 874831854 1551
294565899 1834734438 3268
1073042033 1049232907 360
522157879 1952525500 3346
631605646 198687585 2437
882002837 1370303779 2586
670434536 1186034144 1508
123218110 461011780 545
1073042033 1216006187 1509
85079240 1439924018 2024
1210247386 294565899 2440
1186034144 737713937 1414
1912626311 329770735 1723
1668765576 1634175126 3141
1571770717 874831854 1972
1750758191 145722470 2917
1917656535 682602005 952
1070522664 329770735 1236
1191798634 198687585 1118
1657271921 725630318 3352
1834734438 487560522 1657
603180223 94518534 172
1805228471 682602005 1735
1133084090 85079240 3345
750085240 820334879 734
1216006187 938402670 3177
413207615 57481505 820
1568416195 938402670 2139
701586906 104686291 2987
1210247386 423927741 1185
1805228471 94518534 215
550517842 1681502225 3308
407870077 1923748080 755
30772608 1917656535 1178
1952525500 701586906 2993
294565899 603180223 2608
1186034144 1923748080 2270
484617069 1460560549 251
515535053 123218110 3042
981720889 85079240 276
1110514106 1133084090 2820
976280215 461011780 1544
1657271921 732186439 2841
118934036 461011780 3198
407870077 1805228471 468
1314476313 726112610 180
603180223 484617069 2682
930423313 1186034144 567
1568416195 682602005 1405
820334879 407870077 1890
1314476313 725630318 1047
1191798634 441615840 2069
1124217844 1110514106 718
826915792 891468246 1698
522157879 874831854 1241
1216006187 407870077 2986
484617069 94518534 1994
813678579 1593170316 2528
1593170316 510298792 3008
1568416195 122457831 1917
1912626311 1049232907 1302
423927741 118934036 666
1070522664 487560522 1160
470165453 441615840 2476
1124217844 1381679974 2964
122457831 407870077 2804
413207615 86794320 2125
682602005 750085240 2516
813678579 1952525500 2989
64561552 1124217844 907
981720889 711151618 694
515535053 57481505 829
1049232907 85079240 422
1216006187 1750758191 350
1188271318 1381679974 832
522157879 1944822871 521
670434536 1133084090 442
1944822871 732186439 2745
441615840 603180223 2722
104686291 891468246 942
1912626311 976280215 3007
1191798634 1657271921 3120
104686291 924800194 1648
1750758191 515535053 1950
1805228471 1834734438 1366
1070522664 441615840 1718
732186439 682602005 2161
820334879 906247216 1275
711151618 1191798634 621
449609463 484617069 3131
820334879 1049232907 2672
603180223 123218110 1370
732186439 1521586612 749
423927741 86794320 2579
522157879 329770735 604
413207615 510298792 817
631605646 449609463 784
522157879 64561552 910
123218110 487560522 1929
484617069 1073042033 1649
1314476313 57481505 2042
470165453 407870077 2050
1912626311 930423313 2714
1186034144 1073042033 3129
1133084090 701586906 508
85079240 1210247386 3049
118934036 484617069 1072
737713937 487560522 2436
1521586612 484617069 2530
522157879 906247216 2163
563072601 820334879 2542
515535053 1681502225 2180
711151618 294565899 415
1268294611 891468246 1535
737713937 1681502225 2652
1668765576 930423313 334
1593055151 1370303779 2300
515535053 510298792 1465
1314476313 1133084090 1155
1521586612 1571770717 2605
924800194 711151618 2563
510298792 976280215 1207
813678579 550517842 3343
470165453 461011780 2614
682602005 118934036 3134
123218110 1593055151 2041
1571770717 732186439 992
1534053812 104686291 45
820334879 329770735 1485
57481505 461011780 1189
487560522 603180223 2973
515535053 1634175126 731
294565899 1944822871 1410
522157879 1568416195 2043
123218110 725630318 249
1070522664 1863723725 3313
1110514106 294565899 2070
750085240 64561552 2641
603180223 449609463 542
701586906 1307899370 2260
145722470 1668765576 2371
726112610 1923748080 2280
1634175126 522157879 3328
1634175126 1124217844 566
294565899 725630318 25
329770735 1370303779 372
682602005 1439924018 628
820334879 891468246 541
1439924018 1186034144 581
57481505 1668765576 530
145722470 750085240 2002
487560522 1805228471 420
461011780 449609463 1712
725630318 423927741 2796
123218110 1110514106 1107
510298792 631605646 665
1216006187 1186034144 1865
145722470 1216006187 1611
682602005 1863723725 250
118934036 1534053812 993
563072601 1460560549 1387
145722470 1307899370 2979
461011780 1073042033 2508
711151618 1805228471 2174
407870077 1805228471 2819
603180223 550517842 2647
726112610 882002837 2600
732186439 1070522664 1280
1381679974 407870077 1226
407870077 1912626311 3074
1460560549 198687585 2380
1923748080 550517842 751
484617069 1216006187 697
470165453 198687585 2684
1191798634 1568416195 974
1593055151 470165453 1623
1073042033 976280215 2017
631605646 938402670 1205
1875194418 1571770717 1459
85079240 1110514106 2790
86794320 86794320 550
294565899 1307899370 2848
1370303779 1657271921 285
732186439 64561552 3293
1268294611 1210247386 2091
737713937 522157879 2676
522157879 631605646 1589
1747012684 1268294611 318
550517842 449609463 1562
1439924018 1952525500 533
1124217844 145722470 706
413207615 461011780 971
1805228471 924800194 500
1210247386 1188271318 3290
1534053812 1750758191 2562
1124217844 1049232907 3310
1750758191 891468246 1159
515535053 682602005 3272
1681502225 820334879 2685
906247216 1210247386 42
515535053 407870077 1661
104686291 86794320 1548
470165453 930423313 1285
603180223 123218110 1065
94518534 682602005 1274
1110514106 522157879 2136
423927741 906247216 1147
711151618 1863723725 464
198687585 487560522 1674
64561552 737713937 1432
30772608 930423313 3103
441615840 484617069 173
57481505 1952525500 578
1188271318 1534053812 841
57481505 1307899370 903
882002837 981720889 2576
104686291 1460560549 120
1681502225 1534053812 2761
1133084090 470165453 1031
30772608 603180223 2047
1917656535 441615840 790
725630318 1952525500 2705
1353036540 874831854 1647
1863723725 407870077 87
413207615 1307899370 275
550517842 86794320 3029
1070522664 1216006187 2063
1568416195 1668765576 148
30772608 413207615 3294
826915792 670434536 2267
64561552 924800194 520
1521586612 94518534 284
423927741 1568416195 67
701586906 294565899 3251
711151618 1534053812 1234
123218110 1681502225 2723
1875194418 94518534 219
86794320 813678579 2187
515535053 1657271921 174
1070522664 1944822871 127
725630318 1110514106 879
1634175126 64561552 212
145722470 682602005 1733
1668765576 1593170316 1588
1188271318 1750758191 160
1460560549 1917656535 2154
1370303779 86794320 1955
30772608 725630318 1075
1657271921 906247216 2144
1750758191 924800194 2857
118934036 906247216 2785
198687585 906247216 1020
1070522664 1307899370 1346
1445958365 1747012684 1184
1210247386 329770735 389
1381679974 813678579 342
1439924018 1668765576 2032
1186034144 1521586612 1250
725630318 1314476313 2779
294565899 64561552 2534
294565899 1210247386 1781
1534053812 1521586612 2492
1571770717 906247216 3359
1568416195 294565899 2092
423927741 118934036 741
820334879 732186439 1002
1681502225 1210247386 744
94518534 198687585 1897
487560522 1805228471 2644
1307899370 1750758191 3196
104686291 145722470 2495
563072601 1381679974 815
1191798634 1268294611 2304
1186034144 1875194418 2359
1381679974 118934036 73
891468246 510298792 515
1534053812 603180223 693
441615840 407870077 2096
1521586612 563072601 3187
924800194 711151618 1076
563072601 1370303779 2891
725630318 1912626311 3019
1568416195 726112610 947
1747012684 1593055151 887
1439924018 104686291 2880
906247216 906247216 2939
423927741 510298792 2635
1110514106 1124217844 274
85079240 123218110 57
145722470 123218110 271
85079240 57481505 1403
891468246 441615840 1630
1186034144 461011780 3236
294565899 123218110 1499
725630318 891468246 258
1445958365 603180223 789
924800194 711151618 3036
930423313 198687585 3364
1750758191 1186034144 2763
522157879 1439924018 3266
1133084090 104686291 1802
1805228471 938402670 647
1912626311 1668765576 3243
1593055151 1634175126 983
1191798634 1805228471 920
57481505 1863723725 2055
1124217844 906247216 3113
104686291 1073042033 1594
1186034144 1210247386 2963
123218110 603180223 1446
891468246 737713937 1836
1571770717 1133084090 1570
449609463 906247216 1251
118934036 85079240 615
725630318 1668765576 862
1070522664 826915792 1640
1188271318 1593170316 2305
1314476313 461011780 3056
1186034144 407870077 2699
976280215 826915792 745
820334879 711151618 1958
1805228471 1191798634 2877
1912626311 670434536 438
1657271921 522157879 382
1912626311 826915792 1416
1186034144 1439924018 3212
86794320 57481505 2442
670434536 1314476313 344
515535053 1593170316 1527
1634175126 930423313 390
711151618 1681502225 904
86794320 64561552 3046
64561552 682602005 465
813678579 603180223 1350
603180223 1634175126 1276
603180223 603180223 3100
1210247386 1534053812 607
1370303779 682602005 2468
470165453 1049232907 1576
563072601 1952525500 987
487560522 1593055151 3334
1863723725 1668765576 2911
123218110 813678579 724
1750758191 145722470 3223
1805228471 1747012684 1597
726112610 57481505 6
938402670 1445958365 3356
1216006187 1381679974 376
123218110 820334879 159
1216006187 1049232907 2814
924800194 1593055151 99
1944822871 1521586612 1703
1917656535 906247216 1342
981720889 1917656535 1581
64561552 1952525500 1730
726112610 906247216 1928
1750758191 510298792 1973
484617069 294565899 1776
470165453 711151618 1028
470165453 1875194418 2617
1681502225 1917656535 631
1445958365 1668765576 1740
1049232907 1191798634 2222
603180223 515535053 1027
198687585 1186034144 2019
118934036 550517842 3174
1216006187 938402670 3255
976280215 930423313 2657
510298792 522157879 457
1381679974 813678579 1600
1445958365 891468246 429
522157879 1534053812 2051
1070522664 1875194418 2757
515535053 487560522 2781
1634175126 1110514106 2842
484617069 1952525500 2294
1439924018 1944822871 2433
882002837 682602005 140
930423313 30772608 3032
1875194418 930423313 1618
938402670 1668765576 184
1593170316 1216006187 1705
94518534 1073042033 1850
750085240 563072601 1383
294565899 1521586612 2847
670434536 1952525500 2164
1216006187 1370303779 2049
732186439 522157879 3076
1445958365 104686291 1247
1445958365 1381679974 391
294565899 1110514106 1026
85079240 1070522664 51
423927741 891468246 1390
682602005 1268294611 112
820334879 1216006187 842
732186439 1657271921 132
924800194 1268294611 404
1381679974 1049232907 2831
407870077 1923748080 1685
294565899 826915792 547
550517842 118934036 1145
1216006187 603180223 3376
510298792 670434536 436
1593055151 57481505 2315
413207615 1668765576 3330
1314476313 64561552 2909
1834734438 1110514106 1249
94518534 1805228471 182
882002837 750085240 2310
522157879 732186439 321
603180223 670434536 3215
1944822871 732186439 1967
1568416195 938402670 3176
1917656535 441615840 1931
94518534 1381679974 703
413207615 1750758191 115
906247216 1210247386 2766
874831854 1133084090 660
930423313 976280215 1180
294565899 1314476313 3283
1210247386 1805228471 2893
515535053 1070522664 2769
938402670 484617069 792
726112610 732186439 66
1314476313 1668765576 3026
820334879 470165453 3262
329770735 820334879 1015
550517842 510298792 2970
1070522664 1834734438 1668
198687585 976280215 940
1110514106 1439924018 1222
1834734438 1049232907 1770
1370303779 603180223 2882
122457831 1747012684 2464
725630318 1124217844 2186
750085240 711151618 1752
1070522664 750085240 1330
441615840 1188271318 1975
1571770717 122457831 1009
522157879 1191798634 843
1210247386 726112610 2485
550517842 603180223 2980
1307899370 1353036540 2496
122457831 1863723725 1687
145722470 1834734438 664
461011780 750085240 1810
1133084090 1923748080 2572
57481505 94518534 1004
123218110 882002837 2040
1571770717 737713937 2288
86794320 1944822871 1722
123218110 750085240 2574
906247216 1353036540 2889
631605646 737713937 1960
1268294611 1186034144 2494
1268294611 441615840 2265
1593055151 294565899 1380
145722470 1210247386 807
413207615 726112610 3047
1568416195 1668765576 2060
1124217844 1133084090 3135
484617069 123218110 1720
449609463 1750758191 1105
1944822871 1834734438 2711
930423313 122457831 2823
30772608 726112610 480
57481505 461011780 3244
122457831 423927741 757
1460560549 1307899370 2947
85079240 1917656535 3093
726112610 423927741 855
1750758191 122457831 3252
510298792 104686291 2918
1124217844 1657271921 1228
85079240 1381679974 3207
1923748080 906247216 3128
470165453 1191798634 2480
891468246 522157879 2225
1944822871 930423313 477
981720889 118934036 2007
711151618 1834734438 2513
1521586612 737713937 2278
294565899 1188271318 1427
522157879 461011780 1558
294565899 701586906 1533
981720889 874831854 2588
1210247386 924800194 65
1268294611 487560522 2855
522157879 118934036 912
449609463 515535053 2692
563072601 1952525500 1314
1952525500 1568416195 355
94518534 906247216 874
449609463 1568416195 1714
1186034144 1216006187 221
603180223 874831854 505
86794320 449609463 1433
1923748080 104686291 3027
104686291 441615840 1353
1188271318 484617069 3368
1593055151 1593055151 2178
711151618 1110514106 272
484617069 1216006187 1237
1188271318 1634175126 1127
891468246 1912626311 2558
1657271921 407870077 332
820334879 1747012684 1716
1912626311 1805228471 2451
874831854 522157879 2097
1070522664 1381679974 1980
1747012684 976280215 2611
487560522 1070522664 1543
1747012684 294565899 1129
924800194 711151618 1101
1681502225 1521586612 153
1923748080 123218110 1506
701586906 1571770717 1777
874831854 550517842 1932
1307899370 1923748080 2500
85079240 1863723725 397
1805228471 487560522 2250
563072601 1593170316 281
976280215 1593055151 3118
563072601 1805228471 1808
1460560549 563072601 2197
1186034144 1923748080 1593
423927741 470165453 516
487560522 981720889 1395
1268294611 1571770717 2477
423927741 85079240 2595
198687585 461011780 2078
1445958365 1750758191 1290
1917656535 1668765576 671
484617069 1191798634 1298
1381679974 470165453 3033
85079240 122457831 970
737713937 813678579 171
104686291 441615840 2526
1445958365 86794320 2123
1070522664 1912626311 1338
104686291 423927741 2488
1834734438 732186439 1304
1124217844 924800194 524
930423313 1952525500 895
1210247386 123218110 2052
1917656535 820334879 1445
94518534 510298792 3066
820334879 563072601 2915
563072601 826915792 1824
1210247386 701586906 1468
906247216 510298792 384
1681502225 750085240 79
30772608 64561552 2775
1460560549 1917656535 726
1445958365 522157879 2930
86794320 1188271318 2367
631605646 1568416195 1956
1381679974 906247216 2633
906247216 930423313 3085
1952525500 732186439 1550
906247216 1681502225 2479
1747012684 725630318 47
682602005 1314476313 35
470165453 1805228471 2920
725630318 1944822871 2642
1634175126 1439924018 782
461011780 1668765576 1099
1133084090 938402670 791
1216006187 550517842 1199
1460560549 94518534 1629
1307899370 603180223 2956
930423313 1863723725 3303
1593170316 1568416195 3153
603180223 123218110 3250
294565899 423927741 3132
1593170316 1657271921 323
1534053812 30772608 2105
118934036 1439924018 1308
441615840 1439924018 450
563072601 30772608 1489
515535053 1307899370 354
550517842 1657271921 926
484617069 670434536 1201
104686291 924800194 2663
1381679974 1668765576 1463
1681502225 449609463 1523
522157879 515535053 3025
826915792 603180223 1121
123218110 198687585 1828
1370303779 670434536 381
1314476313 1445958365 1192
30772608 737713937 2369
1307899370 30772608 929
750085240 1923748080 941
874831854 1917656535 995
981720889 515535053 1614
461011780 487560522 1024
563072601 1307899370 3240
470165453 1568416195 2901
1439924018 1268294611 2361
682602005 1191798634 3055
1460560549 882002837 96
603180223 1534053812 1078
906247216 1875194418 1513
882002837 882002837 246
1875194418 1210247386 2314
737713937 1634175126 1686
750085240 976280215 1744
1186034144 1593170316 288
1210247386 1188271318 3279
294565899 813678579 20
1657271921 1668765576 2411
981720889 1912626311 1830
1191798634 86794320 1394
413207615 123218110 1882
294565899 1657271921 845
938402670 682602005 1438
726112610 1110514106 232
631605646 563072601 104
726112610 1805228471 188
1110514106 510298792 2454
976280215 198687585 2868
1110514106 64561552 1833
123218110 1952525500 3105
470165453 86794320 3199
1049232907 813678579 1162
670434536 1944822871 3231
407870077 1805228471 1992
118934036 1944822871 1436
484617069 510298792 3365
682602005 1593170316 2639
487560522 1073042033 2429
1593170316 1110514106 1477
484617069 820334879 190
874831854 104686291 685
1912626311 522157879 493
441615840 1381679974 539
1668765576 1917656535 1279
1863723725 104686291 3348
1268294611 510298792 2551
1186034144 30772608 2655
1923748080 1370303779 1135
701586906 1568416195 2100
981720889 906247216 1602
882002837 122457831 3020
1124217844 30772608 1539
1049232907 750085240 526
1124217844 631605646 3377
1353036540 1370303779 1248
1952525500 550517842 1778
484617069 294565899 3024
906247216 413207615 1547
813678579 1216006187 2668
1460560549 981720889 2421
145722470 1191798634 2391
407870077 1186034144 2990
1370303779 1668765576 2443
522157879 1834734438 2054
1124217844 1370303779 238
122457831 737713937 676
522157879 1863723725 602
1747012684 1191798634 1615
1439924018 1370303779 375
882002837 603180223 1747
1353036540 1268294611 2242
1834734438 1805228471 1429
682602005 1750758191 421
1381679974 1210247386 518
550517842 104686291 1635
1534053812 1124217844 799
930423313 1875194418 996
603180223 603180223 2690
737713937 924800194 501
1863723725 1805228471 1283
813678579 413207615 2396
1593055151 813678579 1875
726112610 1593055151 957
1110514106 550517842 1071
294565899 470165453 383
732186439 1439924018 1577
449609463 1191798634 1220
813678579 86794320 194
413207615 407870077 2006
30772608 1521586612 584
413207615 123218110 1483
1186034144 1216006187 2171
1049232907 118934036 1725
294565899 874831854 2389
1944822871 461011780 3094
1875194418 1216006187 2934
122457831 484617069 469
682602005 1073042033 881
1186034144 1568416195 2410
882002837 1923748080 2965
1073042033 1210247386 747
1917656535 1834734438 1174
461011780 145722470 3367
874831854 813678579 2694
882002837 198687585 483
1917656535 874831854 1049
670434536 1952525500 937
1875194418 682602005 1003
441615840 1460560549 548
484617069 1124217844 1724
1445958365 423927741 614
1634175126 563072601 819
603180223 874831854 1406
670434536 1805228471 3189
1668765576 826915792 1038
515535053 1863723725 1658
1216006187 924800194 205
1668765576 294565899 894
407870077 122457831 961
1863723725 198687585 2849
407870077 441615840 2688
1073042033 1186034144 2322
1049232907 670434536 2414
1747012684 1216006187 2062
924800194 930423313 2744
145722470 1445958365 1885
1534053812 1460560549 446
1268294611 820334879 890
906247216 874831854 3115
1216006187 123218110 2471
976280215 1353036540 2748
682602005 145722470 2854
198687585 701586906 2170
1681502225 1268294611 183
732186439 94518534 3145
981720889 1353036540 3369
930423313 1681502225 1493
1049232907 64561552 809
1049232907 1521586612 2083
1216006187 981720889 1574
1210247386 726112610 2138
1353036540 94518534 954
1110514106 1110514106 2211
123218110 1439924018 1428
1216006187 1460560549 1552
1952525500 1863723725 1307
57481505 1268294611 687
1381679974 874831854 2610
820334879 1460560549 2448
1073042033 1805228471 2190
813678579 1863723725 2301
550517842 981720889 527
1668765576 1944822871 2009
1268294611 924800194 2415
670434536 1834734438 1281
930423313 930423313 3338
550517842 461011780 2787
1070522664 145722470 385
1634175126 820334879 1378
329770735 329770735 2244
94518534 1944822871 2895
1923748080 1133084090 486
563072601 930423313 1210
1049232907 550517842 27
874831854 711151618 2407
122457831 1952525500 2106
631605646 104686291 1265
670434536 484617069 2335
826915792 1381679974 2943
198687585 487560522 975
1191798634 1049232907 976
1186034144 1268294611 2193
874831854 1747012684 2798
1805228471 1268294611 1536
484617069 1070522664 11
976280215 413207615 857
1571770717 122457831 3291
461011780 670434536 3122
1070522664 732186439 2783
86794320 682602005 378
1070522664 826915792 2671
413207615 1381679974 15
1944822871 85079240 1400
976280215 470165453 259
461011780 1445958365 2157
882002837 1593170316 2128
711151618 682602005 2557
732186439 329770735 1481
1210247386 1188271318 1567
30772608 487560522 1957
820334879 563072601 3059
64561552 86794320 743
1133084090 1070522664 179
441615840 1944822871 2185
1952525500 906247216 999
1875194418 1049232907 2702
294565899 1186034144 54
64561552 1912626311 237
550517842 1370303779 831
441615840 1805228471 1007
1593170316 1593055151 1651
64561552 1070522664 988
122457831 981720889 1335
1668765576 882002837 896
1521586612 1314476313 2829
1268294611 1124217844 1916
1750758191 1834734438 3211
198687585 510298792 3172
104686291 682602005 3213
750085240 85079240 106
522157879 64561552 1190
882002837 123218110 2665
461011780 57481505 2870
1593055151 976280215 794
1188271318 1186034144 2318
1307899370 1912626311 2594
294565899 522157879 2830
329770735 981720889 2325
930423313 57481505 613
1210247386 891468246 56
1439924018 484617069 48
1571770717 1216006187 1637
522157879 30772608 2263
1747012684 423927741 380
631605646 750085240 1229
123218110 1917656535 2780
515535053 924800194 1008
701586906 1571770717 2374
701586906 1460560549 3317
145722470 603180223 2099
1381679974 1863723725 1591
550517842 701586906 3133
1353036540 1634175126 417
725630318 1863723725 3063
631605646 550517842 3109
1805228471 1521586612 579
1917656535 64561552 2568
631605646 1593170316 876
631605646 413207615 449
1571770717 981720889 540
1923748080 906247216 1094
1875194418 1747012684 1962
329770735 515535053 880
1571770717 510298792 596
930423313 487560522 2593
85079240 924800194 883
1370303779 198687585 2675
122457831 711151618 2598
874831854 813678579 2249
976280215 1534053812 1061
1944822871 85079240 2937
1944822871 86794320 2643
563072601 1070522664 2550
122457831 1657271921 2400
1049232907 449609463 517
85079240 682602005 2913
441615840 1370303779 1059
1370303779 1110514106 1169
1668765576 1124217844 1515
906247216 1381679974 1796
701586906 1593170316 3121
874831854 1593170316 211
550517842 930423313 2020
487560522 924800194 44
550517842 94518534 97
1747012684 1912626311 418
470165453 563072601 433
1268294611 515535053 1846
123218110 1668765576 316
1747012684 1657271921 298
1593055151 1747012684 2837
86794320 487560522 2219
515535053 1912626311 979
461011780 981720889 2523
976280215 413207615 1358
711151618 1133084090 335
510298792 413207615 3280
938402670 30772608 2721
423927741 57481505 2726
484617069 1133084090 594
1952525500 725630318 3344
122457831 122457831 1688
522157879 118934036 608
711151618 701586906 638
1216006187 711151618 426
122457831 1370303779 710
725630318 1863723725 364
938402670 725630318 1231
1439924018 118934036 146
1923748080 726112610 753
1668765576 737713937 805
550517842 1634175126 3230
906247216 294565899 3331
94518534 1191798634 2382
423927741 85079240 2960
104686291 57481505 1505
1070522664 1657271921 2289
461011780 1747012684 3185
1268294611 1070522664 3000
924800194 711151618 2954
1210247386 820334879 2767
1747012684 1314476313 503
938402670 1634175126 1930
1923748080 1124217844 1043
682602005 1681502225 19
1917656535 1216006187 2353
329770735 1568416195 3095
874831854 930423313 535
1863723725 1593055151 23
1944822871 906247216 1568
1571770717 1681502225 2844
550517842 1747012684 2707
1923748080 1834734438 80
1460560549 461011780 1921
64561552 522157879 1252
1460560549 1912626311 1627
1307899370 1912626311 3175
515535053 1216006187 1546
94518534 1370303779 690
1657271921 1133084090 3159
1912626311 104686291 2816
1747012684 1952525500 1196
813678579 64561552 2413
118934036 57481505 797
1634175126 1534053812 462
682602005 1593170316 1411
1460560549 470165453 3181
1188271318 1216006187 1884
1216006187 522157879 445
1634175126 510298792 2935
1923748080 701586906 2341
413207615 145722470 1961
1370303779 938402670 601
725630318 1073042033 1873
1952525500 515535053 575
85079240 1268294611 131
1191798634 1353036540 1474
726112610 631605646 1244
1750758191 1534053812 2233
976280215 522157879 1844
737713937 1445958365 1357
924800194 86794320 3375
603180223 670434536 1319
1314476313 1381679974 1356
294565899 198687585 411
441615840 1439924018 2524
85079240 820334879 1693
981720889 64561552 618
981720889 123218110 785
737713937 820334879 506
1952525500 563072601 1826
1750758191 522157879 1239
1944822871 1460560549 801
123218110 1353036540 2290
64561552 1593170316 2158
1521586612 470165453 1329
1381679974 104686291 893
1917656535 449609463 737
484617069 461011780 1924
603180223 938402670 3222
682602005 423927741 643
711151618 1521586612 3214
631605646 64561552 1173
123218110 711151618 1852
670434536 1681502225 2299
826915792 1681502225 236
85079240 461011780 1785
449609463 1875194418 2192
930423313 104686291 434
1657271921 522157879 603
826915792 820334879 1164
1917656535 522157879 1115
1952525500 1353036540 3006
1133084090 118934036 2022
1875194418 294565899 1018
1133084090 1912626311 1941
487560522 1917656535 2465
407870077 820334879 1181
882002837 1210247386 3350
487560522 1216006187 2221
86794320 725630318 247
1381679974 510298792 1496
631605646 701586906 3179
1571770717 487560522 3204
882002837 441615840 605
750085240 1216006187 808
329770735 1534053812 1000
1834734438 1863723725 1323
1049232907 1381679974 2532
976280215 423927741 2622
1534053812 1216006187 3031
906247216 329770735 2691
1133084090 1370303779 2656
1307899370 470165453 1579
813678579 484617069 1734
1460560549 145722470 2940
550517842 891468246 248
1133084090 441615840 240
1805228471 329770735 3022
145722470 891468246 1849
1210247386 750085240 3054
1133084090 1593055151 555
1186034144 1191798634 307
1353036540 1917656535 1315
1571770717 407870077 1727
938402670 670434536 2321
1912626311 487560522 1447
1521586612 701586906 1449
1944822871 938402670 655
94518534 1070522664 1645
85079240 1307899370 4
487560522 906247216 2887
1216006187 906247216 34
104686291 1944822871 3241
1923748080 1912626311 905
64561552 930423313 1500
924800194 711151618 2545
522157879 1314476313 3363
670434536 737713937 2997
1049232907 1834734438 3021
515535053 550517842 437
981720889 1133084090 1632
1049232907 1863723725 2910
57481505 1805228471 2269
515535053 924800194 3064
1268294611 198687585 1910
882002837 1923748080 1914
470165453 441615840 14
682602005 1805228471 1010
1133084090 1944822871 1626
487560522 522157879 2926
1944822871 682602005 2344
938402670 1875194418 2213
515535053 407870077 1440
1124217844 85079240 59
145722470 976280215 899
1353036540 1863723725 1309
1049232907 85079240 474
461011780 737713937 1874
294565899 122457831 556
1863723725 1186034144 3295
1834734438 711151618 2365
670434536 1110514106 3089
1634175126 484617069 2988
1314476313 1593170316 1494
522157879 1070522664 386
1439924018 725630318 2720
1534053812 906247216 2942
930423313 726112610 1012
670434536 1917656535 1079
1534053812 329770735 2782
1186034144 1834734438 1289
1049232907 976280215 261
1912626311 1750758191 514
1353036540 64561552 2332
1593055151 1593055151 913
64561552 1370303779 692
1668765576 1834734438 16
484617069 1381679974 1841
104686291 423927741 320
198687585 1049232907 617
906247216 1750758191 760
603180223 1216006187 3078
515535053 550517842 1719
1571770717 1681502225 1976
441615840 725630318 1772
726112610 57481505 30
487560522 1952525500 217
1875194418 145722470 2333
515535053 682602005 305
1216006187 1534053812 1191
1049232907 976280215 1896
1521586612 449609463 1306
122457831 1521586612 1272
1634175126 1307899370 2026
1381679974 1381679974 568
145722470 563072601 1441
1268294611 1944822871 800
732186439 1917656535 511
470165453 64561552 754
1439924018 550517842 1883
515535053 104686291 2834
891468246 118934036 135
1381679974 522157879 1268
1133084090 1952525500 3035
930423313 329770735 1937
550517842 1912626311 599
1307899370 1188271318 2375
1460560549 726112610 997
1049232907 891468246 3154
682602005 726112610 3248
603180223 510298792 1984
1668765576 86794320 572
882002837 94518534 2168
1534053812 1571770717 917
1593170316 1681502225 322
1747012684 449609463 3039
737713937 522157879 2120
1952525500 1747012684 1486
64561552 882002837 1021
1593170316 874831854 888
1593055151 64561552 2908
484617069 1593055151 3233
670434536 294565899 3278
118934036 515535053 852
711151618 1593055151 2629
1268294611 603180223 923
1952525500 1593055151 407
461011780 1216006187 2709
976280215 1834734438 43
1124217844 726112610 922
1634175126 423927741 2806
1834734438 30772608 168
329770735 725630318 2518
726112610 1186034144 2350
104686291 461011780 663
94518534 603180223 1029
820334879 1133084090 739
294565899 603180223 1104
1668765576 1521586612 2057
1439924018 86794320 565
891468246 470165453 3156
1923748080 1268294611 847
1634175126 1593170316 441
1747012684 1191798634 396
510298792 118934036 3234
441615840 1875194418 1296
1634175126 1657271921 1439
1073042033 1133084090 1423
701586906 1521586612 1375
1353036540 1381679974 854
726112610 1070522664 1969
329770735 891468246 765
1568416195 1073042033 1090
1049232907 820334879 161
1210247386 1110514106 3191
725630318 122457831 2259
711151618 1073042033 499
1460560549 1912626311 3164
701586906 938402670 3087
449609463 57481505 1670
198687585 725630318 709
1668765576 57481505 419
423927741 423927741 1352
826915792 294565899 2253
1571770717 104686291 2631
1750758191 487560522 2378
413207615 1917656535 2504
1381679974 407870077 2519
1070522664 1875194418 3219
294565899 1070522664 2985
1805228471 1571770717 84
30772608 1747012684 3249
976280215 820334879 2505
407870077 891468246 633
550517842 407870077 1861
930423313 1834734438 1607
1370303779 198687585 1376
1216006187 1110514106 1692
1268294611 1863723725 1864
294565899 930423313 3171
930423313 123218110 3101
711151618 1834734438 165
1747012684 1571770717 1066
1268294611 1268294611 1141
976280215 1521586612 154
122457831 484617069 1126
413207615 1049232907 343
1049232907 1568416195 2514
1923748080 906247216 1006
461011780 976280215 328
1186034144 1747012684 634
522157879 515535053 611
1571770717 732186439 823
820334879 57481505 2345
701586906 701586906 1111
550517842 631605646 170
515535053 930423313 2704
1210247386 563072601 3090
413207615 413207615 2068
118934036 725630318 1779
145722470 294565899 324
64561552 1657271921 213
726112610 515535053 1291
1110514106 670434536 507
294565899 198687585 853
1863723725 94518534 2646
820334879 1681502225 846
1110514106 631605646 502
732186439 701586906 3247
1268294611 1917656535 2072
682602005 550517842 981
750085240 1110514106 2337
938402670 423927741 882
1314476313 413207615 3083
1353036540 423927741 2949
484617069 1912626311 2827
1370303779 1521586612 1516
726112610 1952525500 130
1863723725 118934036 2978
1124217844 1944822871 972
413207615 413207615 2853
882002837 732186439 576
603180223 1571770717 2731
1668765576 413207615 824
826915792 1521586612 2777
938402670 981720889 959
1049232907 57481505 2768
1593055151 882002837 3218
57481505 563072601 1478
1747012684 441615840 3003
1917656535 1133084090 1204
1668765576 732186439 1224
86794320 976280215 3324
711151618 711151618 2507
891468246 1568416195 2484
813678579 631605646 1256
1912626311 1381679974 590
1110514106 1750758191 945
407870077 1834734438 1610
1186034144 1681502225 2121
750085240 413207615 1242
711151618 515535053 1792
924800194 294565899 986
64561552 86794320 2555
1534053812 1521586612 3340
906247216 1593055151 2256
1070522664 104686291 3289
487560522 122457831 472
510298792 906247216 2977
441615840 1657271921 1098
550517842 1073042033 85
198687585 670434536 1901
1445958365 1634175126 1952
294565899 104686291 1522
1923748080 1124217844 1554
64561552 930423313 1443
484617069 976280215 2612
737713937 874831854 1981
1593170316 1571770717 1399
1307899370 924800194 1704
711151618 1188271318 3188
470165453 1875194418 1163
449609463 329770735 1768
1370303779 522157879 980
1750758191 701586906 3259
874831854 1049232907 2553
522157879 924800194 2548
1216006187 1917656535 1120
1353036540 726112610 3238
924800194 64561552 2462
1353036540 1381679974 606
470165453 104686291 1381
64561552 1952525500 2755
441615840 1188271318 2697
1593055151 1124217844 133
57481505 515535053 3091
1216006187 294565899 3178
1593170316 1314476313 2958
930423313 1381679974 447
682602005 1593055151 2817
813678579 1912626311 1217
1210247386 413207615 222
1521586612 104686291 1345
487560522 1634175126 2850
732186439 515535053 1187
487560522 57481505 3271
1186034144 449609463 825
725630318 1571770717 1435
198687585 725630318 838
1133084090 1186034144 1887
732186439 1657271921 1571
1657271921 1593055151 2502
1568416195 874831854 53
1634175126 407870077 1122
550517842 1110514106 1684
1049232907 603180223 2275
563072601 1353036540 529
1110514106 1593055151 850
726112610 682602005 2167
1681502225 94518534 2320
1186034144 1944822871 2517
737713937 1923748080 622
1923748080 1210247386 2298
1634175126 1353036540 2916
122457831 104686291 543
122457831 813678579 1944
441615840 1268294611 2730
1370303779 813678579 491
123218110 1353036540 337
1750758191 820334879 1920
1070522664 1073042033 2274
820334879 1952525500 978
1124217844 1073042033 598
487560522 57481505 811
1460560549 924800194 2624
906247216 423927741 91
104686291 1834734438 720
515535053 682602005 1
938402670 470165453 2252
413207615 470165453 1926
461011780 1952525500 924
1863723725 1110514106 201
487560522 981720889 2948
670434536 85079240 2469
86794320 1381679974 1963
550517842 487560522 982
198687585 461011780 589
1070522664 906247216 21
1521586612 522157879 762
563072601 1521586612 2729
1186034144 1657271921 1017
1186034144 487560522 804
813678579 725630318 2564
1593055151 1314476313 878
1370303779 1370303779 270
726112610 820334879 2220
976280215 123218110 206
1070522664 1657271921 767
1070522664 826915792 1040
1657271921 732186439 1391
1110514106 1439924018 1360
1571770717 1314476313 1847
930423313 1353036540 826
701586906 1439924018 2924
737713937 1268294611 2478
1188271318 1534053812 2379
1923748080 737713937 2627
1634175126 1863723725 2565
1439924018 118934036 2313
423927741 1534053812 2452
1805228471 1875194418 1369
1534053812 145722470 444
1568416195 682602005 873
487560522 441615840 466
930423313 1834734438 2203
441615840 732186439 746
725630318 1657271921 2319
938402670 1634175126 1134
1070522664 1353036540 1263
976280215 1073042033 2628
461011780 1747012684 1986
891468246 891468246 2420
732186439 1657271921 1320
550517842 461011780 2658
725630318 1110514106 3040
891468246 1634175126 1913
1439924018 94518534 1933
1534053812 737713937 125
57481505 981720889 1331
294565899 522157879 1511
1875194418 470165453 5
938402670 1747012684 143
