770 7
433394536 1213099939 426
450324890 1693561987 34
1726684092 1973888064 715
1973888064 1682378175 593
463830657 1109890367 332
746384367 1693561987 308
746384367 1682378175 83
1632834572 1726684092 496
1693561987 256900742 50
450324890 450324890 613
753536677 1973888064 552
44096094 1973888064 549
463830657 256900742 26
746384367 941012945 242
128371865 1960160956 357
433394536 463830657 746
1109890367 256900742 199
1102325620 433394536 128
92916744 92916744 224
518549249 44096094 765
1960160956 1960160956 405
1269040869 1693561987 607
1102325620 1693561987 550
746384367 518549249 246
1208028542 518549249 535
518549249 753536677 186
128371865 92916744 611
746384367 119297839 732
1693561987 433394536 58
114860751 1632834572 707
1102325620 1973888064 738
119297839 1102325620 522
119297839 114860751 457
518549249 1213099939 730
128371865 518549249 747
518549249 1632834572 643
1208028542 1213099939 710
1973888064 92916744 111
731190270 746384367 103
1109890367 44096094 219
450324890 753536677 193
1726684092 1726684092 247
256900742 941012945 348
518549249 941012945 543
119297839 1726684092 700
463830657 1960160956 641
731190270 941012945 277
1693561987 433394536 447
1213099939 114860751 586
1726684092 128371865 601
450324890 92916744 143
1973888064 1960160956 76
753536677 518549249 39
119297839 1109890367 721
1269040869 1682378175 547
450324890 1213099939 718
518549249 731190270 98
433394536 1682378175 218
433394536 746384367 509
433394536 753536677 383
1102325620 450324890 728
128371865 941012945 584
731190270 941012945 478
1726684092 746384367 531
731190270 119297839 13
1693561987 731190270 292
1682378175 1213099939 168
114860751 1208028542 534
1269040869 1109890367 492
44096094 1269040869 185
1682378175 1632834572 589
463830657 114860751 3
746384367 450324890 305
1973888064 128371865 16
1269040869 753536677 197
92916744 518549249 167
1960160956 450324890 245
433394536 463830657 265
44096094 753536677 758
128371865 1213099939 424
433394536 1682378175 682
1102325620 119297839 285
1213099939 1109890367 311
256900742 1693561987 169
1693561987 1269040869 557
128371865 128371865 455
1102325620 1102325620 597
44096094 1208028542 377
44096094 1726684092 563
518549249 746384367 295
1693561987 1109890367 129
1109890367 92916744 266
433394536 450324890 741
1960160956 753536677 282
1269040869 1973888064 52
433394536 92916744 206
463830657 119297839 198
1213099939 731190270 497
114860751 1208028542 463
450324890 746384367 615
1213099939 433394536 749
433394536 463830657 211
1726684092 119297839 315
518549249 433394536 507
463830657 1973888064 561
92916744 518549249 391
731190270 731190270 232
746384367 450324890 122
44096094 753536677 452
1102325620 1726684092 102
518549249 1109890367 731
746384367 1102325620 279
1693561987 1109890367 220
753536677 518549249 258
1208028542 1726684092 466
1109890367 433394536 532
119297839 731190270 325
463830657 44096094 192
1109890367 128371865 637
44096094 1102325620 428
450324890 1269040869 151
1693561987 1632834572 734
941012945 256900742 288
44096094 1208028542 656
941012945 1693561987 326
1973888064 1269040869 620
114860751 1269040869 629
1973888064 1960160956 261
518549249 256900742 599
1213099939 450324890 425
731190270 114860751 343
463830657 731190270 319
128371865 128371865 278
128371865 256900742 473
433394536 941012945 485
1109890367 753536677 293
256900742 1726684092 464
753536677 746384367 229
114860751 941012945 501
256900742 941012945 434
731190270 1682378175 562
1973888064 1102325620 438
1213099939 114860751 382
1726684092 1726684092 29
1693561987 1726684092 316
1208028542 450324890 685
92916744 1632834572 97
1213099939 114860751 636
1726684092 1973888064 461
128371865 1726684092 439
731190270 753536677 565
753536677 433394536 440
433394536 1213099939 118
518549249 1973888064 59
1726684092 1682378175 80
433394536 1109890367 321
433394536 1102325620 69
433394536 731190270 263
1960160956 518549249 313
753536677 463830657 337
518549249 1632834572 454
1102325620 1269040869 548
463830657 753536677 459
92916744 1632834572 436
463830657 1102325620 711
1269040869 1973888064 760
256900742 1693561987 205
92916744 1109890367 379
1208028542 1213099939 392
433394536 119297839 573
463830657 1208028542 363
1269040869 1102325620 54
731190270 1213099939 423
1973888064 1632834572 183
450324890 44096094 390
1973888064 518549249 125
1632834572 731190270 512
1726684092 128371865 744
731190270 1693561987 248
518549249 1682378175 580
1213099939 433394536 374
1213099939 731190270 136
1213099939 1682378175 669
731190270 1726684092 539
1269040869 753536677 7
1632834572 119297839 487
433394536 1682378175 86
1726684092 1269040869 435
114860751 450324890 481
1973888064 119297839 743
1632834572 463830657 72
119297839 1632834572 171
1726684092 518549249 576
1726684092 1960160956 500
1693561987 1109890367 320
114860751 1726684092 281
1213099939 1102325620 705
1632834572 1693561987 616
128371865 92916744 678
1213099939 753536677 327
114860751 1109890367 87
1682378175 1726684092 626
1726684092 1213099939 353
128371865 1102325620 474
1213099939 1102325620 726
433394536 1102325620 446
1109890367 1213099939 462
1960160956 1726684092 484
1208028542 746384367 274
731190270 518549249 617
128371865 1208028542 297
128371865 119297839 365
1632834572 1632834572 748
746384367 463830657 612
1682378175 463830657 22
44096094 92916744 233
114860751 1973888064 664
119297839 1632834572 216
463830657 1632834572 19
1693561987 1632834572 255
1208028542 1726684092 244
1208028542 1109890367 113
1726684092 1109890367 106
1208028542 1213099939 644
1213099939 463830657 530
1213099939 1693561987 336
114860751 92916744 177
518549249 119297839 96
1269040869 746384367 201
1213099939 1973888064 408
1213099939 256900742 713
256900742 753536677 89
450324890 1208028542 273
1726684092 44096094 649
1213099939 1682378175 420
114860751 463830657 238
518549249 44096094 614
1213099939 450324890 155
1682378175 92916744 537
1208028542 114860751 694
1960160956 119297839 115
1960160956 463830657 12
746384367 1632834572 289
44096094 92916744 360
941012945 128371865 621
433394536 1109890367 753
1208028542 433394536 703
1960160956 746384367 329
1109890367 1213099939 14
92916744 746384367 554
746384367 433394536 518
1102325620 1632834572 476
746384367 44096094 652
44096094 256900742 107
1109890367 518549249 223
731190270 731190270 448
1682378175 746384367 20
256900742 450324890 291
256900742 1632834572 79
433394536 518549249 182
1632834572 746384367 51
1632834572 450324890 727
1213099939 1213099939 131
746384367 1693561987 227
1632834572 518549249 684
1960160956 463830657 109
518549249 1693561987 196
1213099939 1973888064 194
1269040869 433394536 312
1693561987 433394536 6
1102325620 1109890367 736
1693561987 1960160956 556
1973888064 450324890 544
1960160956 518549249 318
1693561987 44096094 416
518549249 731190270 594
1682378175 753536677 33
1213099939 1208028542 367
119297839 1632834572 635
44096094 1693561987 21
119297839 1682378175 645
114860751 44096094 681
1208028542 1102325620 627
753536677 1632834572 66
92916744 518549249 600
1269040869 433394536 609
746384367 44096094 117
1726684092 1682378175 139
450324890 1213099939 356
731190270 92916744 162
1109890367 1693561987 409
1726684092 1682378175 491
1973888064 731190270 77
1632834572 1109890367 322
1102325620 1973888064 663
1632834572 746384367 358
518549249 518549249 422
746384367 1102325620 431
256900742 1682378175 515
1726684092 518549249 486
1102325620 1102325620 756
1693561987 1726684092 745
433394536 114860751 355
1973888064 1213099939 138
128371865 1960160956 475
518549249 114860751 55
731190270 1693561987 483
450324890 941012945 93
1726684092 753536677 40
433394536 753536677 443
1682378175 1682378175 8
1726684092 114860751 482
1632834572 256900742 314
518549249 518549249 470
1973888064 1682378175 740
1726684092 1269040869 62
450324890 119297839 373
1960160956 753536677 213
1632834572 941012945 520
1269040869 450324890 697
128371865 114860751 286
1960160956 1109890367 506
518549249 1208028542 25
753536677 450324890 691
450324890 1632834572 618
92916744 731190270 698
1973888064 1109890367 541
128371865 256900742 74
753536677 1208028542 272
1682378175 941012945 18
44096094 92916744 130
1693561987 1269040869 65
256900742 1682378175 120
1726684092 1102325620 453
746384367 450324890 75
114860751 1269040869 287
119297839 731190270 1
941012945 1102325620 191
1693561987 753536677 150
1693561987 753536677 2
119297839 128371865 412
92916744 433394536 127
128371865 463830657 202
92916744 1693561987 403
1682378175 1102325620 524
450324890 44096094 555
1973888064 1213099939 567
746384367 1269040869 674
114860751 1682378175 84
731190270 433394536 394
92916744 114860751 704
450324890 1726684092 683
1208028542 1682378175 189
1213099939 518549249 673
1973888064 1109890367 396
753536677 1102325620 175
44096094 746384367 251
518549249 44096094 757
1693561987 128371865 38
1973888064 1693561987 712
1109890367 1726684092 68
1269040869 119297839 144
1693561987 256900742 234
941012945 92916744 407
1269040869 1102325620 142
753536677 1682378175 639
92916744 1102325620 421
433394536 450324890 49
1102325620 256900742 722
1208028542 450324890 393
753536677 450324890 310
1973888064 1269040869 153
44096094 1726684092 468
941012945 463830657 148
433394536 1973888064 44
463830657 731190270 479
119297839 1102325620 27
1208028542 92916744 410
746384367 746384367 257
1109890367 1208028542 387
433394536 44096094 508
941012945 1973888064 750
1960160956 1102325620 349
92916744 256900742 200
941012945 256900742 370
433394536 256900742 511
941012945 746384367 290
1109890367 114860751 267
1682378175 128371865 445
92916744 114860751 430
114860751 1269040869 655
1682378175 256900742 724
92916744 114860751 588
1693561987 256900742 575
128371865 1632834572 545
1109890367 1208028542 126
941012945 433394536 517
731190270 450324890 717
44096094 941012945 429
1693561987 1269040869 256
463830657 92916744 137
128371865 92916744 654
44096094 92916744 581
1682378175 1632834572 184
1973888064 1726684092 243
256900742 518549249 250
1632834572 92916744 490
119297839 1973888064 221
1693561987 1213099939 147
114860751 433394536 123
92916744 1208028542 559
128371865 941012945 735
1960160956 1973888064 70
256900742 1726684092 170
1109890367 450324890 334
114860751 128371865 324
92916744 1973888064 294
92916744 114860751 754
114860751 114860751 10
1960160956 518549249 161
119297839 1682378175 560
1693561987 753536677 659
753536677 753536677 4
746384367 256900742 284
450324890 518549249 30
941012945 128371865 631
1269040869 128371865 417
44096094 44096094 660
1269040869 746384367 465
753536677 731190270 158
256900742 1973888064 709
256900742 1102325620 275
450324890 450324890 190
1726684092 256900742 260
128371865 746384367 719
433394536 119297839 625
1682378175 1693561987 467
941012945 1102325620 742
1726684092 753536677 503
1973888064 1213099939 156
114860751 114860751 180
1213099939 1269040869 628
1960160956 1269040869 347
1213099939 256900742 650
518549249 1109890367 495
753536677 1682378175 648
128371865 731190270 679
463830657 1726684092 63
518549249 941012945 432
1726684092 114860751 209
731190270 1973888064 489
1973888064 256900742 384
1109890367 1109890367 471
92916744 1213099939 521
1960160956 1682378175 269
1726684092 463830657 400
746384367 1632834572 469
1213099939 119297839 688
119297839 119297839 268
1682378175 44096094 95
941012945 433394536 456
433394536 1693561987 558
1693561987 450324890 723
44096094 256900742 53
1726684092 731190270 505
128371865 1213099939 642
1102325620 746384367 686
753536677 1269040869 230
450324890 119297839 340
44096094 1960160956 525
941012945 1269040869 590
92916744 1960160956 605
518549249 44096094 309
1726684092 731190270 350
119297839 44096094 546
753536677 1960160956 583
731190270 1109890367 100
941012945 1693561987 498
731190270 518549249 449
433394536 1682378175 323
256900742 1632834572 386
753536677 463830657 759
450324890 1632834572 514
433394536 1109890367 657
450324890 1109890367 768
1102325620 1726684092 399
463830657 1682378175 280
119297839 1960160956 569
114860751 433394536 60
1682378175 92916744 592
746384367 941012945 306
1102325620 1960160956 458
518549249 1269040869 114
1726684092 1693561987 380
753536677 1960160956 402
433394536 1693561987 160
256900742 1693561987 300
92916744 941012945 165
1208028542 746384367 516
1269040869 463830657 604
518549249 1726684092 513
433394536 92916744 767
1632834572 1213099939 755
433394536 941012945 427
433394536 1632834572 303
1973888064 941012945 739
1102325620 450324890 172
1102325620 433394536 67
463830657 44096094 210
1208028542 433394536 540
941012945 114860751 725
433394536 753536677 174
114860751 128371865 57
119297839 753536677 591
128371865 1693561987 480
114860751 1208028542 317
1208028542 1973888064 418
753536677 518549249 42
1726684092 1269040869 574
114860751 1102325620 225
450324890 1726684092 714
731190270 941012945 37
518549249 450324890 154
44096094 1726684092 222
1726684092 433394536 159
1693561987 1726684092 568
44096094 1109890367 763
1208028542 518549249 146
753536677 433394536 570
1632834572 1682378175 661
1973888064 1109890367 307
1213099939 450324890 61
433394536 1208028542 296
433394536 463830657 619
1213099939 731190270 671
450324890 941012945 271
1269040869 1269040869 634
450324890 1213099939 529
433394536 1693561987 687
433394536 92916744 45
1682378175 128371865 389
44096094 128371865 404
92916744 731190270 633
1269040869 450324890 761
433394536 44096094 672
463830657 119297839 105
114860751 1682378175 450
119297839 1682378175 630
518549249 753536677 133
256900742 92916744 526
1213099939 433394536 346
128371865 256900742 215
518549249 1208028542 606
1213099939 1960160956 381
44096094 731190270 145
1102325620 44096094 124
1960160956 1682378175 385
256900742 1960160956 301
731190270 1960160956 31
1973888064 119297839 666
119297839 256900742 298
731190270 92916744 333
128371865 746384367 610
1693561987 1208028542 662
114860751 1208028542 338
941012945 1693561987 598
119297839 941012945 523
1960160956 941012945 566
753536677 753536677 17
1213099939 731190270 204
1109890367 1109890367 90
1269040869 941012945 376
1102325620 1213099939 112
1632834572 1973888064 536
119297839 463830657 499
746384367 1726684092 366
128371865 1269040869 176
746384367 256900742 236
128371865 1726684092 299
1632834572 450324890 737
1632834572 450324890 212
128371865 1973888064 762
518549249 1960160956 101
450324890 463830657 359
256900742 753536677 11
256900742 1269040869 585
753536677 1682378175 623
1682378175 1726684092 542
128371865 753536677 46
1693561987 1632834572 157
731190270 1682378175 92
433394536 44096094 330
44096094 1269040869 82
1960160956 1632834572 553
463830657 114860751 676
44096094 1632834572 608
1960160956 256900742 766
256900742 433394536 73
433394536 114860751 587
941012945 518549249 173
128371865 92916744 437
119297839 1632834572 603
1973888064 463830657 203
1213099939 1208028542 119
1213099939 1632834572 241
746384367 1960160956 622
941012945 1102325620 240
731190270 44096094 135
92916744 731190270 415
1213099939 92916744 444
1213099939 44096094 372
1208028542 114860751 302
941012945 1102325620 217
753536677 1102325620 647
1960160956 1682378175 354
1726684092 256900742 395
433394536 1109890367 351
1102325620 433394536 720
1269040869 433394536 331
753536677 731190270 345
119297839 1109890367 187
1102325620 941012945 116
941012945 1632834572 181
941012945 1973888064 207
1960160956 256900742 5
1682378175 1973888064 533
92916744 450324890 397
463830657 518549249 460
746384367 128371865 658
463830657 1682378175 596
731190270 1632834572 706
450324890 731190270 638
1632834572 256900742 577
1213099939 1632834572 239
1632834572 450324890 361
463830657 1208028542 433
256900742 44096094 451
1960160956 746384367 283
1109890367 1208028542 716
92916744 433394536 668
119297839 450324890 228
92916744 1693561987 708
1632834572 1269040869 414
128371865 114860751 253
1693561987 114860751 88
1269040869 1632834572 477
746384367 1693561987 304
128371865 1973888064 702
1102325620 941012945 43
119297839 1213099939 149
1682378175 731190270 680
450324890 1726684092 99
1973888064 92916744 364
1682378175 746384367 632
941012945 1632834572 276
1960160956 1682378175 551
1726684092 1109890367 695
433394536 1109890367 413
114860751 433394536 624
1960160956 1693561987 419
1960160956 450324890 104
1682378175 1973888064 64
119297839 433394536 15
1632834572 450324890 249
463830657 450324890 140
256900742 1726684092 121
1269040869 746384367 163
518549249 256900742 48
1208028542 128371865 519
1109890367 114860751 335
92916744 518549249 502
753536677 753536677 78
1102325620 753536677 510
1726684092 1109890367 208
1973888064 746384367 178
1213099939 128371865 564
114860751 518549249 235
92916744 941012945 582
114860751 1208028542 579
1102325620 1693561987 91
114860751 119297839 602
1213099939 746384367 344
731190270 1213099939 653
119297839 1693561987 179
1102325620 731190270 164
753536677 1682378175 675
941012945 119297839 152
1102325620 1109890367 368
746384367 1973888064 108
433394536 1682378175 472
1269040869 92916744 670
1269040869 941012945 696
256900742 119297839 9
518549249 128371865 690
1973888064 1102325620 770
1109890367 1102325620 528
44096094 746384367 693
1102325620 128371865 270
114860751 1960160956 571
1960160956 746384367 166
731190270 119297839 442
1960160956 1109890367 640
1269040869 256900742 41
753536677 1960160956 71
941012945 1102325620 231
1726684092 1213099939 733
128371865 1726684092 398
450324890 1208028542 352
128371865 941012945 32
114860751 518549249 595
1102325620 746384367 651
1208028542 1726684092 401
256900742 746384367 252
463830657 256900742 47
1682378175 731190270 538
1693561987 1726684092 699
44096094 44096094 81
746384367 92916744 665
1109890367 450324890 35
1973888064 1726684092 23
1726684092 114860751 371
1693561987 1726684092 701
1960160956 1632834572 527
518549249 753536677 339
1269040869 731190270 677
1109890367 256900742 36
941012945 1726684092 388
463830657 1632834572 28
753536677 746384367 195
256900742 731190270 751
731190270 1632834572 692
463830657 114860751 729
1973888064 1213099939 237
1213099939 1208028542 572
1682378175 114860751 488
256900742 731190270 262
1960160956 128371865 110
1726684092 1682378175 504
1109890367 731190270 369
114860751 518549249 406
1213099939 114860751 362
746384367 450324890 764
463830657 119297839 752
1109890367 1973888064 254
1693561987 92916744 689
1682378175 114860751 441
256900742 463830657 411
731190270 128371865 132
753536677 433394536 328
941012945 1208028542 341
1102325620 114860751 188
1208028542 1693561987 226
518549249 1269040869 56
256900742 941012945 578
1960160956 450324890 259
450324890 1109890367 264
753536677 119297839 214
1973888064 433394536 378
433394536 256900742 134
44096094 256900742 667
1632834572 1960160956 342
44096094 114860751 769
433394536 731190270 375
1973888064 463830657 94
463830657 753536677 24
1632834572 433394536 494
1693561987 1726684092 141
114860751 114860751 646
1960160956 450324890 85
44096094 256900742 493
