100 100
100 100 100 100 100 100 100 100 100 100 100 100 100 100 100 100 100 100 100 100 100 100 100 100 100 100 100 100 100 100 100 100 100 100 100 100 100 100 100 100 100 100 100 100 100 100 100 100 100 100 100 100 100 100 100 100 100 100 100 100 100 100 100 100 100 100 100 100 100 100 100 100 100 100 100 100 100 100 100 100 100 100 100 100 100 100 100 100 100 100 100 100 100 100 100 100 100 100 100 100
85 69 73 75 64 13 17 99 25 99 37 99 11 21 2 26 12 5 40 78 99 69 27 50 59 59 8 88 19 68 45 65 80 73 76 55 74 75 27 66 95 41 73 9 69 17 55 53 38 6 26 3 69 26 28 47 25 28 47 57 21 15 84 10 44 53 53 42 96 19 50 86 50 34 74 99 73 62 55 83 24 66 24 56 69 57 42 36 50 85 25 42 63 29 66 66 25 92 64 72
40 79 60 29 50 5 41 32 27 17 95 28 64 7 72 77 91 46 55 12 14 1 27 81 11 55 84 17 10 99 37 37 25 45 13 85 86 15 98 51 72 32 13 24 33 76 64 5 63 66 73 76 88 82 55 94 33 61 34 54 15 26 7 78 53 36 82 83 30 26 62 70 26 38 9 4 87 75 51 54 16 55 47 68 59 56 98 17 12 27 20 57 93 37 54 38 100 58 66 57
66 55 88 82 37 70 46 17 26 21 20 57 54 47 67 46 56 18 35 96 84 78 15 36 11 17 62 0 7 66 97 11 92 36 36 64 85 85 8 27 7 16 55 9 55 76 41 3 79 61 11 99 91 70 2 13 80 78 56 78 63 57 11 96 23 20 74 39 65 88 82 58 53 62 20 3 10 81 54 6 32 25 64 70 31 30 45 3 63 39 19 47 52 67 3 88 19 32 41 56
65 68 56 36 17 100 84 53 80 83 35 99 12 92 27 100 83 44 81 59 97 38 14 1 22 14 47 33 18 2 50 2 79 48 25 30 7 69 36 80 19 95 91 48 41 79 48 26 50 100 28 43 97 21 68 22 82 83 25 13 38 5 44 59 49 1 41 18 15 98 24 2 19 60 49 49 86 5 88 26 7 98 59 71 83 3 32 96 48 72 89 51 92 34 52 8 21 40 84 51
73 49 81 54 54 43 100 7 3 57 41 91 89 26 38 68 44 60 48 12 80 9 96 78 80 41 40 56 36 76 87 89 11 67 92 85 94 52 55 63 63 46 0 90 99 45 73 2 53 16 1 2 15 96 30 62 54 44 92 12 47 13 11 68 15 90 64 7 15 36 12 36 14 72 75 11 52 57 97 49 96 76 59 99 83 24 53 46 79 21 49 51 88 29 44 62 28 7 71 75
88 22 70 71 21 69 37 72 20 90 29 85 70 23 28 81 10 1 15 47 84 28 19 73 93 73 41 44 32 21 86 42 67 38 34 7 54 54 59 2 27 93 64 67 28 6 89 12 2 63 66 9 8 17 50 28 16 82 35 74 25 40 1 27 46 94 72 74 4 23 12 85 98 58 38 15 98 25 63 86 90 4 43 61 36 57 65 62 79 4 0 100 60 13 27 37 69 54 82 28
1 9 98 58 33 70 37 10 89 30 5 28 74 87 32 26 91 22 47 87 99 51 74 24 2 6 19 13 74 99 44 64 39 45 76 55 93 1 88 59 74 68 62 13 61 75 4 13 52 29 11 49 86 1 2 60 47 78 98 77 38 54 54 26 23 72 37 68 83 9 9 81 38 76 84 64 74 68 98 11 60 39 84 43 27 61 98 26 3 42 59 74 78 55 41 49 75 0 16 53
46 83 24 77 75 45 1 23 71 87 39 51 63 75 95 46 83 31 7 41 53 83 69 27 44 52 21 80 61 18 64 87 93 24 99 28 94 43 75 69 11 29 60 84 38 4 7 4 32 78 89 99 62 27 50 12 40 44 89 29 51 95 72 75 25 13 0 0 34 96 5 4 45 5 58 49 79 73 64 82 91 47 52 16 74 59 8 30 54 4 27 26 73 61 5 8 85 4 60 80
95 22 71 35 5 7 86 97 86 94 29 70 90 73 100 69 43 73 23 30 90 46 96 92 52 53 87 37 65 26 97 87 58 41 17 73 8 46 6 7 32 100 48 89 35 59 91 15 78 33 91 35 69 8 96 3 65 73 57 88 22 48 45 1 62 87 33 81 53 83 6 81 13 90 97 21 47 87 67 86 4 71 10 14 33 71 59 76 80 86 99 53 7 73 42 79 4 65 65 28
12 77 22 13 98 61 31 88 33 7 78 40 83 7 39 72 36 42 68 11 99 65 70 85 30 49 54 80 80 80 78 57 14 83 41 20 66 30 41 70 54 51 13 46 25 46 81 24 45 35 20 54 79 68 79 28 57 80 13 96 23 39 66 27 43 77 84 92 68 23 37 25 64 96 44 82 32 100 80 94 2 41 77 7 12 92 15 65 43 24 22 88 25 53 70 78 52 64 88 49
54 18 31 38 25 11 90 12 85 15 36 45 58 61 21 99 61 88 24 49 34 63 94 60 84 56 2 63 18 21 58 100 46 55 16 16 18 64 83 64 34 24 5 22 49 95 24 73 17 38 29 86 92 41 56 22 75 0 34 15 12 37 5 33 5 52 82 49 84 0 21 27 62 26 77 54 10 49 69 45 19 29 85 62 8 16 21 4 8 61 28 16 44 10 62 0 66 88 93 47
52 98 40 30 66 38 8 96 79 96 81 66 15 16 44 15 24 26 93 28 64 44 25 54 97 77 70 56 83 29 8 68 58 69 90 25 66 17 97 58 9 67 52 4 5 76 13 81 75 30 10 26 11 18 94 82 52 55 38 75 18 78 28 45 45 22 35 23 63 96 7 37 63 20 52 95 68 92 45 6 23 37 29 74 1 64 60 12 43 88 63 86 93 49 48 1 100 6 36 33
53 83 22 24 59 97 76 1 18 74 14 47 30 41 98 63 3 99 33 0 49 87 85 93 72 5 49 36 35 74 76 25 33 46 39 40 92 74 97 6 17 36 26 62 14 29 13 79 15 51 22 39 30 0 20 85 17 81 70 77 90 7 75 55 66 27 84 25 89 50 4 48 1 73 25 48 18 7 2 70 50 56 60 39 44 28 14 18 63 94 19 94 84 90 76 75 20 65 64 97
79 76 32 12 60 9 47 75 90 51 71 95 13 14 21 21 20 66 27 82 6 64 47 21 17 95 36 86 77 17 76 5 83 8 17 89 20 73 88 11 94 82 57 39 68 8 75 70 92 92 17 42 57 27 3 3 33 99 25 37 58 56 42 14 2 18 20 22 48 19 48 43 19 98 45 74 73 61 95 91 53 63 1 29 47 53 7 26 12 76 19 5 88 63 84 88 0 21 81 98
13 70 44 10 17 96 86 9 8 88 7 70 51 56 1 72 86 23 58 62 86 2 99 79 63 98 38 80 62 74 83 91 0 14 79 78 82 50 54 11 72 33 36 3 22 50 41 21 66 59 94 27 89 53 59 44 58 20 12 88 5 88 42 63 68 55 19 29 61 84 0 55 25 83 73 7 95 42 57 37 25 3 72 2 97 36 28 36 4 27 57 71 15 13 20 22 17 2 61 0
50 76 72 30 58 70 85 13 84 64 27 94 40 56 25 74 44 93 48 74 55 93 94 45 79 46 17 39 12 47 91 17 55 99 27 26 98 54 81 1 0 69 41 60 76 66 24 89 5 92 4 39 83 22 100 52 73 97 83 5 10 30 62 29 86 64 51 76 62 78 19 3 75 72 48 27 81 85 60 19 2 84 23 44 77 64 0 84 15 68 79 83 33 37 55 45 80 66 94 89
49 68 64 30 62 63 77 25 83 35 70 94 5 12 25 70 2 96 79 12 25 51 5 27 48 95 53 66 29 78 50 97 47 0 84 69 24 99 69 87 32 10 16 91 55 5 25 41 16 82 92 64 91 42 78 61 41 68 59 67 6 99 64 0 97 75 53 29 41 92 45 92 74 0 59 20 22 27 93 44 28 29 0 29 84 91 70 24 19 20 93 28 49 100 5 1 40 79 21 43
52 0 37 60 7 100 48 33 40 35 17 26 75 20 30 8 84 53 28 98 36 56 83 18 49 35 11 8 27 56 6 6 50 49 70 25 86 11 13 49 8 82 71 93 53 36 17 40 31 90 12 91 61 21 68 75 9 39 27 43 36 30 46 68 42 17 44 44 8 62 87 64 22 58 87 2 59 3 19 87 45 30 47 10 47 67 12 26 1 58 72 12 75 71 79 20 4 85 30 69
24 36 97 71 90 82 16 70 40 43 77 82 72 86 92 23 0 72 26 41 95 72 60 23 16 75 31 36 52 24 40 88 11 20 87 79 65 67 35 28 20 35 3 12 65 52 94 3 2 83 46 99 13 54 3 52 47 37 1 39 70 95 49 45 26 33 29 92 17 6 45 9 86 5 5 80 61 48 13 8 27 27 64 93 57 21 75 45 41 27 20 49 30 39 12 49 5 11 93 68
2 97 100 93 58 16 88 79 20 8 54 4 84 29 22 51 23 47 57 16 84 55 90 41 66 74 15 62 10 32 55 62 62 89 5 94 77 43 77 69 77 67 2 57 27 75 5 62 48 37 5 8 51 56 85 32 26 60 46 34 55 41 22 19 34 91 73 14 13 64 20 7 24 88 75 90 54 2 54 32 26 97 6 80 58 31 91 97 77 73 27 10 66 8 70 73 99 15 100 76
90 17 72 79 23 43 26 61 29 22 98 100 69 6 7 97 55 69 27 11 77 7 87 40 48 49 10 53 98 64 40 79 17 53 58 47 52 37 85 32 99 19 45 24 9 1 4 44 53 62 37 90 45 96 34 64 30 97 6 92 88 43 40 17 67 74 28 24 46 97 26 100 12 53 100 22 77 20 49 62 92 64 32 66 64 19 81 9 25 4 9 78 28 43 44 27 99 31 86 80
14 43 16 3 84 61 52 15 45 73 98 78 11 100 82 82 32 47 36 51 96 4 95 66 62 60 77 58 88 82 23 68 1 73 10 91 72 47 24 28 28 9 38 12 12 18 69 42 73 58 13 14 48 71 16 7 63 77 68 91 36 80 77 98 41 85 6 28 56 10 97 20 86 29 45 40 21 59 16 38 7 6 56 64 93 46 0 22 87 53 25 25 60 17 40 28 33 8 54 78
34 6 3 100 10 74 50 41 2 57 25 16 6 88 66 64 11 8 70 99 0 97 29 70 65 37 6 98 65 68 33 18 31 93 17 62 55 58 2 81 90 91 39 45 97 50 10 10 79 32 82 8 2 97 40 13 9 99 63 92 42 91 91 81 11 77 88 5 55 85 14 5 1 21 23 40 27 23 33 30 96 53 32 10 98 86 34 4 81 77 99 81 100 18 65 79 49 82 83 68
88 27 40 49 48 90 7 88 23 59 34 79 28 5 20 62 12 10 6 20 53 3 76 9 39 20 12 86 77 19 88 41 77 65 75 47 73 80 28 32 26 69 30 61 12 73 65 3 9 74 80 73 64 31 29 89 4 91 15 33 91 11 70 71 24 35 1 66 75 50 24 72 57 45 9 24 36 48 41 66 47 56 92 8 65 95 25 42 78 51 45 91 69 3 6 24 19 52 56 97
67 64 15 52 98 90 18 32 86 22 31 88 87 30 33 53 80 4 11 27 16 86 80 42 52 86 14 7 34 51 94 22 82 0 61 5 80 0 44 56 56 91 0 94 17 52 73 56 91 58 40 30 11 59 96 6 0 89 95 62 24 31 31 69 62 28 82 66 64 81 91 55 97 44 1 16 57 57 6 21 35 26 77 7 55 42 12 91 14 20 49 96 45 1 5 7 49 76 35 40
17 55 93 21 67 56 53 36 54 93 84 32 34 100 43 34 10 43 86 48 72 81 15 34 69 65 63 97 71 68 46 47 0 56 78 100 6 25 46 71 52 84 21 98 59 40 71 54 84 19 83 5 9 74 99 47 88 18 93 66 7 13 88 77 62 81 79 10 70 24 15 79 13 76 34 89 68 68 29 29 18 55 66 34 84 85 19 63 35 86 12 79 66 91 63 66 72 13 96 42
26 76 49 60 65 52 79 60 14 96 61 3 9 26 82 9 99 55 100 72 43 78 16 55 0 1 53 59 15 26 68 90 36 64 17 87 0 86 67 10 45 14 45 24 52 12 74 37 63 49 32 11 74 49 54 40 69 96 7 12 34 53 76 1 51 10 38 43 77 33 69 12 35 91 37 35 2 71 2 60 86 66 22 20 62 64 35 37 86 96 86 16 72 29 1 76 23 24 25 47
82 9 67 95 79 30 0 44 76 92 91 91 47 96 55 73 72 20 77 74 19 70 43 5 36 97 71 86 76 98 72 49 86 1 90 82 93 73 32 50 5 96 9 93 18 8 60 62 51 82 100 12 36 13 96 91 11 14 60 32 38 4 21 75 53 93 7 91 34 59 37 81 62 62 77 51 7 54 56 75 25 81 95 65 0 87 74 89 55 22 92 12 20 27 54 61 34 75 5 10
58 24 10 38 80 58 60 50 44 36 92 32 22 66 16 69 44 8 16 98 55 76 69 97 86 93 27 7 66 96 18 12 100 89 43 93 57 47 2 66 44 49 26 75 11 58 37 10 31 62 33 23 51 97 40 45 41 25 23 76 14 68 28 12 44 47 67 77 64 21 26 100 37 11 27 14 61 67 83 69 95 28 82 95 68 12 15 94 67 65 98 39 78 35 78 26 54 2 95 85
100 70 97 98 84 51 64 75 23 64 19 7 84 37 31 25 70 1 5 97 93 90 95 14 84 83 57 0 70 30 50 12 66 42 41 36 96 64 33 80 43 55 59 53 8 89 75 19 17 86 68 37 16 17 68 2 68 91 42 15 29 74 93 19 70 89 50 39 11 82 83 69 9 99 1 63 81 17 5 86 78 4 59 6 10 31 24 38 83 21 36 91 52 3 93 26 20 7 70 64
62 9 25 8 96 9 60 29 89 84 28 9 67 12 4 26 64 75 66 52 61 3 52 54 23 48 65 26 66 65 74 61 78 66 8 8 44 48 26 60 97 76 78 18 68 16 71 64 39 39 45 100 32 8 45 60 72 99 81 34 33 64 73 95 74 2 56 24 72 91 46 34 17 20 0 52 35 37 87 18 94 45 42 90 34 2 29 25 4 13 59 87 44 48 99 67 58 64 11 45
28 90 47 47 22 22 77 67 36 2 32 43 64 11 78 44 4 30 17 30 99 34 46 59 71 39 15 92 31 26 84 51 50 22 23 39 35 9 35 91 99 68 100 23 21 68 44 90 27 2 20 86 26 42 10 61 47 97 62 1 14 92 70 57 14 50 52 58 74 71 48 62 55 68 64 86 58 34 24 49 46 11 54 1 83 80 98 90 89 66 29 33 72 50 9 79 66 24 89 18
13 33 74 19 19 67 17 29 70 6 53 26 22 21 93 83 45 55 7 75 10 41 4 37 12 65 13 62 1 46 46 81 17 82 100 24 15 7 51 59 66 80 71 98 35 60 56 41 56 68 91 21 11 36 53 71 31 86 38 25 19 49 55 50 84 2 9 27 13 76 85 88 49 41 49 45 97 78 31 18 23 84 64 19 80 70 26 52 72 48 99 59 13 27 9 71 28 67 98 87
3 65 66 13 69 15 6 17 73 99 32 41 97 56 87 55 95 100 88 97 47 33 33 29 56 25 88 77 74 97 7 51 35 66 20 5 29 63 77 55 62 57 36 97 62 41 87 1 27 53 47 82 58 23 18 20 34 57 79 13 94 84 63 23 22 29 89 61 59 47 69 90 20 40 2 81 36 28 17 59 46 58 61 30 30 71 21 53 12 93 68 15 42 31 65 76 100 86 35 22
58 71 68 58 39 64 51 22 66 25 17 74 39 95 83 32 15 92 24 37 24 69 51 52 87 44 46 37 40 90 88 53 81 47 47 20 92 56 60 3 40 1 76 21 86 4 96 46 51 99 23 76 12 66 61 1 99 92 59 73 57 62 88 82 53 74 7 60 57 73 26 79 87 86 26 30 41 67 95 13 89 64 71 71 66 12 80 73 87 69 62 96 96 40 43 54 95 47 26 38
23 6 51 95 9 91 40 23 100 51 41 62 43 89 85 32 74 80 14 93 25 16 95 57 46 68 65 23 25 0 96 99 65 80 5 37 17 56 53 84 91 45 56 24 73 59 36 11 54 50 71 58 64 37 56 73 22 93 48 38 83 26 43 61 45 61 49 54 11 91 43 51 97 55 44 36 59 91 70 12 6 75 68 68 19 81 10 26 30 95 75 59 19 79 2 46 57 10 38 77
51 2 57 38 60 2 11 63 22 12 98 95 53 23 38 65 28 36 46 8 10 92 34 67 48 65 16 27 23 86 84 32 34 59 78 23 47 66 31 22 90 59 76 55 4 38 69 68 11 97 86 94 90 62 54 84 100 70 53 74 62 75 67 74 94 95 28 67 17 27 86 39 65 21 88 13 59 72 72 23 89 25 7 20 18 42 8 32 47 13 84 0 78 52 7 13 74 1 31 9
71 94 91 57 82 75 71 2 31 61 69 76 41 47 86 49 89 93 73 20 95 54 61 52 74 12 65 37 50 98 84 91 38 76 78 10 56 89 21 72 95 65 75 21 84 71 65 51 45 89 46 81 66 96 61 100 3 80 77 56 67 63 37 99 87 84 12 33 75 3 21 14 63 67 65 31 86 25 86 60 67 69 72 83 64 80 37 60 1 73 65 70 51 2 36 75 17 21 28 74
17 59 37 90 68 66 11 58 32 46 28 48 10 53 53 44 54 37 13 47 76 10 51 17 20 85 96 73 78 72 35 43 72 94 67 56 27 33 19 15 33 49 71 43 11 6 31 3 94 62 100 2 35 30 63 100 47 85 25 26 83 4 38 66 10 30 68 66 17 67 71 42 23 82 2 20 65 34 86 17 42 16 90 79 37 62 35 63 100 87 0 33 69 61 75 57 96 24 71 87
19 44 64 44 21 59 7 42 94 100 50 94 7 74 50 80 91 71 89 73 95 91 93 32 0 49 23 88 10 0 92 33 32 28 5 46 89 37 32 35 53 2 97 18 100 22 18 73 34 80 36 63 28 83 58 97 60 50 49 83 50 89 29 43 20 62 46 5 33 100 20 50 2 53 57 100 37 91 37 25 72 2 90 34 40 60 15 2 67 81 21 97 84 77 74 82 7 60 16 0
99 87 94 82 53 9 49 83 38 52 26 63 47 73 73 56 98 35 54 20 40 77 70 47 18 2 38 68 71 61 83 11 82 69 69 6 76 34 34 18 58 83 5 8 86 55 60 68 34 49 20 13 97 55 49 14 55 90 30 52 30 17 48 37 84 86 99 27 63 13 94 20 25 91 29 64 92 67 48 56 26 54 36 44 72 57 43 81 49 26 24 45 2 90 51 68 89 42 91 48
79 50 44 49 98 73 96 20 19 57 18 65 44 70 97 55 100 20 5 14 96 19 55 88 65 83 41 93 24 80 4 32 8 59 26 87 78 88 58 40 69 76 31 31 73 64 0 47 94 22 28 69 46 97 84 38 17 7 85 50 38 95 73 12 72 44 29 62 55 35 37 55 83 26 92 55 39 71 1 43 37 75 89 13 87 63 81 29 11 78 71 47 45 63 17 72 62 56 94 37
72 68 51 100 44 90 79 78 45 98 92 17 89 98 3 33 96 25 81 91 94 97 2 25 8 67 75 85 78 24 15 87 45 53 29 97 84 68 20 40 32 34 53 58 13 26 97 56 49 28 21 89 99 55 74 48 8 26 40 20 14 22 25 41 80 59 70 4 96 57 41 58 99 40 53 83 50 59 3 19 26 75 79 6 1 37 23 56 76 16 94 52 8 58 79 8 21 40 7 67
84 5 73 19 1 69 58 77 91 41 93 31 67 34 35 94 15 84 4 92 88 58 60 74 54 23 100 92 52 59 97 21 75 8 32 50 94 35 64 81 71 34 31 43 47 5 85 48 49 16 66 34 54 52 29 64 33 75 41 97 42 36 54 99 43 77 10 10 85 50 64 2 95 67 85 94 16 49 10 44 61 57 5 87 91 59 65 62 91 46 19 33 40 31 7 24 56 50 3 93
60 48 9 100 64 99 34 43 72 68 14 37 99 91 58 20 87 31 35 59 71 14 81 58 79 99 22 54 61 44 36 77 15 2 2 1 90 60 74 84 99 7 64 37 3 57 37 17 46 69 92 44 30 84 5 100 82 1 86 68 91 27 44 59 51 41 100 91 58 36 100 11 27 83 17 9 71 55 85 25 87 57 60 58 45 11 69 89 59 72 28 23 65 88 42 63 19 3 80 51
7 61 79 92 35 11 11 53 35 29 50 73 65 64 64 20 24 27 21 5 70 17 79 84 55 60 85 36 5 43 45 88 91 95 20 49 42 27 40 35 50 34 9 77 18 94 19 28 64 70 63 72 51 21 29 70 26 68 55 89 83 40 12 89 62 67 58 9 79 8 45 72 0 38 16 44 73 75 12 22 30 3 42 13 94 63 37 45 84 38 83 92 62 76 77 71 93 87 93 10
58 78 64 89 71 68 33 53 48 0 100 3 15 53 76 57 3 18 22 59 11 38 96 26 51 34 36 29 34 52 51 5 36 96 67 9 60 94 0 49 92 37 35 21 94 14 20 82 93 54 42 60 60 37 33 39 18 80 25 9 54 69 13 86 64 90 36 0 60 14 24 92 25 82 97 57 14 67 51 69 61 49 61 91 25 33 54 25 62 49 28 7 75 50 80 25 32 95 43 100
67 78 81 48 32 2 57 80 29 20 72 88 31 59 82 27 11 53 13 47 60 31 31 20 12 65 66 56 59 95 28 5 95 72 70 0 86 39 51 82 43 13 33 79 24 100 44 4 46 70 21 49 8 57 43 53 45 19 34 74 92 4 64 73 39 27 97 33 38 4 56 78 46 53 11 88 47 84 83 70 21 53 36 19 24 91 10 32 39 12 88 59 33 88 96 9 83 79 79 10
55 2 73 5 81 44 23 80 70 14 58 51 51 47 55 82 13 96 10 13 70 100 12 58 67 84 64 11 14 80 33 79 58 99 12 39 63 84 59 39 66 11 90 69 32 46 97 4 55 50 55 53 19 49 37 21 34 21 71 8 72 82 44 89 55 50 36 85 7 63 28 70 35 82 7 34 34 68 100 90 91 19 73 33 23 93 50 19 5 25 86 75 77 94 63 67 7 55 95 87
58 31 9 17 75 29 97 45 36 70 9 48 7 61 88 77 13 66 46 43 70 30 13 68 34 8 37 34 100 96 8 93 5 85 33 20 62 60 36 73 63 57 99 25 65 1 90 95 21 9 11 75 48 79 18 90 74 60 55 1 61 75 40 36 49 60 23 58 97 58 6 67 35 12 85 35 1 1 45 44 43 79 47 67 32 4 33 8 79 3 79 6 47 41 92 18 26 72 38 67
20 55 18 78 23 51 19 5 52 80 96 22 14 77 61 28 68 72 24 72 73 1 74 92 86 59 66 87 39 97 68 85 48 52 27 65 77 52 82 26 70 32 49 4 96 40 100 22 63 58 6 32 58 72 92 0 80 3 92 37 94 28 24 73 67 10 77 61 6 74 89 8 23 32 17 83 75 86 42 75 43 84 50 30 25 80 62 52 47 20 93 3 92 80 18 67 84 14 90 16
6 9 41 22 22 30 5 65 54 34 39 13 63 85 28 67 25 78 56 72 33 56 16 56 52 47 85 75 83 60 3 94 48 14 33 76 58 39 46 62 18 35 21 64 1 64 47 4 100 34 50 96 100 74 46 59 82 50 59 13 74 50 70 25 27 95 47 73 45 93 11 86 30 79 36 11 4 81 46 97 62 100 66 100 9 92 2 79 64 90 26 49 57 9 51 69 54 88 89 13
81 0 66 7 7 32 17 43 44 51 49 44 35 65 25 92 86 38 49 90 42 43 27 9 72 92 59 12 16 16 28 79 95 15 75 49 52 52 82 17 18 48 92 1 56 19 93 5 1 70 11 6 13 21 77 37 41 57 43 92 59 57 88 54 57 8 6 81 62 19 77 31 90 61 5 61 71 21 15 72 22 1 60 93 19 27 20 32 28 77 6 83 6 80 18 20 50 46 85 11
95 17 63 58 34 65 26 35 31 15 47 28 56 68 54 97 9 61 37 85 43 39 49 84 18 22 81 6 76 82 70 26 45 70 40 83 87 47 15 81 82 3 47 63 81 39 7 68 43 72 67 25 96 36 26 29 32 72 76 79 28 71 77 54 82 86 50 45 62 60 72 67 46 44 75 32 3 82 57 70 95 3 57 33 64 65 55 56 52 68 10 40 96 10 50 87 45 49 42 96
53 76 9 41 1 43 65 99 21 37 72 83 4 58 83 29 69 11 0 19 46 61 90 32 96 45 43 86 92 31 30 82 83 19 13 29 90 96 76 20 63 28 75 26 3 99 46 74 60 36 100 17 29 66 16 82 4 98 34 27 75 0 50 58 60 85 73 63 14 73 29 43 61 10 70 87 72 75 4 76 52 94 91 63 67 0 95 53 82 71 88 66 1 89 32 20 23 47 31 99
97 41 68 73 71 33 66 18 21 32 44 68 52 95 37 94 83 12 92 42 94 75 75 59 88 17 55 18 22 42 24 47 90 12 100 73 60 83 71 19 13 71 9 80 47 36 41 5 65 58 97 83 29 30 34 23 72 71 75 18 41 62 13 18 96 94 73 55 40 97 34 53 83 13 49 7 42 4 67 69 95 68 55 31 84 87 75 93 65 89 90 32 79 1 14 88 24 63 49 89
47 32 25 80 30 87 62 99 85 83 100 30 87 45 10 52 81 87 98 72 47 23 13 100 9 58 56 79 57 94 64 53 56 56 60 33 41 3 42 90 92 49 2 98 70 36 9 51 91 91 15 47 34 56 11 75 43 72 62 4 14 2 9 85 44 41 98 24 52 69 72 59 20 48 6 30 14 80 87 100 6 89 66 0 62 82 10 53 20 82 29 67 90 43 43 72 10 91 41 88
31 91 21 98 93 42 66 37 46 72 99 53 2 70 56 77 16 61 52 97 28 83 58 22 91 81 96 13 62 88 61 19 98 17 69 55 69 65 41 85 42 24 25 86 89 77 25 93 33 92 48 48 56 88 93 72 28 49 52 88 77 8 39 59 49 38 55 29 17 86 61 63 55 89 66 28 82 55 51 97 2 39 16 15 30 97 72 98 93 20 61 77 75 50 94 54 45 59 6 73
85 66 79 74 87 64 65 68 62 19 6 8 39 73 25 11 67 37 60 29 34 91 94 76 87 56 50 68 94 46 16 7 44 57 78 13 17 50 66 9 92 51 57 99 7 16 44 85 50 26 59 60 0 76 11 88 8 85 0 11 45 97 78 69 7 9 77 28 20 22 26 83 69 80 87 6 4 89 20 37 12 12 71 84 42 57 70 86 79 0 34 2 50 6 54 19 92 35 18 26
49 52 88 87 31 33 55 65 69 13 18 53 8 66 37 75 61 68 97 2 74 2 23 14 3 76 88 11 52 88 66 25 23 92 22 28 83 31 10 32 12 70 51 62 37 49 0 8 46 53 17 48 32 72 99 27 73 28 41 35 84 39 21 16 95 15 1 61 86 8 81 93 30 22 36 92 54 57 67 90 42 19 65 8 76 92 67 17 85 66 7 31 63 54 62 50 5 26 19 28
80 15 91 18 9 7 89 17 20 4 17 48 86 18 53 21 31 76 82 37 90 7 96 84 4 82 33 100 17 47 44 83 85 62 23 59 49 96 90 15 58 49 32 41 43 87 86 35 65 68 57 51 26 40 96 90 98 26 59 79 82 1 24 92 65 14 13 57 89 15 76 37 13 72 10 50 10 83 60 90 70 66 15 18 22 99 90 70 5 99 19 15 0 27 1 31 23 27 57 53
59 82 15 88 25 40 73 13 47 90 71 52 86 87 68 71 20 49 49 45 60 24 1 43 50 63 19 6 99 67 57 70 49 22 36 42 42 65 20 1 95 27 91 41 31 88 99 94 19 5 15 32 12 59 66 49 49 69 33 24 30 99 57 5 59 20 9 75 64 7 67 57 92 26 80 77 87 82 23 90 67 82 83 76 7 6 51 9 53 19 57 50 99 32 89 86 51 7 15 46
91 61 33 13 81 4 96 40 23 54 93 89 9 89 37 63 72 26 86 38 19 9 85 28 81 7 35 6 8 43 75 0 52 33 91 47 93 64 64 83 63 2 6 12 7 61 25 0 96 82 55 4 34 23 32 41 37 59 29 22 46 19 87 73 76 35 87 30 34 91 96 69 9 65 56 3 79 83 18 91 59 24 54 41 9 91 34 12 100 18 35 97 78 33 19 85 97 7 37 21
7 96 25 38 41 100 37 87 97 75 75 60 36 70 4 83 30 78 71 33 27 57 52 42 77 64 62 80 92 69 94 11 12 85 14 13 96 44 39 2 40 11 81 96 86 95 15 77 2 98 8 13 85 17 66 87 60 39 2 48 86 43 31 14 60 82 84 2 26 91 21 16 24 49 75 77 56 15 1 81 9 82 100 74 29 30 73 8 25 20 93 12 24 17 77 3 99 53 7 81
28 98 96 77 60 63 39 81 83 7 73 82 4 2 52 39 23 15 87 37 57 99 4 78 32 28 15 52 15 22 21 46 36 62 69 8 36 47 22 27 37 70 84 99 19 12 69 4 46 61 34 41 79 89 80 54 14 97 81 2 56 22 44 65 4 31 85 62 81 29 81 31 35 17 52 38 62 87 72 28 10 95 18 5 99 84 77 32 50 73 62 87 19 18 40 13 86 41 44 55
5 24 7 74 46 11 35 9 80 46 78 100 25 70 57 25 37 75 4 87 37 51 90 28 6 53 74 88 1 70 13 78 87 8 51 58 21 7 92 98 2 59 75 60 99 31 44 69 33 46 44 27 50 38 36 76 26 11 28 81 51 76 51 31 8 97 99 74 90 12 24 31 68 7 67 17 61 12 8 81 27 40 15 7 14 67 61 3 16 15 89 65 52 79 83 46 71 90 26 49
34 1 8 99 42 9 0 54 66 37 66 39 73 82 68 68 59 4 7 80 30 100 43 12 40 64 78 69 89 43 95 76 80 60 27 82 98 89 40 5 55 3 43 55 33 8 5 75 30 77 27 8 51 98 93 41 23 92 59 73 34 67 71 58 75 34 15 45 67 25 76 30 95 32 15 89 95 92 71 96 52 60 4 13 29 8 10 59 76 80 85 83 99 12 62 1 80 19 13 89
19 53 31 34 81 91 26 83 9 85 26 52 63 27 82 96 96 31 43 26 64 31 60 20 37 2 13 44 26 40 82 80 97 59 64 70 89 45 82 2 82 47 69 57 26 37 13 92 71 75 5 52 60 83 90 2 49 57 80 73 66 17 13 40 35 2 25 68 10 2 31 14 0 15 22 97 71 49 25 12 12 0 82 94 43 79 40 85 90 95 100 77 69 29 64 63 15 37 36 100
35 94 73 68 7 91 17 14 83 98 91 19 43 92 93 45 76 28 83 45 32 77 3 54 28 39 81 9 72 69 59 8 33 96 24 19 75 8 76 39 7 51 47 75 47 43 91 95 60 93 40 72 64 5 60 96 87 97 23 52 40 83 32 10 68 15 73 9 2 54 88 91 49 28 30 45 43 70 89 99 48 50 14 32 64 97 3 95 53 60 16 92 40 22 97 74 53 41 19 78
45 56 68 7 94 44 57 30 92 5 20 89 89 79 80 4 95 11 63 62 8 33 59 67 4 17 73 66 2 34 4 73 89 37 91 24 79 18 17 9 43 77 5 1 84 25 27 88 60 23 90 75 99 90 57 95 97 80 35 89 71 56 58 41 69 24 21 19 87 76 74 64 48 45 47 42 77 52 91 12 32 35 54 1 67 64 100 5 59 68 42 13 91 88 37 83 21 2 48 52
8 50 24 5 8 68 38 80 23 26 90 34 17 17 59 58 2 43 22 58 76 79 26 23 14 55 12 40 47 80 39 33 65 34 56 58 7 24 2 39 51 34 91 0 30 92 61 33 88 50 95 91 4 73 22 7 16 17 100 96 66 69 31 17 48 48 33 44 9 24 77 36 25 10 49 63 60 74 81 88 67 49 51 22 14 50 40 47 11 64 10 65 52 54 52 34 53 48 47 86
15 69 73 17 73 61 52 31 32 81 58 37 38 58 70 27 56 40 46 16 23 18 82 25 98 51 16 74 24 33 92 11 13 63 66 30 88 92 80 15 39 88 45 69 60 59 94 92 47 43 38 57 70 8 39 62 54 44 84 11 85 80 59 58 11 12 71 30 37 88 85 0 6 89 65 26 40 87 56 34 84 0 34 59 6 71 7 19 34 89 25 64 17 38 28 98 100 47 84 62
59 40 71 6 11 76 64 98 84 60 43 31 20 42 94 92 52 35 78 44 85 29 97 45 32 16 41 99 23 73 22 97 20 59 5 8 24 46 31 51 66 21 26 40 58 63 3 37 13 31 68 44 44 21 60 88 64 36 68 75 8 69 1 62 71 54 48 46 77 54 81 6 83 96 13 84 69 75 56 79 54 95 84 46 2 83 8 53 28 95 100 18 4 20 28 97 29 39 57 59
48 74 24 96 9 91 87 96 97 76 75 2 16 41 68 37 27 63 50 70 59 97 72 98 70 60 32 14 57 37 97 64 87 36 52 73 33 29 75 38 61 37 80 53 83 16 68 27 33 14 74 51 60 63 47 61 57 31 62 97 17 63 65 33 38 58 54 85 28 71 11 6 18 99 43 16 31 4 94 0 77 7 94 95 99 86 17 58 87 39 75 74 84 58 80 51 97 23 24 59
89 85 92 4 43 3 64 51 41 46 51 59 63 27 33 67 76 63 83 55 95 3 40 51 55 61 71 68 76 90 91 79 85 69 42 90 82 41 100 36 46 87 81 16 21 29 42 10 21 29 20 2 35 58 88 77 100 100 32 45 87 92 29 23 41 52 65 4 26 21 69 71 37 82 74 40 11 46 67 28 24 11 98 72 67 40 44 49 96 9 52 92 22 13 70 92 80 4 89 83
23 3 82 8 31 98 89 11 86 17 70 82 3 0 67 54 66 84 51 70 21 40 33 8 93 39 92 98 78 41 54 82 20 42 2 67 81 91 34 91 4 93 34 35 95 31 51 5 41 57 25 30 17 52 79 4 70 25 43 90 98 73 83 50 68 56 90 28 28 52 45 22 87 83 35 60 22 90 62 47 50 48 88 14 2 26 12 96 34 26 90 78 98 96 38 91 57 61 11 11
20 53 34 4 90 3 82 78 8 35 61 26 15 1 69 16 18 75 8 61 2 54 66 20 4 95 40 17 20 20 48 26 8 88 55 40 11 78 61 18 20 7 35 76 3 28 93 95 12 31 11 26 88 94 40 72 99 34 30 33 66 12 3 47 94 42 44 88 9 78 75 5 76 72 55 13 54 22 89 4 33 13 7 7 42 52 11 46 97 38 55 58 98 71 88 61 72 11 40 10
46 54 23 20 61 12 79 2 73 73 31 59 67 11 63 90 65 85 26 17 62 38 20 47 40 88 56 3 66 36 57 44 25 43 80 20 1 26 0 25 19 53 16 74 96 73 31 22 14 48 43 71 81 79 13 46 58 48 28 95 91 96 17 79 37 54 30 44 62 30 58 12 47 7 90 100 63 36 89 42 16 78 26 20 92 10 52 15 96 35 38 42 47 41 45 48 90 95 30 45
13 9 63 66 84 49 87 24 49 49 16 100 99 10 100 47 29 42 3 80 11 13 48 41 10 72 82 27 94 12 78 52 6 25 36 2 81 97 56 61 21 39 44 9 85 43 87 31 70 65 70 48 80 25 51 80 83 62 96 77 32 48 37 46 50 14 43 93 6 8 39 1 65 31 52 64 2 65 60 98 81 54 94 30 69 31 86 75 71 70 92 35 3 80 61 98 67 62 12 11
3 10 13 98 41 34 53 25 24 100 28 77 23 11 96 90 48 50 35 22 29 71 33 46 94 67 33 43 28 87 74 79 26 98 49 51 13 40 71 95 1 91 63 94 30 50 90 8 92 80 100 9 93 5 75 38 62 10 29 54 24 28 61 12 14 52 97 34 93 65 76 86 42 35 42 97 20 55 62 54 21 12 40 13 50 74 25 0 76 1 31 22 3 82 86 82 63 25 64 42
90 35 24 87 30 37 28 63 73 44 73 69 53 8 43 15 86 84 70 59 90 10 28 91 22 48 22 63 67 12 52 84 64 76 7 17 56 46 38 44 88 63 29 80 95 33 72 15 74 77 69 73 22 92 29 37 92 87 85 54 95 42 34 26 38 23 98 45 86 9 84 63 27 57 63 52 53 52 63 17 94 87 25 92 30 36 95 29 54 3 70 46 66 5 2 84 4 55 12 48
35 14 91 80 57 14 22 94 82 3 13 68 41 30 62 36 41 56 87 61 60 74 71 7 54 62 6 20 58 17 30 17 11 42 91 64 94 39 74 8 47 66 56 48 91 50 38 84 84 62 67 14 12 53 66 73 64 28 26 43 71 56 13 74 8 100 43 44 81 66 62 37 58 34 48 80 26 54 62 71 95 89 39 97 29 96 34 34 20 88 18 37 0 10 72 21 4 50 15 98
38 67 25 61 43 68 64 2 65 24 47 47 43 22 41 40 51 39 1 61 57 43 100 97 1 31 78 82 32 32 9 52 18 10 100 59 79 31 67 19 35 1 73 4 6 78 82 27 40 45 1 100 62 84 32 97 61 78 18 60 0 5 77 61 89 74 74 81 49 62 91 5 7 83 57 25 56 10 13 67 59 40 80 61 8 83 30 88 99 22 60 5 25 43 69 38 32 42 98 51
53 76 34 48 22 43 82 16 15 95 32 100 58 33 36 98 37 42 93 97 76 43 45 41 67 74 82 96 77 97 72 1 70 13 66 43 76 0 29 88 43 10 24 9 62 11 76 88 41 59 22 12 15 38 43 45 76 36 59 53 36 60 76 70 25 41 97 90 68 85 80 56 33 27 62 30 49 41 94 48 61 93 83 66 54 33 87 7 49 15 24 89 12 27 65 8 67 25 82 68
7 93 36 58 92 9 92 40 94 68 90 32 31 62 70 92 24 93 83 15 15 86 67 18 54 27 55 69 76 17 85 85 13 17 5 22 88 44 44 58 1 55 79 13 44 0 20 90 98 83 58 73 69 16 37 58 66 55 33 27 86 74 51 35 32 19 10 75 85 36 93 40 11 7 78 45 10 24 87 12 55 51 0 97 16 75 78 87 16 7 24 94 48 85 22 92 28 26 35 8
0 40 0 91 65 84 86 58 17 55 65 48 8 96 94 89 6 0 6 86 35 39 74 67 56 70 66 41 24 74 47 96 39 23 80 16 71 74 92 20 64 8 93 46 75 87 6 75 76 15 74 18 76 46 13 78 66 14 64 28 23 87 41 6 70 56 83 26 43 15 61 42 8 44 35 26 5 24 55 0 3 66 65 57 77 30 25 12 46 51 31 46 13 49 69 60 79 54 24 72
89 42 21 21 86 84 10 74 66 100 42 79 2 6 94 75 20 39 83 79 77 60 90 84 96 53 20 43 64 94 33 72 76 14 14 3 32 47 18 81 93 15 9 21 26 55 10 56 20 55 47 51 27 6 31 96 7 34 42 100 89 86 92 75 15 62 49 34 74 79 51 36 17 63 99 70 71 2 96 77 71 8 62 49 66 8 73 20 75 75 26 31 45 44 84 38 97 65 72 66
82 65 94 44 68 48 84 0 32 97 12 67 76 81 26 0 58 80 75 4 66 35 48 35 15 32 63 46 42 14 8 6 92 32 24 38 2 13 92 38 19 70 11 20 51 3 1 23 87 35 60 72 87 52 71 18 42 13 55 51 59 42 32 57 34 70 77 71 53 34 52 47 36 39 46 76 55 16 91 91 34 71 87 99 7 6 55 48 43 52 79 49 100 75 7 61 13 95 5 99
53 48 95 72 66 53 50 28 44 55 66 24 71 64 92 16 83 94 64 6 1 86 5 92 59 68 7 52 21 49 16 59 55 40 52 43 8 35 63 37 86 73 50 55 46 27 55 66 44 71 16 52 52 49 92 31 84 39 9 45 95 40 17 100 30 60 54 83 82 34 4 95 100 85 11 70 99 90 22 2 30 55 32 42 47 96 60 87 58 58 1 70 31 14 51 21 5 61 93 100
2 33 37 96 71 63 39 40 10 36 68 99 88 41 15 96 3 28 75 82 24 54 75 12 92 51 72 14 59 91 16 70 84 1 68 99 25 16 92 96 99 20 0 18 45 74 28 94 73 36 13 95 56 60 64 89 77 53 23 81 47 52 5 54 45 62 86 43 89 96 14 78 94 98 16 14 59 23 87 25 71 92 27 32 11 1 38 4 60 14 93 11 28 58 20 22 60 3 66 73
85 38 36 55 2 31 99 47 77 93 8 28 39 55 93 45 98 5 73 40 68 17 28 20 22 74 22 38 24 28 23 70 77 22 17 79 73 16 11 9 86 97 16 18 68 34 15 96 60 98 13 79 70 31 34 34 54 96 84 75 55 79 35 53 46 72 88 52 27 45 96 78 81 84 35 62 64 27 84 40 48 69 36 18 22 42 33 7 55 36 45 84 90 88 91 31 85 13 4 66
21 8 18 36 9 1 55 99 26 33 71 49 12 38 58 17 57 71 61 17 99 74 37 41 45 100 6 31 64 86 44 55 15 76 19 39 88 80 95 11 94 83 97 100 8 62 50 8 89 56 86 82 3 71 85 96 92 85 26 92 22 21 62 35 20 61 33 20 72 43 15 87 60 77 86 48 86 42 6 95 49 69 24 37 1 48 88 96 42 33 77 21 66 94 21 42 23 81 82 24
40 0 4 28 3 1 30 81 51 92 86 89 0 82 55 85 0 58 67 53 27 40 26 22 81 56 47 12 32 22 74 51 39 11 87 29 4 6 26 84 92 30 7 81 27 31 33 20 81 44 60 94 91 22 3 75 4 22 44 45 97 65 1 32 25 75 24 19 83 61 64 31 15 97 73 23 21 34 59 69 31 75 86 26 77 62 35 57 13 24 13 46 14 99 36 51 9 96 100 86
46 61 23 72 93 71 80 51 1 81 20 86 94 34 39 7 23 99 0 19 51 55 86 0 62 41 15 40 57 99 89 1 65 32 70 33 62 60 37 63 74 50 45 79 80 32 94 35 82 19 59 22 14 81 97 9 67 75 34 39 78 85 67 66 11 90 75 60 69 24 100 74 22 7 68 16 72 18 71 83 16 92 42 54 31 69 52 32 25 79 49 15 98 31 78 43 80 41 76 99
91 62 82 38 77 63 69 7 75 58 2 41 69 16 67 48 71 54 76 25 93 68 66 6 43 27 7 87 92 42 24 93 15 86 42 66 97 97 75 91 73 5 60 16 49 18 28 76 66 38 74 14 0 81 80 81 61 34 25 96 86 66 60 42 2 1 64 81 65 87 74 93 65 89 4 95 92 99 6 49 45 85 30 70 61 86 1 29 78 43 17 15 44 12 28 98 56 84 99 28
77 34 88 8 88 39 98 3 65 63 52 4 13 77 71 38 44 82 25 53 51 6 64 94 84 94 38 15 12 1 37 57 50 36 92 24 8 62 14 41 89 60 53 51 17 13 41 9 32 73 42 4 49 23 71 12 48 22 15 66 65 37 25 84 81 19 29 59 11 23 97 46 16 39 52 55 27 78 74 85 58 89 88 19 50 3 2 30 15 50 36 75 86 65 36 23 34 56 38 92
59 23 30 42 7 86 23 98 55 11 12 38 48 75 31 58 83 80 84 89 8 39 77 39 64 18 10 84 51 11 73 78 66 55 26 39 22 16 63 72 11 62 44 79 47 77 22 48 9 9 92 87 53 90 44 71 1 38 37 3 55 11 46 88 68 61 43 2 89 89 30 26 29 20 29 92 24 22 86 29 97 97 43 5 81 21 17 33 40 15 94 47 75 6 24 37 60 59 78 8
19 59 11 86 8 71 73 25 16 57 24 26 26 99 71 2 7 4 1 33 22 93 7 38 10 30 63 43 60 1 80 23 71 22 96 55 27 5 59 76 95 68 97 40 62 78 75 0 59 26 77 63 35 41 31 82 53 18 77 100 13 77 67 79 48 99 20 76 30 96 100 70 83 44 83 13 47 1 46 58 9 29 54 8 93 24 29 51 20 33 90 47 26 75 86 70 40 67 30 19
48 10 58 2 90 30 31 49 65 57 49 81 78 45 40 44 73 61 27 12 67 8 65 67 59 75 50 96 64 24 50 98 20 83 37 31 10 83 64 39 60 10 43 12 51 91 55 66 55 88 40 21 49 47 85 40 53 21 60 12 78 42 25 83 62 58 53 20 51 59 38 17 98 86 35 81 86 79 31 19 35 6 30 7 96 65 76 22 60 89 39 56 94 65 55 41 48 94 82 24
9 59 12 34 6 94 62 47 98 75 37 29 46 100 91 64 42 9 39 55 89 16 13 78 94 36 33 2 57 74 73 5 25 32 94 16 54 12 34 54 90 80 66 24 13 32 100 25 67 79 27 8 22 79 61 35 81 93 30 91 30 24 77 19 52 83 83 76 32 41 32 30 88 29 40 1 27 44 3 62 43 24 23 83 51 33 16 9 95 52 86 39 77 70 87 29 93 24 23 68
