100 100
1 56 43 48 100 25 83 26 84 70 55 15 27 20 62 4 51 13 37 61 11 62 0 53 93 67 76 92 41 74 17 10 45 87 79 60 14 89 75 37 58 33 33 61 87 22 94 35 11 53 83 52 89 20 21 15 32 44 26 0 77 72 24 1 34 74 66 86 62 86 19 33 23 15 73 65 19 61 44 79 75 77 70 97 15 78 29 56 79 92 92 80 4 41 83 61 39 2 12 46
0 56 34 40 100 25 83 14 84 70 45 15 23 7 17 0 6 13 37 61 9 55 0 53 93 67 2 84 41 48 15 8 45 49 47 21 1 89 71 3 54 12 14 27 87 22 94 17 10 46 72 52 89 20 21 4 4 14 26 0 77 7 16 1 6 0 66 86 62 86 19 33 22 15 61 24 10 52 9 48 60 77 70 97 7 25 11 25 33 92 92 80 4 6 83 35 10 2 12 46
1 56 43 28 1 25 28 15 35 70 34 15 16 19 62 4 51 9 31 61 11 62 0 12 82 13 76 10 17 74 17 2 45 87 9 60 14 89 33 37 58 33 33 44 2 22 84 9 3 53 83 31 89 20 19 15 20 33 26 0 77 72 12 1 34 14 66 86 62 34 19 11 1 13 66 65 19 60 44 20 0 66 53 97 15 5 29 56 79 11 34 80 4 34 83 50 13 2 12 46
1 56 43 48 100 23 50 26 84 70 55 6 27 20 62 4 51 2 0 15 11 26 0 53 46 60 69 28 35 74 15 3 22 87 34 14 10 89 60 14 58 33 33 3 87 7 94 35 5 53 29 20 89 4 14 9 32 44 15 0 16 66 10 1 9 74 66 86 62 39 19 33 0 14 66 10 11 61 44 79 25 31 70 97 5 24 9 55 79 92 80 80 1 20 6 34 39 0 4 46
1 55 40 16 33 2 83 9 74 70 39 10 27 0 62 0 51 6 37 30 11 32 0 16 71 25 26 92 41 13 12 3 18 87 65 22 14 89 7 32 13 26 33 0 87 22 43 2 7 36 83 52 21 20 21 6 28 22 25 0 77 72 24 0 28 48 7 39 49 86 0 13 23 15 73 65 9 14 28 24 75 77 22 97 15 38 29 50 79 92 92 80 4 41 45 61 39 0 10 2
0 19 18 17 100 14 83 26 84 70 55 15 20 10 62 4 2 13 37 28 8 62 0 53 74 67 59 55 41 25 16 10 0 87 79 23 14 48 71 27 58 11 33 8 52 7 94 35 11 53 83 52 89 14 0 11 6 11 18 0 77 47 15 1 14 21 66 86 9 86 9 30 11 15 73 28 19 61 26 79 35 7 5 11 3 24 21 56 79 75 92 40 4 23 61 61 39 2 12 46
1 56 43 48 100 25 83 26 84 70 55 8 3 20 62 1 51 13 37 33 11 58 0 53 10 42 76 92 30 74 17 1 45 61 21 60 2 60 75 37 47 33 33 55 87 22 94 35 9 53 80 2 89 20 21 6 32 0 26 0 76 72 15 1 34 74 54 39 62 79 19 33 15 4 43 65 15 61 12 63 28 13 70 97 15 40 29 46 44 92 92 3 4 1 28 17 39 1 12 46
1 56 1 3 41 5 6 6 4 70 43 15 3 10 25 4 15 13 37 61 6 25 0 0 93 56 76 60 36 74 4 7 45 47 73 15 2 89 75 37 40 14 33 61 10 19 94 35 9 45 19 8 89 11 21 6 5 35 20 0 67 29 24 0 34 74 66 13 5 86 5 33 16 14 73 48 8 48 44 79 75 65 70 97 5 78 13 56 79 92 13 7 4 40 83 58 38 2 6 46
1 3 25 44 100 21 83 26 84 25 55 15 24 11 62 0 51 0 37 14 11 62 0 27 93 28 20 92 41 31 17 10 45 87 4 54 8 60 75 37 58 33 13 38 52 22 94 33 9 16 39 51 86 8 8 14 32 35 9 0 77 15 24 0 30 74 66 86 55 86 19 33 23 11 73 63 0 58 44 79 75 74 70 32 15 78 29 39 79 92 77 80 4 41 48 1 37 2 11 39
0 54 16 48 100 25 83 23 17 13 55 15 27 20 38 4 31 11 22 35 11 62 0 53 93 67 76 81 40 10 13 10 43 87 24 44 8 43 57 37 15 33 33 42 23 22 49 7 11 40 83 52 62 5 21 15 10 3 26 0 77 72 1 0 29 51 17 86 62 6 14 33 23 15 73 65 2 61 44 79 40 58 70 62 15 78 24 56 19 92 92 49 4 41 83 59 39 2 0 46
1 5 43 11 100 16 83 26 84 62 12 10 27 11 57 4 51 10 37 13 0 62 0 22 37 67 76 34 23 74 17 7 41 64 79 40 14 85 75 37 58 18 2 61 34 3 94 32 11 53 64 30 60 2 21 15 32 0 26 0 5 72 19 0 34 15 66 30 11 86 4 9 15 8 73 21 19 52 44 35 47 37 70 64 15 49 25 20 1 75 11 30 4 41 83 49 39 2 12 17
1 43 15 48 100 6 40 21 84 20 13 15 27 3 55 4 22 13 37 46 11 62 0 14 70 67 45 92 41 36 0 2 18 22 79 60 14 0 15 27 11 9 33 29 61 22 94 3 11 17 83 15 11 20 12 7 32 4 10 0 7 72 24 1 34 74 66 74 62 86 19 29 23 6 73 59 19 60 35 79 75 77 70 39 15 57 16 56 66 18 92 80 4 41 83 5 39 2 8 9
0 56 11 48 100 21 15 26 43 34 22 13 19 6 60 0 48 5 37 61 11 62 0 7 33 57 0 92 17 49 17 9 13 87 79 28 14 62 26 37 58 6 33 25 52 22 90 33 11 3 83 52 89 20 4 15 32 16 26 0 77 72 24 0 34 8 66 86 62 86 19 33 23 15 23 65 6 7 44 70 4 77 70 97 11 78 8 43 79 92 92 80 4 41 83 61 28 2 12 2
1 31 43 48 100 7 43 13 67 63 24 11 17 20 11 4 51 13 37 61 11 62 0 53 93 60 22 28 41 40 17 3 45 26 42 60 14 89 8 37 58 30 24 12 44 22 94 35 11 53 83 52 89 20 21 9 8 8 26 0 13 50 24 0 34 74 66 86 60 41 19 33 23 15 73 14 2 6 44 16 75 7 70 85 15 78 3 37 79 51 53 40 4 29 78 47 39 0 8 46
1 56 43 48 100 25 49 26 84 70 34 15 27 20 16 4 51 13 33 37 6 62 0 53 54 67 76 92 41 65 17 2 10 54 79 60 5 89 75 37 2 33 33 61 87 22 94 35 11 53 34 52 60 12 21 13 32 44 26 0 77 34 24 0 30 63 32 86 62 86 19 14 4 15 73 47 19 61 44 72 75 47 11 97 10 78 28 56 6 92 37 80 3 28 83 24 39 2 12 18
0 56 40 48 33 25 33 26 84 64 55 15 27 4 28 4 51 13 6 43 11 62 0 30 20 57 61 92 25 74 17 8 45 0 44 2 9 68 75 9 58 33 17 61 87 22 74 35 11 38 83 21 89 20 21 11 32 44 25 0 77 47 24 1 5 33 40 34 43 35 7 20 23 1 21 10 9 61 44 79 75 28 70 97 11 78 25 56 79 7 39 30 2 41 27 61 33 1 12 12
1 10 17 48 100 12 72 26 45 32 55 15 5 20 47 4 51 13 37 61 11 62 0 14 18 67 45 62 24 74 16 10 30 87 18 57 6 63 56 4 28 5 33 61 87 22 93 5 11 2 83 52 89 10 12 4 32 6 21 0 77 72 24 1 19 74 9 21 62 73 9 33 23 15 73 28 15 61 0 13 40 73 22 97 15 78 29 56 40 92 31 80 4 7 83 61 39 2 9 46
0 56 43 40 87 23 42 26 64 70 55 3 27 20 62 4 42 13 27 7 1 55 0 51 93 31 50 91 41 74 1 10 25 87 79 4 12 89 75 37 3 7 28 34 9 22 60 35 11 53 32 52 89 20 21 1 27 44 26 0 77 72 10 1 34 74 66 56 60 0 11 33 23 0 73 63 19 24 3 79 75 77 41 97 10 13 24 29 49 47 38 80 4 38 16 33 23 2 5 13
1 2 30 38 100 15 3 26 59 28 42 15 17 7 62 4 51 13 11 61 11 8 0 4 86 18 68 92 41 71 17 10 34 50 76 60 10 54 42 35 58 33 26 56 87 6 94 30 11 53 83 52 89 14 21 15 30 44 22 0 72 72 18 0 34 21 35 52 0 86 2 27 23 4 73 42 19 61 32 79 60 77 9 97 13 62 29 56 79 92 92 12 3 41 76 2 39 2 12 10
0 56 43 48 100 25 59 8 10 65 55 15 27 20 62 4 51 13 37 61 1 62 0 53 93 43 76 92 41 74 16 10 3 87 36 60 14 89 75 8 55 0 14 36 87 21 94 35 5 22 83 52 89 18 14 7 32 5 0 0 24 72 15 1 34 36 56 86 62 61 2 32 6 15 73 39 3 55 44 79 75 77 70 58 5 14 23 56 70 92 11 41 2 41 80 61 39 1 10 46
1 56 11 48 100 1 74 26 84 70 55 15 8 11 62 1 51 13 8 61 11 47 0 19 89 12 76 62 41 74 17 10 25 87 79 58 14 89 75 32 38 33 18 13 43 8 94 35 4 32 83 52 87 15 21 4 32 44 26 0 18 72 24 1 34 38 37 72 62 50 17 7 9 15 47 65 17 50 43 79 75 59 70 97 13 14 0 0 28 92 15 34 4 41 59 56 25 2 12 16
1 56 43 5 17 25 12 26 84 70 10 15 27 8 6 1 51 13 37 61 2 57 0 53 92 63 50 92 4 74 17 1 45 28 79 14 12 11 57 37 30 33 14 61 63 22 94 29 2 53 83 52 32 20 21 15 25 8 17 0 77 72 0 1 1 74 66 33 19 46 16 33 23 15 61 65 19 4 24 55 48 77 70 97 2 78 29 56 79 78 52 28 4 41 10 61 39 2 12 46
1 10 43 10 100 25 83 26 80 9 55 15 27 20 62 2 51 2 3 61 11 62 0 53 29 67 14 92 41 74 17 10 45 18 5 60 14 72 75 14 4 33 7 61 71 22 94 32 11 53 46 52 89 5 21 6 10 23 26 0 29 14 24 0 34 74 66 86 62 86 11 33 12 11 35 46 19 37 0 19 21 43 70 97 0 78 7 56 79 92 28 80 2 41 5 3 12 2 7 10
0 56 25 13 32 15 83 26 81 70 55 15 27 20 10 2 36 8 37 46 11 34 0 53 93 67 54 26 20 54 17 0 45 87 79 26 11 89 18 37 52 33 14 61 23 22 89 35 11 20 50 52 42 19 7 15 32 44 1 0 5 7 24 1 34 74 15 9 0 86 19 33 23 3 73 65 0 37 44 70 75 10 70 97 15 78 1 29 23 41 76 63 0 35 61 61 27 0 11 46
1 10 43 30 73 12 32 26 51 32 55 8 0 20 62 2 51 8 37 39 11 62 0 53 93 63 76 92 21 31 8 8 40 73 31 31 14 89 75 37 7 33 4 61 79 16 94 9 6 53 17 10 89 20 10 15 32 11 22 0 14 8 19 1 30 44 48 86 60 58 19 33 4 15 70 48 7 31 4 75 75 77 70 97 15 55 6 55 55 92 20 79 2 25 83 61 2 2 12 46
0 23 0 48 35 25 83 17 84 70 13 15 10 20 49 4 51 0 37 61 11 26 0 3 56 57 76 92 20 74 9 10 28 87 79 60 3 17 75 37 15 0 2 61 87 22 41 19 5 18 50 52 49 11 21 6 32 40 22 0 21 17 18 1 3 74 66 86 62 74 14 15 10 15 73 25 19 61 44 79 5 50 70 56 15 18 29 56 79 92 83 80 0 16 83 21 36 2 12 17
0 56 43 48 100 7 83 26 84 5 55 15 2 20 62 4 51 13 37 37 11 62 0 50 7 48 76 92 41 33 17 10 16 87 79 60 14 89 75 19 33 33 33 5 52 16 94 35 9 31 12 14 6 3 21 15 31 12 26 0 77 72 5 1 34 74 29 84 62 45 10 15 23 1 63 65 19 61 42 79 58 44 70 96 15 78 29 1 79 21 16 77 4 21 83 61 24 2 12 46
1 56 27 38 100 25 30 26 15 70 55 15 27 1 8 3 8 5 17 26 2 62 0 47 93 67 18 58 31 28 17 10 33 61 76 60 4 89 75 37 50 33 33 61 87 1 94 24 2 53 60 52 70 2 21 15 32 39 7 0 77 69 1 1 34 58 66 86 62 32 18 7 23 15 73 65 10 61 25 56 34 36 70 22 11 40 12 48 79 58 92 80 4 41 58 61 39 2 12 17
1 28 29 48 94 25 49 14 47 25 55 13 23 14 62 4 51 9 12 45 3 60 0 32 78 21 62 92 24 10 17 10 45 1 79 60 14 89 75 11 12 33 14 15 87 22 94 11 11 53 83 52 78 20 21 13 32 44 26 0 71 72 17 1 7 74 66 50 62 86 19 0 21 15 73 65 19 61 44 32 75 58 70 97 15 78 29 56 75 92 29 39 4 26 78 61 22 2 12 1
1 32 43 48 0 10 83 26 84 70 55 15 2 20 53 4 6 13 32 61 3 51 0 15 93 30 76 92 6 1 17 10 45 5 63 60 12 11 75 37 58 33 15 19 87 22 94 35 10 25 51 41 40 16 4 15 29 44 26 0 77 47 20 1 14 74 7 86 62 23 19 33 22 13 73 65 19 61 44 72 75 8 70 23 15 78 6 2 14 65 92 27 4 41 70 61 16 2 12 21
1 5 43 8 54 25 83 15 47 70 55 15 27 20 18 4 51 8 3 7 11 62 0 53 93 67 76 77 41 35 16 10 45 87 52 60 5 35 48 37 15 2 33 61 16 22 94 35 11 8 7 8 29 0 21 12 32 44 26 0 77 15 24 0 34 69 66 86 23 86 15 33 23 10 16 23 17 61 27 35 46 77 70 42 15 78 29 27 52 92 72 80 2 41 23 49 39 2 6 46
1 56 43 48 100 25 48 26 57 70 55 15 27 17 62 4 0 13 37 30 11 62 0 34 93 67 30 92 20 72 17 1 14 44 59 20 14 29 24 35 23 33 33 4 87 22 94 35 4 32 70 0 89 20 21 15 12 44 11 0 77 11 12 1 32 74 21 86 3 26 9 4 23 9 25 65 19 43 44 55 75 21 70 90 15 78 12 56 79 16 70 60 4 41 62 48 14 2 12 36
0 53 43 6 6 25 74 20 84 17 13 15 7 1 62 1 51 7 35 23 11 45 0 53 56 7 76 22 41 17 16 1 20 87 79 60 14 89 75 37 30 33 33 30 81 22 94 22 6 53 83 0 89 15 21 15 32 39 19 0 77 26 24 0 17 46 47 86 62 86 3 2 23 13 73 44 19 61 33 22 19 77 70 80 15 7 29 42 79 46 92 2 4 41 39 61 19 1 4 13
1 56 43 48 68 25 42 26 84 70 55 12 18 20 11 0 51 13 26 27 1 62 0 53 93 67 76 92 41 74 17 10 45 72 79 60 11 89 65 4 42 12 16 61 87 21 94 35 2 53 13 46 28 17 21 5 32 44 9 0 77 72 24 0 11 65 51 41 14 61 19 17 23 9 62 65 19 61 44 76 75 77 70 97 0 29 22 56 35 92 27 80 2 5 4 61 17 2 12 2
1 34 43 37 87 25 25 26 84 11 43 15 27 18 62 4 43 13 11 32 11 62 0 53 93 67 76 92 41 74 7 0 45 87 79 6 5 89 26 37 7 14 33 14 2 22 94 35 6 44 83 37 78 20 12 9 32 6 17 0 36 72 24 0 16 74 66 86 39 86 19 17 5 6 35 47 4 61 34 39 75 77 13 1 13 78 29 32 3 92 92 80 4 41 83 0 39 2 11 45
0 56 1 31 42 25 83 19 84 70 52 9 8 4 5 4 51 13 37 44 11 40 0 2 93 67 9 92 5 53 17 10 30 87 79 35 8 46 75 33 0 5 33 61 87 12 53 24 11 53 83 0 89 13 1 0 32 34 23 0 16 72 5 1 0 39 66 70 62 86 7 33 23 15 18 65 19 61 11 79 12 77 23 97 10 48 29 47 79 85 92 80 4 41 83 61 39 2 1 46
1 56 8 19 100 17 3 18 84 56 55 15 27 20 62 1 51 13 13 21 11 62 0 53 93 67 73 85 41 74 17 10 45 87 79 60 14 57 57 37 36 33 33 51 73 22 80 35 4 32 58 52 89 20 16 1 32 44 26 0 77 72 24 0 34 74 66 57 20 73 4 10 6 15 27 13 19 61 3 79 44 77 70 63 15 37 29 29 79 3 85 54 2 29 63 6 23 2 12 23
0 56 43 48 8 22 13 24 84 17 55 15 27 11 62 4 48 8 10 61 11 35 0 53 91 67 76 84 32 74 11 10 14 44 79 31 11 52 75 19 33 33 33 61 85 22 94 35 10 15 80 30 89 20 21 12 32 44 3 0 77 72 22 0 0 42 66 76 0 28 19 33 6 15 73 51 0 42 44 79 75 40 15 97 12 78 29 56 35 92 5 80 4 8 83 61 39 2 12 46
1 5 37 48 100 25 83 25 84 53 0 15 22 19 40 1 51 0 37 61 11 0 0 36 7 22 76 34 41 41 17 0 8 27 49 14 12 89 75 30 58 33 33 61 48 8 52 35 9 53 74 52 89 20 21 15 18 44 20 0 77 72 24 1 9 74 39 67 62 44 19 33 23 15 14 65 19 61 10 65 30 77 58 97 0 78 15 56 79 92 70 80 4 12 29 61 39 0 2 16
1 56 43 48 0 1 31 26 78 4 16 8 2 20 12 4 29 13 37 2 11 62 0 5 93 6 76 92 16 24 16 6 4 87 79 60 14 89 75 37 54 33 33 61 66 22 94 33 11 35 32 52 89 20 21 1 32 44 22 0 77 43 12 0 34 74 17 86 62 86 19 19 11 9 21 65 11 61 34 79 70 63 35 97 6 78 23 6 79 92 92 80 3 10 83 61 39 2 12 11
0 44 43 48 100 25 83 26 80 70 55 15 5 20 58 4 9 13 37 61 11 62 0 53 38 10 11 11 41 1 16 7 45 33 66 37 14 74 38 37 24 33 33 53 87 20 50 35 7 3 83 52 89 1 21 15 17 44 26 0 62 72 24 0 34 57 25 86 62 62 19 24 23 15 73 46 17 61 44 79 0 77 24 97 15 69 9 46 34 37 43 80 4 12 69 61 39 0 12 46
0 56 38 47 100 21 8 26 65 58 22 15 15 20 62 4 39 13 37 61 11 62 0 21 93 67 64 2 41 62 17 10 45 87 79 60 14 89 75 21 58 15 27 61 63 22 94 35 9 32 42 35 7 20 0 5 2 43 26 0 77 7 24 1 34 25 20 86 62 33 19 33 20 15 73 28 3 43 7 76 75 77 40 97 15 62 23 52 79 92 92 68 4 41 78 61 3 2 12 46
1 50 43 14 58 25 83 11 84 70 12 12 27 20 62 0 2 4 26 31 4 62 0 53 93 67 76 48 4 74 6 1 0 36 19 60 14 89 14 37 3 33 33 25 7 22 32 35 11 53 83 10 89 20 21 14 16 44 0 0 77 71 24 1 34 25 66 86 62 86 19 33 5 3 73 34 13 23 36 52 18 77 54 97 15 78 7 25 35 92 91 38 0 16 83 0 5 2 0 46
0 56 23 27 27 22 40 26 84 53 45 15 13 0 62 4 51 13 37 0 11 62 0 14 93 67 76 39 1 4 2 10 44 73 40 42 14 11 75 37 2 20 32 32 84 22 94 13 11 27 83 52 89 13 6 15 32 44 26 0 77 5 24 1 34 14 34 16 46 62 5 33 16 11 73 65 19 61 44 9 54 6 70 23 15 78 22 56 33 92 55 80 0 41 83 61 39 1 7 45
1 56 43 48 100 25 79 18 32 70 19 10 23 20 15 0 51 13 37 5 11 52 0 13 93 13 76 92 41 64 17 10 41 87 79 29 14 89 60 32 58 33 33 2 87 13 94 19 6 48 83 52 51 1 8 13 0 44 0 0 77 72 24 1 34 45 66 86 62 36 19 33 23 15 8 65 16 19 43 79 75 56 70 97 4 78 29 28 79 14 80 80 4 41 83 61 39 0 10 26
1 53 12 48 40 6 32 26 22 67 11 15 27 20 62 4 3 1 37 3 11 54 0 25 64 49 7 87 0 27 7 10 45 87 79 2 14 48 68 37 39 33 20 61 87 22 94 26 11 32 31 8 89 20 13 1 17 27 4 0 77 50 24 0 19 74 39 86 5 86 18 6 23 15 59 13 19 61 17 79 75 5 46 79 15 71 29 17 79 44 12 80 2 41 83 18 0 2 1 18
1 56 43 22 100 20 83 17 84 70 0 8 27 20 56 4 51 13 7 45 2 56 0 53 93 23 76 0 0 50 17 10 28 87 53 60 14 89 57 37 23 24 12 7 13 1 94 35 8 53 83 52 49 20 21 2 2 31 12 0 77 57 24 1 34 74 66 61 58 60 9 0 18 15 18 65 11 22 44 8 75 4 62 97 6 11 24 56 79 92 92 80 0 41 83 61 39 2 12 46
0 56 43 48 100 25 83 26 52 52 55 6 27 20 20 4 11 13 7 61 11 37 0 53 88 67 76 92 9 74 17 10 45 77 7 60 6 89 75 37 58 33 33 28 87 22 94 35 11 53 34 52 89 20 21 15 13 44 18 0 77 72 5 1 34 32 66 86 54 86 19 33 16 15 73 65 19 61 36 34 73 77 70 14 0 78 7 18 79 92 36 80 1 41 16 61 35 2 11 46
0 56 27 48 100 3 69 22 75 27 55 15 13 19 5 3 51 0 37 61 11 42 0 53 28 62 40 85 41 28 12 8 45 87 54 60 9 78 41 37 58 18 29 61 87 22 94 19 11 53 83 9 45 16 9 15 32 10 19 0 44 72 23 1 34 74 4 40 19 86 11 33 6 15 73 48 19 61 26 79 52 77 1 49 8 78 29 56 79 14 40 53 1 15 16 61 0 2 12 46
1 24 35 1 100 25 83 12 29 70 25 10 27 20 62 4 51 13 8 21 4 62 0 23 93 67 68 92 30 74 13 1 7 51 16 60 5 89 75 37 58 33 33 61 87 19 94 35 11 20 10 21 89 14 21 0 32 44 13 0 77 72 24 1 30 74 53 48 62 77 19 33 23 15 73 65 19 61 44 60 39 18 59 97 14 1 29 41 79 56 92 69 4 41 35 17 26 1 11 26
0 50 16 0 50 25 83 12 51 41 55 3 27 20 56 3 29 8 37 61 4 48 0 53 93 23 76 92 4 30 17 10 45 87 79 60 2 66 4 37 47 33 33 61 87 7 94 35 10 53 83 52 44 17 21 15 15 29 26 0 77 27 0 1 34 74 66 86 2 86 11 27 23 15 56 17 7 5 32 13 75 43 70 56 15 61 29 51 8 9 9 12 4 41 61 61 39 2 12 46
1 56 23 48 93 25 40 7 84 43 25 15 27 20 62 1 51 8 28 61 3 62 0 53 59 67 76 92 41 74 17 10 45 35 79 15 14 89 75 37 17 19 33 61 28 7 94 35 11 53 33 52 46 13 21 14 22 41 26 0 32 40 24 1 34 65 66 86 5 18 19 7 0 11 73 65 13 39 33 79 75 77 70 97 15 41 19 33 79 92 76 19 4 2 42 61 9 0 12 46
0 56 43 48 100 2 15 26 84 70 55 15 27 20 32 4 42 1 2 34 5 62 0 28 93 67 76 92 8 61 17 10 3 87 79 40 14 78 14 33 58 33 32 13 87 18 27 35 10 44 37 30 89 20 2 8 0 44 26 0 19 37 24 1 20 74 5 86 62 78 19 4 23 15 73 34 19 61 0 64 2 5 35 97 11 58 2 56 2 92 46 80 4 29 2 3 39 2 12 46
1 56 23 48 100 23 83 15 25 70 28 13 27 20 51 4 51 13 37 49 11 54 0 53 57 67 42 92 41 74 9 5 45 87 60 60 0 89 75 0 15 33 28 60 87 22 94 2 11 2 83 12 89 20 21 15 23 44 26 0 77 32 24 0 5 74 32 4 27 2 17 33 10 15 10 57 12 38 40 79 75 77 70 73 15 63 29 56 21 91 92 80 4 41 8 54 7 2 12 18
0 50 43 39 100 15 24 26 20 49 55 10 27 20 30 3 46 1 3 21 11 20 0 53 93 53 76 92 29 22 11 8 1 87 79 60 14 52 75 37 58 8 24 61 86 8 94 10 11 31 58 8 89 20 21 15 32 24 26 0 77 72 15 1 34 68 17 86 62 86 1 28 23 15 61 65 7 35 44 10 24 16 1 38 4 53 20 48 79 92 29 80 3 41 32 35 39 2 12 46
1 42 4 48 52 25 78 11 84 40 55 15 18 20 31 4 35 1 37 56 2 62 0 53 93 67 76 92 1 74 12 10 35 87 79 60 14 48 16 3 28 33 33 26 87 22 84 22 6 3 83 52 89 11 21 12 32 44 26 0 40 29 24 1 27 13 66 86 62 86 12 2 8 15 73 65 17 61 38 79 38 77 33 5 15 78 11 42 79 41 92 41 4 7 83 61 14 2 10 46
0 56 39 48 100 25 52 11 84 34 55 11 16 13 62 4 51 5 37 46 6 34 0 49 93 67 69 92 20 74 17 10 31 87 64 60 14 89 75 37 58 28 33 61 25 22 94 35 0 53 83 27 37 15 21 15 4 44 6 0 44 65 24 1 5 39 9 37 2 86 8 33 23 15 46 65 9 61 2 79 64 77 45 97 0 78 29 49 79 55 92 80 4 41 83 53 39 2 12 6
1 33 43 18 100 1 38 19 30 49 55 10 27 20 33 4 51 13 37 61 11 58 0 53 93 67 14 48 36 10 16 8 45 20 79 25 13 89 1 36 46 33 33 61 87 22 94 35 11 11 26 52 26 12 21 8 9 44 22 0 53 72 24 1 16 9 3 48 62 85 8 20 4 15 73 65 19 61 44 79 75 77 62 97 15 14 2 56 68 92 33 80 4 41 79 0 39 2 12 15
1 56 7 48 64 25 83 26 55 70 3 12 14 7 31 4 51 13 12 61 1 62 0 53 93 67 16 92 9 74 17 10 45 87 10 60 14 89 75 37 58 9 33 4 87 5 94 35 2 53 83 21 89 6 21 0 29 44 8 0 77 72 24 1 18 1 66 86 19 72 19 31 0 15 14 52 1 60 44 8 29 77 70 28 15 78 18 6 62 88 92 80 4 41 83 61 30 2 12 46
0 56 43 48 100 25 41 17 84 32 55 15 27 19 62 4 51 13 37 61 2 52 0 32 93 51 76 72 32 74 17 9 45 66 79 12 10 89 66 29 4 29 33 61 87 22 94 35 11 53 83 26 69 20 21 3 13 10 26 0 43 61 24 1 34 74 66 43 62 84 19 0 23 15 73 65 10 54 4 79 75 72 29 62 15 78 23 56 6 67 92 80 4 41 79 7 39 2 9 46
0 32 0 48 77 6 83 26 84 70 23 15 6 11 62 4 51 0 9 60 1 62 0 13 85 9 76 92 26 22 0 10 45 87 11 60 1 89 71 37 58 33 33 23 47 22 46 35 0 47 83 5 13 5 21 15 27 6 24 0 29 55 4 1 34 74 66 29 27 56 19 33 23 11 73 19 19 61 16 79 75 77 70 3 10 57 29 56 79 92 92 80 2 34 60 61 11 2 12 38
1 56 17 48 6 22 66 15 84 4 55 12 27 18 22 0 51 13 33 41 0 62 0 53 93 67 76 91 41 74 17 10 45 87 79 48 14 87 75 37 58 18 4 39 73 22 94 35 7 53 83 40 89 20 21 15 32 3 26 0 32 47 21 0 18 63 6 44 62 86 19 33 18 8 59 13 19 1 44 79 75 16 70 97 15 77 12 56 10 8 92 56 0 41 48 61 39 2 2 46
1 30 43 48 100 25 83 22 84 70 31 15 27 20 60 4 51 11 0 0 1 39 0 53 48 63 55 52 41 34 17 2 45 55 24 60 14 41 75 37 44 33 33 24 87 22 94 24 6 25 77 39 89 3 0 15 32 15 26 0 77 49 24 0 34 1 66 86 44 82 14 19 16 15 73 35 10 52 6 79 75 72 70 37 15 69 9 1 76 22 92 80 4 41 83 61 33 1 6 27
1 56 43 48 100 25 52 18 55 70 5 15 0 1 62 1 15 13 18 7 11 33 0 53 93 67 76 10 41 30 17 10 33 40 79 60 3 89 75 37 58 33 33 61 87 22 11 35 11 11 18 22 25 8 21 15 18 44 26 0 77 72 24 1 34 74 66 28 1 86 0 33 23 3 12 65 19 61 42 79 48 77 70 24 7 0 29 44 79 92 92 80 4 12 83 61 11 2 12 46
1 39 11 48 100 9 83 5 84 20 55 15 21 20 62 2 51 11 32 61 8 62 0 53 93 5 45 92 41 74 15 10 16 87 79 40 2 28 75 37 58 33 33 61 87 22 33 9 1 53 67 40 89 20 3 6 32 44 26 0 77 5 1 0 34 9 66 86 62 48 0 33 23 14 73 65 19 61 44 79 19 77 10 97 15 47 29 33 66 25 76 51 4 41 31 58 39 0 12 46
0 56 2 48 3 25 6 26 79 42 55 15 27 10 62 1 22 13 37 36 9 2 0 10 93 67 23 41 41 15 17 5 15 4 79 16 14 88 37 14 58 10 33 61 87 22 94 35 11 53 29 52 84 20 21 15 15 36 26 0 54 2 24 1 34 61 66 40 62 74 19 33 23 15 21 65 19 55 37 79 31 67 70 68 9 78 29 39 79 36 92 10 4 6 1 46 39 2 12 46
0 7 43 33 16 25 75 26 84 26 55 12 20 12 44 3 51 7 13 61 11 26 0 53 76 67 20 21 16 74 14 10 39 38 79 33 14 58 75 24 23 33 12 61 46 22 94 20 11 39 83 8 71 3 21 13 28 44 23 0 29 45 24 1 34 74 58 79 62 45 2 4 0 15 73 64 19 7 44 70 75 12 58 87 15 78 5 8 79 20 15 80 4 38 83 61 38 1 12 46
1 36 24 48 100 25 83 26 84 46 9 15 27 2 60 4 46 3 21 48 11 44 0 53 41 23 76 92 41 74 13 5 27 12 45 4 14 89 75 20 58 33 33 61 87 10 94 35 11 53 83 52 89 13 11 5 6 19 19 0 77 61 12 1 33 74 10 86 62 86 18 13 23 11 43 27 15 17 28 79 47 64 70 97 2 78 13 56 13 92 92 42 2 22 83 61 39 2 12 34
1 5 43 48 27 14 83 26 48 59 13 10 15 20 9 4 1 5 37 61 3 62 0 53 93 67 53 92 41 74 4 10 45 45 79 38 14 86 75 21 58 31 33 51 26 22 79 31 11 37 83 52 89 20 9 2 17 43 3 0 77 72 24 1 34 74 13 86 18 25 19 4 19 0 56 65 19 24 17 44 75 9 65 97 15 61 6 56 79 92 68 67 4 0 83 61 7 2 1 46
1 28 4 27 78 25 46 2 84 36 14 15 4 9 62 3 0 6 32 61 11 18 0 53 43 67 32 84 41 15 17 1 19 87 32 60 14 89 67 37 8 11 33 61 73 22 94 35 9 40 45 45 54 20 21 15 1 1 26 0 50 72 24 1 34 50 7 62 39 76 1 17 3 9 73 18 14 61 40 53 75 49 70 21 8 14 1 56 51 92 32 47 0 41 39 4 39 2 12 38
0 56 43 47 100 8 83 8 61 70 55 15 27 20 57 4 51 7 37 61 7 62 0 32 5 20 76 92 41 74 17 10 45 87 15 14 11 18 50 37 43 26 24 61 87 3 44 21 11 15 83 2 89 19 21 7 11 44 7 0 24 47 24 1 13 25 21 67 62 86 19 33 23 15 73 65 18 2 44 61 75 77 68 97 7 78 11 28 76 92 64 23 4 1 10 21 7 2 12 5
0 56 35 48 4 25 68 26 84 22 55 15 12 20 30 4 51 2 37 35 8 62 0 53 2 29 76 92 24 74 17 7 45 0 79 24 2 56 75 0 49 3 14 61 87 22 94 22 11 40 54 34 89 14 21 14 28 44 13 0 77 72 24 1 34 46 59 81 62 86 19 33 23 15 73 65 19 32 44 79 72 77 25 45 0 78 29 14 20 20 18 9 3 25 83 61 10 1 12 46
1 56 19 48 100 23 83 4 17 70 55 4 23 20 12 0 33 9 18 61 11 18 0 0 7 59 6 80 41 74 7 10 12 87 47 26 0 61 75 5 38 23 2 61 26 5 94 35 11 53 37 43 36 15 21 3 24 34 26 0 77 16 24 1 7 74 66 33 62 86 19 33 23 4 73 65 19 61 41 0 74 77 70 51 15 6 18 56 65 60 92 20 2 41 60 61 39 2 12 20
1 56 32 48 62 10 83 26 41 58 46 15 27 8 62 4 51 13 37 61 11 62 0 53 93 66 26 63 40 5 3 6 19 87 79 1 0 22 75 37 24 4 33 10 72 22 75 11 10 6 83 52 22 7 4 15 32 32 26 0 77 72 13 1 8 74 57 82 30 86 19 33 9 15 73 57 15 42 33 79 39 18 70 97 7 78 29 56 6 92 92 77 4 16 10 61 8 0 6 15
1 56 27 46 100 9 53 11 84 70 16 3 27 20 62 4 21 2 37 61 10 62 0 53 93 29 66 76 19 74 17 3 2 16 79 54 11 74 75 8 12 18 33 61 49 4 94 35 7 24 67 31 56 1 21 15 32 44 20 0 77 72 24 0 34 36 13 86 62 85 0 0 20 15 64 65 13 11 44 79 35 77 70 97 7 72 19 8 50 72 40 34 2 41 83 61 29 0 12 4
1 56 43 13 20 25 27 26 84 70 55 6 27 11 62 0 51 6 37 41 11 62 0 53 84 56 8 42 41 74 3 2 32 6 79 26 12 89 75 32 12 20 0 50 21 22 94 35 0 53 8 18 89 20 17 15 32 4 6 0 77 72 15 1 0 74 66 51 62 86 14 33 6 15 28 8 19 44 44 79 75 77 70 94 15 78 18 5 79 55 92 49 4 36 12 35 39 1 12 46
0 17 43 1 100 25 83 7 45 54 55 15 18 20 62 4 34 4 4 4 11 62 0 3 93 67 68 92 41 74 17 6 45 50 75 37 14 22 75 37 9 30 16 61 61 19 60 35 0 53 18 52 44 16 21 15 32 44 13 0 77 21 2 1 34 74 50 39 9 4 15 20 23 15 66 37 19 29 44 78 75 77 70 97 15 78 29 56 79 10 47 73 1 41 52 44 2 2 12 15
1 41 43 48 100 22 71 26 84 70 55 15 6 10 3 4 51 6 37 61 11 30 0 53 93 67 76 92 41 74 17 3 35 1 79 51 14 89 75 21 58 32 33 21 87 22 94 35 0 53 83 24 89 12 7 0 15 44 26 0 50 72 24 1 34 2 62 86 62 86 4 33 23 15 12 30 16 61 44 18 30 77 19 46 15 53 29 56 33 92 57 80 4 18 83 61 17 2 9 46
1 56 43 7 100 25 58 26 84 70 55 15 27 20 62 1 51 0 24 9 11 62 0 1 51 2 35 66 0 40 2 5 45 57 79 0 14 89 31 5 5 33 33 54 22 22 94 21 8 25 21 52 2 20 12 15 32 44 1 0 77 31 11 1 34 74 50 86 62 86 8 33 23 13 73 21 19 61 44 79 75 49 70 97 15 5 29 5 49 92 22 11 4 1 58 58 23 2 12 46
0 56 43 47 100 2 83 12 84 70 55 15 27 4 62 3 51 13 27 39 11 62 0 53 93 67 76 92 41 74 16 10 38 87 19 60 14 89 64 37 34 33 33 61 87 14 21 35 10 6 83 52 89 13 20 15 26 2 26 0 77 15 18 1 34 74 66 86 62 86 19 4 23 15 73 65 19 61 44 79 13 77 70 16 15 49 29 56 79 16 22 80 4 41 83 61 33 1 3 7
1 47 43 30 100 20 83 26 41 24 55 15 19 10 62 4 25 13 37 61 2 62 0 37 82 67 76 0 18 3 10 10 19 9 79 30 6 89 75 25 50 33 20 61 87 22 94 35 11 53 83 52 48 20 15 15 5 39 10 0 21 12 24 1 30 74 66 86 29 86 19 32 23 15 51 65 19 61 44 66 75 77 40 27 15 24 14 56 79 65 92 58 3 36 40 33 12 2 2 46
1 51 30 9 100 9 83 12 84 70 7 1 27 20 35 2 21 11 37 50 11 62 0 53 55 67 41 51 41 74 8 7 45 87 51 60 11 89 75 29 3 32 33 53 87 17 5 19 7 53 83 52 50 16 21 4 16 9 6 0 12 72 0 1 17 5 44 86 4 86 19 26 23 15 21 65 19 61 44 79 2 2 40 97 3 8 13 55 79 42 9 80 4 41 83 61 39 2 12 46
1 56 22 33 71 2 83 10 56 70 53 15 3 20 62 1 51 13 37 49 11 30 0 53 93 63 76 92 41 74 17 10 5 87 77 17 14 89 2 37 13 33 22 46 87 22 94 6 3 53 83 30 64 8 0 13 32 44 3 0 77 13 24 1 34 74 37 86 62 86 19 33 19 11 53 65 15 9 44 79 72 29 70 97 15 8 13 56 19 92 45 80 4 7 83 19 38 1 12 46
1 17 43 48 100 25 83 6 84 70 55 12 27 18 62 2 47 12 37 61 5 62 0 50 45 67 74 92 38 30 17 4 45 3 79 30 14 89 3 27 58 33 0 8 87 0 94 35 3 31 43 44 63 4 21 15 4 44 5 0 30 72 5 1 34 64 66 86 62 20 16 33 23 15 52 65 19 61 44 79 61 41 70 84 15 78 18 56 79 92 92 33 0 41 83 61 39 2 2 46
1 8 43 36 100 16 49 11 84 12 11 3 10 20 41 2 19 13 6 19 11 1 0 17 91 13 76 72 17 74 3 10 10 32 79 60 14 1 75 37 58 3 33 37 67 3 37 25 11 53 42 52 89 20 21 1 32 44 0 0 77 34 24 1 33 71 66 51 62 86 11 33 23 15 47 9 19 19 2 6 65 77 70 97 14 57 29 16 6 55 48 64 4 6 83 44 39 2 12 39
1 11 43 7 100 25 18 26 84 70 55 14 27 20 62 3 51 2 37 47 10 62 0 15 93 29 27 56 39 21 17 1 45 11 79 60 2 21 75 37 15 33 33 61 87 22 94 20 3 13 83 52 41 20 21 12 30 1 26 0 77 3 15 0 26 74 66 86 31 53 4 33 13 15 73 65 12 61 28 24 22 77 70 26 1 4 13 56 7 47 92 80 4 41 13 46 39 2 0 43
1 27 43 48 100 25 83 26 27 70 9 0 27 20 53 4 19 13 23 41 11 59 0 49 45 67 34 92 41 74 6 10 39 87 17 60 14 89 75 37 58 33 33 61 24 22 89 23 10 8 83 52 89 5 10 2 17 27 9 0 77 72 24 1 34 74 66 62 19 86 16 33 23 9 13 10 6 17 44 79 48 77 70 97 15 78 10 22 37 10 16 43 4 41 18 61 27 2 12 46
1 56 43 48 100 1 70 25 57 70 55 11 23 20 52 4 51 13 37 61 11 50 0 36 44 16 76 92 41 50 3 10 0 66 58 22 8 89 75 25 52 28 3 61 87 22 3 35 10 53 83 43 89 7 21 5 32 3 26 0 77 72 24 1 34 47 66 70 50 82 0 33 23 15 36 13 19 6 40 58 63 15 6 2 15 33 28 36 57 8 87 51 1 19 19 61 39 0 12 46
1 30 4 48 100 25 83 5 84 70 13 15 9 6 44 1 51 12 8 10 11 62 0 4 93 9 22 92 8 74 16 10 26 58 79 60 8 51 75 12 51 33 26 27 87 15 5 35 11 6 59 45 89 20 2 14 32 44 26 0 10 72 13 1 34 0 66 86 44 86 4 33 23 15 71 65 12 27 31 79 75 77 70 14 15 59 21 56 79 82 54 80 4 41 55 61 39 2 4 10
0 56 43 43 100 25 24 26 60 70 13 15 22 20 38 4 51 13 35 22 11 19 0 35 93 67 76 59 41 74 10 10 45 53 79 60 5 68 75 37 58 33 33 61 83 0 71 35 2 53 83 52 89 20 1 14 15 40 21 0 42 72 24 0 28 74 23 32 62 86 12 32 10 15 73 65 19 26 15 25 75 77 22 97 5 78 29 5 6 92 27 76 2 18 52 3 0 0 12 6
0 30 43 48 2 25 83 26 84 70 47 15 5 8 47 4 51 13 36 33 11 62 0 53 90 21 26 92 24 16 17 6 45 87 50 60 14 89 75 11 58 32 8 61 87 22 94 35 3 27 54 10 63 5 16 15 32 43 26 0 77 72 24 1 21 8 11 56 62 30 12 33 6 6 57 65 1 61 44 79 75 77 70 85 9 0 29 16 68 92 26 80 4 1 83 61 3 2 2 46
1 56 35 14 24 25 49 2 44 70 27 15 1 20 5 1 1 9 37 61 1 55 0 53 93 67 4 40 41 41 17 10 1 77 79 60 14 89 75 37 58 24 32 34 29 19 29 28 2 53 83 52 89 13 21 15 7 14 26 0 77 72 24 1 34 74 66 86 62 83 19 9 23 15 73 61 19 52 44 79 46 77 70 97 1 49 25 56 79 92 33 41 1 32 78 61 39 0 5 46
1 44 43 42 100 25 59 14 51 44 17 9 4 20 62 1 42 5 22 61 11 62 0 10 93 63 76 92 41 74 0 10 28 87 79 60 14 89 75 10 58 33 33 61 87 11 47 35 5 15 83 43 89 20 21 4 0 44 26 0 77 59 24 1 34 74 65 86 62 86 19 33 23 5 73 65 6 11 44 79 59 77 51 97 10 78 29 6 56 46 65 55 4 41 83 61 3 2 10 10
1 56 23 48 50 25 83 26 84 70 0 15 27 20 7 2 11 13 1 61 11 39 0 53 93 67 76 67 41 74 15 10 45 17 79 60 14 89 75 37 54 33 18 25 65 9 94 28 8 34 10 5 89 17 0 3 28 24 8 0 22 72 24 1 9 53 16 86 3 86 2 33 13 15 73 65 19 61 31 79 69 77 70 82 7 78 29 56 79 39 69 5 3 0 83 18 24 2 12 1
1 56 43 48 77 10 1 9 51 29 55 15 27 7 62 0 51 5 26 2 11 48 0 13 33 57 76 92 41 58 17 10 45 87 15 60 8 64 75 4 1 33 33 35 23 13 94 16 11 0 83 52 89 20 21 15 32 30 0 0 38 72 10 1 34 49 19 86 10 86 19 12 15 7 73 65 19 56 35 79 75 77 0 97 6 78 29 28 57 0 29 80 4 41 9 61 39 2 12 42
1 56 32 48 79 25 83 0 84 70 26 9 7 8 62 0 47 8 33 61 2 62 0 34 93 6 34 92 41 54 17 9 45 87 79 46 14 89 75 37 51 2 9 61 29 22 94 32 11 52 55 52 71 20 21 7 13 44 26 0 77 28 24 1 34 38 66 34 62 67 12 33 8 10 73 46 4 17 26 79 75 77 69 10 15 14 29 56 60 61 21 80 0 41 9 61 39 2 2 46
1 4 26 30 17 25 75 26 84 61 55 15 16 20 62 4 51 13 23 61 11 62 0 53 93 34 76 85 11 74 5 10 45 31 79 60 0 28 75 2 4 33 33 44 62 22 23 35 4 53 83 5 89 19 21 2 23 6 26 0 13 64 5 1 19 74 50 35 6 86 19 12 23 6 73 50 2 31 40 13 75 29 70 97 15 78 29 56 4 92 31 65 4 9 44 61 39 2 3 46
1 29 22 5 100 25 67 26 78 67 55 14 27 20 62 3 35 9 2 31 1 62 0 8 93 67 11 92 23 74 10 1 23 87 0 60 4 89 72 37 30 21 20 61 62 8 94 12 11 53 70 52 4 12 19 14 26 44 26 0 77 3 3 1 34 74 66 86 62 70 19 28 23 3 73 65 15 30 44 26 75 77 40 97 15 78 17 56 79 92 92 16 0 41 36 61 39 2 12 16
1 21 21 48 100 25 83 26 84 34 25 15 19 17 62 4 50 11 16 61 6 62 0 28 93 11 76 45 41 34 7 4 43 83 79 30 14 19 30 37 58 33 11 24 87 8 31 20 11 53 83 11 89 20 21 1 32 44 26 0 77 72 2 1 34 3 44 21 62 86 19 32 23 15 67 32 11 42 21 37 75 77 21 97 12 67 6 33 79 40 0 80 4 29 60 29 29 2 12 46
1 1 22 43 51 21 48 26 84 47 21 2 26 10 62 2 4 11 37 61 11 30 0 18 0 67 76 92 13 74 17 4 45 87 79 28 14 50 6 28 58 13 24 36 87 22 24 20 8 53 83 52 44 7 21 15 32 44 17 0 77 72 24 1 2 12 66 23 13 86 19 33 23 15 21 65 6 61 44 6 54 67 70 75 15 78 29 56 52 92 43 80 4 13 41 5 39 2 8 2
1 56 12 48 100 22 73 19 84 46 55 11 26 3 7 4 8 13 37 61 7 62 0 53 13 22 76 92 41 20 1 10 32 87 79 60 14 89 58 37 12 33 4 61 52 16 94 7 11 12 83 36 66 20 21 15 6 44 11 0 77 72 24 1 2 35 36 86 32 59 19 33 23 5 73 39 19 15 44 79 5 77 70 97 15 78 29 9 61 92 67 80 2 41 83 8 38 0 12 15
