100 100
77 48 73 16 9 54 31 41 89 18 31 32 59 49 86 7 95 62 52 23 0 55 84 19 78 80 11 51 19 66 59 54 10 59 38 80 94 98 38 8 32 86 73 63 6 29 81 59 94 4 20 4 1 6 70 19 65 46 37 89 75 18 41 80 34 7 68 77 78 94 86 10 8 66 57 38 9 59 38 52 39 40 72 59 26 94 91 69 99 94 48 28 12 3 45 40 39 31 7 44
56 5 66 6 3 6 16 34 73 16 27 9 57 32 50 5 56 36 51 13 0 40 40 2 55 78 7 3 9 37 12 37 6 50 29 67 38 35 15 7 23 34 65 52 5 14 71 6 35 4 11 4 0 5 59 9 46 30 18 55 37 2 27 1 24 3 18 35 21 48 19 4 2 58 1 15 7 52 21 20 36 19 53 37 15 55 70 44 62 73 40 1 9 3 16 28 1 15 6 39
24 7 63 11 2 43 27 12 32 12 17 4 52 43 20 4 61 21 2 22 0 51 65 18 3 80 1 37 17 15 15 8 0 23 21 51 17 92 33 3 17 23 17 1 0 1 11 38 66 3 6 0 1 4 40 18 15 7 10 19 9 16 38 69 32 5 10 19 18 86 51 3 8 63 55 14 1 59 4 25 31 25 18 41 14 83 40 67 4 16 5 23 9 2 6 17 12 2 3 16
19 48 65 16 2 31 19 37 51 6 5 19 21 23 1 0 43 50 10 19 0 30 83 16 40 56 9 13 11 12 56 54 4 50 17 80 57 16 1 2 7 33 41 48 1 12 39 36 7 0 15 3 0 0 7 17 54 12 2 12 66 6 30 56 7 2 5 9 27 31 30 3 8 15 18 4 0 23 15 30 11 22 70 15 7 68 34 26 81 51 7 17 10 1 21 20 30 21 3 2
50 43 10 1 5 54 6 19 22 7 30 20 55 25 20 0 53 27 5 6 0 10 58 4 6 60 1 24 3 34 19 53 4 28 20 66 81 32 30 6 11 2 49 50 1 27 43 1 16 3 13 2 0 5 43 4 59 1 13 29 1 9 23 19 23 2 1 35 43 58 46 4 4 26 44 1 8 52 3 37 9 13 49 55 2 82 15 46 7 74 23 4 5 3 33 34 26 9 7 12
14 3 64 14 1 50 28 10 18 2 15 2 34 44 53 3 19 48 27 15 0 12 27 17 44 4 2 14 10 57 45 31 4 52 18 13 33 71 18 7 11 59 11 15 3 26 1 47 42 2 2 1 0 3 69 18 32 16 19 17 59 11 25 68 5 4 40 56 59 51 82 1 4 66 12 31 3 22 19 18 39 10 35 19 23 82 36 20 39 9 45 10 6 3 35 11 21 14 0 20
60 2 13 15 6 38 11 27 89 5 16 27 21 30 47 2 83 34 10 15 0 10 43 3 9 44 5 15 12 3 16 0 7 13 15 75 38 38 29 0 4 32 9 33 4 16 54 50 59 0 12 3 1 0 54 4 2 6 19 45 16 3 5 50 12 0 22 74 2 78 54 9 8 24 1 36 7 3 24 22 7 17 17 14 23 91 8 14 94 17 40 14 1 0 19 3 9 15 2 1
73 15 34 15 9 11 29 13 78 6 15 10 52 49 39 3 43 18 2 16 0 25 14 1 1 8 10 9 13 12 54 18 4 23 37 41 27 60 34 6 16 61 0 1 6 3 8 59 1 1 11 3 1 6 50 16 12 4 23 47 13 9 35 23 28 2 5 35 21 54 0 0 7 12 47 5 7 59 9 31 20 21 39 48 23 3 68 35 11 39 47 4 9 0 17 35 39 25 5 23
2 29 32 5 8 35 2 11 18 13 25 18 39 46 83 3 64 52 7 21 0 4 10 10 44 24 7 4 4 30 38 15 6 12 31 29 3 68 10 5 15 50 58 43 2 0 6 42 3 4 12 4 0 2 42 5 3 26 21 54 57 13 34 41 1 5 2 65 13 88 29 0 7 42 6 29 2 19 34 3 39 25 9 1 17 32 91 45 62 74 4 15 9 1 7 12 29 19 4 35
12 42 3 15 0 0 4 1 75 6 10 13 42 35 38 0 76 16 11 8 0 52 52 4 48 67 8 51 8 15 12 34 5 52 28 37 81 20 12 3 14 7 14 37 2 8 42 35 79 0 3 0 1 3 54 1 18 16 13 58 24 4 33 53 9 1 22 9 44 5 50 6 6 27 33 24 2 0 24 18 15 6 38 37 1 27 40 43 60 36 41 20 9 0 17 20 5 24 7 1
8 29 59 14 1 4 4 27 53 4 9 23 14 49 20 3 55 11 49 22 0 46 43 15 2 32 11 16 18 30 4 53 6 47 19 36 85 30 37 4 10 30 59 39 4 29 40 20 80 1 8 2 0 2 30 1 54 3 2 27 30 7 16 74 12 2 18 75 32 17 31 6 1 32 40 38 8 44 7 13 16 34 9 35 20 61 15 40 37 6 36 26 0 2 16 2 27 14 3 30
41 42 72 15 4 10 14 2 53 9 0 29 16 36 81 3 55 30 19 16 0 9 33 16 7 55 4 41 12 3 0 29 6 43 0 52 36 51 37 6 13 22 7 1 4 15 46 8 14 0 11 0 1 0 44 6 10 44 21 83 40 17 31 36 12 6 57 57 0 68 16 3 1 23 17 6 9 25 27 35 16 12 26 46 3 64 83 64 48 17 0 19 7 1 18 19 27 30 0 28
66 4 66 9 0 17 21 41 78 5 12 16 30 5 31 3 65 52 35 20 0 51 81 9 12 14 3 50 10 59 34 36 8 32 13 13 0 7 14 5 31 60 57 31 4 9 8 39 12 0 9 1 0 6 63 14 46 9 29 58 42 12 22 48 9 6 32 0 67 8 39 4 5 21 51 19 9 7 5 39 22 7 21 20 4 21 48 23 93 9 29 21 3 0 0 14 3 4 1 12
43 2 45 11 1 21 3 15 57 11 4 17 40 34 57 1 48 23 50 11 0 8 29 17 54 78 11 43 8 45 3 9 0 54 28 48 78 26 29 6 3 28 7 8 1 13 40 21 62 4 20 0 1 0 28 7 9 28 0 65 14 0 22 24 26 1 46 23 8 7 83 4 0 3 50 2 1 10 21 52 36 23 63 13 7 38 26 11 52 94 35 23 6 1 32 17 25 25 7 5
43 21 63 5 6 46 19 28 54 15 18 19 3 44 27 5 92 52 17 22 0 55 22 5 45 24 8 30 6 2 37 23 0 3 16 35 93 76 38 8 13 55 38 21 2 9 71 44 75 3 17 2 0 6 39 18 27 11 12 88 33 9 29 54 32 7 50 11 69 74 52 0 8 44 34 25 0 33 11 22 2 29 62 30 0 93 1 69 84 73 15 11 5 0 3 38 21 13 6 34
3 22 41 1 4 25 5 12 20 2 12 4 30 5 19 6 31 33 6 4 0 41 25 7 50 22 7 25 15 34 0 15 8 5 14 36 15 6 1 6 23 44 12 21 0 22 27 27 51 2 13 2 1 0 23 8 1 18 32 9 31 18 17 33 26 3 62 33 45 35 45 10 8 65 27 5 6 14 25 38 1 32 19 46 5 56 21 64 12 63 37 22 1 0 10 17 18 4 0 37
34 47 28 0 1 47 31 35 12 18 7 5 31 49 72 0 43 53 24 20 0 54 21 7 43 75 2 36 1 11 48 52 7 13 30 4 10 51 1 5 4 16 63 61 0 12 14 24 45 2 18 2 0 3 33 10 25 8 17 56 9 3 6 44 0 0 60 15 56 21 52 2 6 50 32 20 7 33 24 50 1 22 34 17 9 52 47 49 52 20 19 13 5 0 14 27 1 20 0 35
6 27 59 2 9 5 13 35 44 13 3 26 36 41 86 0 86 28 38 15 0 35 36 3 1 16 11 50 18 44 24 9 0 49 11 30 14 81 23 3 14 1 33 21 2 11 0 17 14 1 6 1 0 2 58 13 9 33 1 88 11 1 33 51 3 6 21 22 40 2 34 6 8 61 57 36 9 43 10 1 9 27 40 57 9 33 88 5 12 58 36 26 3 3 17 5 9 27 3 43
67 24 49 9 5 14 9 22 73 13 6 20 0 17 3 4 26 6 12 13 0 21 67 19 46 15 10 26 17 23 50 43 10 35 24 75 11 69 20 3 24 32 66 55 3 22 46 54 52 0 11 4 0 2 68 3 58 1 15 14 73 15 16 17 16 0 42 74 35 65 20 7 2 27 4 2 9 43 13 38 31 31 61 37 17 26 10 4 70 19 27 16 11 2 23 14 31 5 4 13
20 43 50 11 0 17 1 10 49 1 20 18 30 11 60 5 40 24 24 1 0 30 43 17 47 8 1 42 7 46 36 49 1 23 1 79 92 21 27 0 26 82 47 11 4 7 36 6 34 2 2 2 0 3 67 14 63 4 10 54 25 3 8 39 6 2 3 29 35 73 53 10 8 45 33 18 8 32 3 51 17 13 22 36 1 15 13 41 2 67 28 28 6 2 25 1 20 5 0 37
73 32 29 7 0 11 18 17 62 17 19 0 34 10 15 4 90 36 49 6 0 3 50 6 73 3 6 13 4 50 57 43 3 27 18 77 15 24 16 4 28 30 10 30 4 28 22 16 55 3 20 3 1 3 49 17 49 9 10 52 38 1 9 46 25 2 59 55 4 19 9 0 8 16 55 36 2 22 38 7 19 36 40 23 23 32 63 35 93 76 44 20 7 1 32 27 24 27 0 7
51 40 38 15 6 32 28 11 47 12 28 27 24 2 19 3 67 24 24 4 0 32 34 2 28 13 7 20 9 58 41 9 4 59 37 9 14 45 5 7 8 44 15 48 3 9 14 4 24 2 16 3 1 2 48 16 40 38 35 44 9 15 29 27 20 6 2 42 17 16 21 4 4 41 33 13 8 10 15 15 22 37 70 10 18 16 29 36 0 26 45 5 11 1 38 32 17 4 1 28
4 15 39 16 7 22 24 40 67 12 25 16 17 31 52 0 43 31 14 8 0 30 11 4 13 14 9 33 5 30 53 30 3 25 0 32 55 75 0 2 13 51 41 47 4 0 73 47 36 4 2 1 0 5 53 14 29 29 14 52 28 5 22 68 2 4 9 62 14 56 59 10 7 17 44 13 8 12 29 2 8 40 44 41 26 0 17 9 31 57 38 15 6 0 30 5 32 0 2 11
10 21 3 5 9 39 6 32 68 0 8 28 28 24 23 6 81 41 5 6 0 13 37 19 13 29 4 16 10 60 32 20 5 0 36 76 40 11 11 4 11 40 30 22 2 26 22 7 88 3 5 3 0 0 30 5 50 25 6 16 16 4 10 16 20 3 20 31 22 66 43 3 7 2 31 36 4 28 2 11 17 40 48 13 6 24 28 47 73 69 0 14 3 2 0 12 20 30 4 15
6 8 42 10 3 29 19 15 42 15 17 22 45 43 53 5 22 17 41 13 0 21 46 18 37 13 6 50 18 3 52 42 8 21 38 19 22 92 34 8 16 52 20 63 2 20 11 27 18 4 19 2 0 4 10 15 34 2 15 86 37 16 35 45 30 3 5 43 42 86 5 9 1 63 2 1 6 9 38 48 3 8 7 1 10 50 59 29 86 26 2 6 11 1 10 35 29 13 2 37
27 2 36 3 5 0 16 25 66 2 29 26 41 39 11 6 67 16 18 14 0 10 0 19 53 60 11 39 12 39 4 4 10 30 38 20 53 20 3 2 7 79 3 29 0 9 52 55 22 3 18 2 1 0 48 18 28 30 4 12 54 3 4 60 10 1 25 1 56 37 73 2 3 56 47 13 8 12 23 7 35 7 26 39 13 78 11 46 69 91 6 19 11 0 5 23 2 3 2 17
0 13 50 16 1 52 6 14 39 17 30 6 58 22 80 2 30 52 19 16 0 55 30 4 67 73 5 18 6 45 37 45 2 43 14 32 54 71 14 4 22 48 0 6 5 28 53 9 35 3 17 3 1 4 58 11 22 39 34 4 13 4 37 80 3 4 51 61 64 37 48 2 0 38 8 1 4 51 36 51 3 35 39 9 3 23 42 33 67 12 16 4 6 3 19 11 38 10 6 41
70 38 6 4 5 1 10 27 47 16 28 4 24 24 82 3 82 31 0 2 0 19 21 1 49 25 7 42 9 18 6 20 7 40 16 53 59 34 25 0 25 32 33 49 6 4 26 25 20 2 11 3 0 4 10 11 55 19 35 44 51 1 13 31 1 6 24 58 56 6 80 9 6 4 25 10 9 49 27 49 1 14 36 16 25 21 84 9 30 43 25 2 9 0 23 8 29 27 0 25
61 25 32 2 6 27 16 18 71 5 24 26 6 6 78 3 51 52 4 4 0 47 31 9 77 53 9 12 10 1 25 20 10 5 33 5 90 4 15 5 28 12 73 6 1 3 11 0 74 3 4 4 1 5 42 4 59 0 0 39 34 5 38 40 26 2 25 7 38 31 63 10 2 54 32 11 2 6 1 30 9 9 68 10 10 72 79 61 41 93 16 11 7 3 9 14 15 1 5 23
14 12 63 1 5 0 14 29 51 6 4 21 37 32 35 4 23 1 45 22 0 28 77 13 77 58 2 45 18 47 12 16 6 41 14 41 15 75 5 2 19 39 68 53 6 4 66 42 29 2 10 0 1 1 5 18 17 25 19 63 47 6 19 22 23 4 38 69 47 57 39 8 7 22 36 8 0 56 4 52 24 39 40 33 10 22 74 55 96 77 34 27 3 2 44 19 2 22 6 19
53 41 60 12 9 53 30 15 85 10 24 30 16 39 23 2 6 18 37 0 0 47 58 17 18 69 5 5 16 18 28 12 10 38 7 14 3 57 38 4 21 85 17 54 3 25 62 3 22 0 16 3 0 2 63 11 23 31 22 88 66 6 7 70 22 1 31 19 0 20 53 6 1 21 9 33 5 7 20 20 28 3 10 30 16 40 51 49 58 85 17 25 4 1 45 40 37 14 1 34
43 9 54 12 6 26 27 24 74 18 2 15 22 2 43 6 87 16 13 19 0 33 28 6 70 43 6 3 8 61 33 16 8 54 8 33 35 19 35 2 5 43 67 34 6 6 5 20 16 0 11 1 0 5 16 1 63 37 37 88 7 13 36 40 34 3 12 18 5 70 48 8 7 15 57 36 8 59 38 41 12 6 0 25 25 13 87 8 65 18 30 7 3 1 30 21 0 3 2 33
71 43 41 10 6 19 21 28 9 1 27 2 9 23 66 4 68 47 31 20 0 44 64 17 46 34 5 41 12 28 55 52 6 54 21 73 75 96 17 5 2 14 30 60 3 22 61 54 41 0 17 2 0 4 11 16 43 45 31 85 28 7 23 15 2 3 60 54 65 16 83 8 8 22 30 7 4 53 23 22 29 27 58 43 25 36 60 24 5 77 14 25 9 2 2 39 19 14 0 24
45 27 32 11 1 51 17 27 40 8 3 23 37 46 12 4 91 7 32 23 0 35 57 1 71 71 9 8 19 2 7 0 2 36 19 14 67 53 32 0 27 58 37 36 4 5 29 3 52 0 7 3 0 3 10 4 34 11 23 0 57 5 15 42 0 6 11 13 18 92 0 6 4 17 31 19 5 8 17 8 35 27 24 18 5 89 43 18 77 0 34 6 0 3 15 16 12 31 6 4
15 40 66 10 9 39 24 24 28 18 22 30 49 43 35 1 47 50 20 7 0 54 11 8 67 42 11 45 0 24 8 42 9 26 24 49 85 5 37 4 30 43 59 53 0 7 9 54 14 4 19 2 1 6 57 6 51 16 2 11 21 15 36 60 14 5 50 10 41 94 85 7 7 41 25 1 0 18 8 52 17 34 47 41 26 92 65 23 45 31 24 15 7 0 35 12 16 19 4 10
25 30 66 1 4 11 0 1 58 11 20 19 29 27 22 0 10 7 43 5 0 42 11 2 69 21 8 11 3 57 52 5 3 18 7 56 51 7 24 0 24 53 13 52 6 25 11 1 19 2 16 4 0 0 39 1 62 23 17 28 10 16 31 30 16 7 23 54 61 40 2 4 4 39 55 13 4 3 16 8 37 14 33 53 15 38 75 22 4 87 9 17 2 0 2 31 5 15 4 17
65 10 6 1 8 17 22 17 22 17 16 29 44 19 66 5 85 17 46 7 0 38 56 15 77 27 8 41 10 60 40 15 10 15 17 58 68 85 6 2 6 45 37 2 0 5 46 47 49 1 15 2 0 6 12 9 21 4 14 75 69 14 25 17 10 5 54 71 24 75 76 0 7 25 24 11 2 2 10 35 2 35 0 1 14 55 57 19 2 74 8 5 3 2 37 8 24 21 3 30
15 44 29 16 7 18 12 24 51 2 25 1 7 19 78 2 5 60 5 5 0 20 82 17 1 2 6 26 18 51 45 24 4 5 6 27 63 64 18 0 1 39 64 36 2 28 52 45 23 3 6 0 1 0 16 16 7 31 23 19 48 5 10 63 4 2 40 65 34 27 47 0 1 36 41 27 2 29 8 22 12 39 33 19 0 74 23 49 60 77 38 25 8 2 25 9 33 27 2 41
26 41 48 3 4 22 8 40 40 8 22 28 8 10 2 1 41 62 50 15 0 37 27 2 74 57 10 31 4 41 28 32 0 54 6 47 50 49 14 0 28 9 34 39 2 24 9 33 24 0 6 0 1 1 27 9 5 29 2 39 29 3 6 56 32 1 45 59 6 68 10 5 7 6 24 29 3 40 34 13 12 6 48 55 12 29 13 8 36 4 25 11 7 3 41 11 17 22 0 42
8 8 28 9 4 24 20 33 50 10 19 4 25 44 41 5 71 19 17 11 0 43 60 12 73 11 11 37 13 4 55 39 7 57 27 30 78 20 16 3 15 71 48 29 6 11 16 43 86 4 13 1 0 6 9 13 3 2 18 37 37 3 26 67 33 6 63 8 58 44 78 8 5 18 41 0 1 5 26 18 21 36 56 13 7 42 54 56 39 90 22 28 6 0 2 32 33 19 3 39
37 33 48 4 5 8 18 16 15 8 2 16 33 12 16 0 13 18 13 7 0 15 65 14 42 51 5 1 15 17 9 6 1 45 32 57 83 87 17 7 18 45 57 16 1 29 30 58 41 4 11 1 0 6 11 1 54 22 30 72 4 18 14 28 27 3 22 53 48 65 69 2 3 54 20 25 1 23 1 18 15 1 50 52 21 2 25 39 29 39 26 3 8 2 39 34 25 30 3 36
13 46 7 12 8 15 24 23 11 12 25 25 20 18 6 6 38 47 34 6 0 48 11 4 53 34 5 9 4 34 10 19 1 50 7 79 35 0 37 0 21 11 39 57 4 2 68 12 79 0 4 3 0 4 32 2 11 34 35 41 40 12 10 38 25 7 65 72 2 65 65 0 8 53 8 34 9 32 26 6 24 17 31 53 16 13 54 26 58 3 21 18 10 3 7 13 13 17 1 3
54 38 68 2 8 5 4 8 71 12 15 5 40 23 62 2 58 43 21 5 0 26 61 10 46 57 6 42 4 21 30 19 10 44 15 49 28 49 8 3 20 29 43 29 4 26 65 1 3 1 18 1 1 5 61 6 2 36 23 14 26 11 4 74 23 5 5 65 20 60 22 1 4 57 0 17 4 37 2 14 26 10 72 45 6 37 44 2 56 43 38 15 3 2 11 24 6 10 3 21
71 11 55 11 8 36 26 22 21 15 0 27 43 15 49 4 11 35 2 14 0 52 66 13 75 53 9 47 8 5 25 31 7 25 14 79 3 94 27 4 2 63 18 35 3 14 73 59 45 2 3 3 0 5 7 9 49 38 22 41 73 4 20 13 28 7 24 6 28 52 16 6 6 4 11 23 1 10 14 22 9 29 66 36 23 40 18 33 66 60 20 27 3 2 7 6 5 27 0 2
40 44 37 8 8 43 18 35 31 16 26 20 19 1 74 0 59 5 50 15 0 55 55 15 48 16 1 47 13 45 44 4 5 55 14 24 11 48 7 2 20 78 7 52 3 18 26 15 28 1 2 3 0 1 26 9 22 26 2 16 50 18 10 11 28 1 26 50 58 42 80 1 6 12 54 15 0 57 19 4 33 23 61 56 13 84 18 56 77 20 38 21 0 2 18 37 36 15 4 13
47 36 45 3 3 20 13 11 19 3 13 19 47 32 24 7 72 14 11 16 0 40 63 9 49 68 0 3 6 24 6 32 1 8 7 40 25 76 3 5 25 19 71 57 2 21 63 54 71 4 3 3 0 6 51 19 6 35 18 66 5 18 19 50 34 0 40 17 29 73 71 7 2 9 41 11 1 57 8 3 16 28 38 9 16 1 23 30 22 88 37 21 3 2 29 35 37 17 5 34
23 31 42 5 7 14 13 26 21 5 0 30 41 10 24 2 93 31 25 18 0 17 77 8 75 41 0 26 5 50 0 17 0 40 32 1 0 92 18 6 29 71 23 20 4 6 11 50 33 2 19 3 1 5 39 3 57 3 25 1 56 7 25 38 16 4 46 73 36 31 84 0 8 35 47 24 8 19 35 36 35 14 37 18 20 9 18 40 90 40 3 21 10 1 6 9 24 10 0 7
33 46 5 1 2 2 4 40 64 2 28 6 49 49 26 3 22 21 11 12 0 31 6 8 61 51 1 44 8 45 11 4 3 38 27 34 57 60 37 2 30 24 8 23 3 23 44 3 58 2 1 0 0 4 37 5 11 32 8 60 64 1 27 46 26 3 26 63 15 32 71 7 3 60 8 36 3 54 3 6 0 28 15 36 11 23 61 5 18 84 46 28 5 2 36 4 25 17 3 17
66 42 35 9 3 7 18 29 19 13 18 13 37 46 85 1 48 5 24 16 0 4 32 16 4 49 4 6 10 0 52 36 6 32 29 29 15 89 29 7 26 36 37 51 4 9 80 22 43 2 13 0 0 6 21 9 2 4 7 51 2 16 35 22 29 2 28 14 23 14 24 7 1 64 22 12 2 6 20 41 9 0 46 39 25 6 45 18 70 46 29 16 9 0 2 18 1 17 5 37
30 45 33 15 1 19 4 15 66 16 24 32 5 43 62 1 1 21 42 12 0 12 48 9 39 29 9 4 4 53 30 12 6 19 26 76 47 59 28 5 32 35 31 28 5 23 52 40 63 1 18 1 1 1 16 5 52 31 11 31 64 14 9 69 27 4 44 22 24 23 29 9 2 54 45 4 9 52 17 13 34 7 7 33 17 78 7 55 76 93 41 12 10 2 44 37 2 21 0 32
34 4 43 13 5 17 24 19 11 8 13 32 33 28 63 3 44 28 18 15 0 10 53 16 3 9 10 15 14 42 50 17 5 52 27 39 5 7 21 4 9 5 56 40 4 9 23 31 37 2 6 4 0 6 47 1 56 18 18 87 70 6 37 3 25 5 66 2 76 74 47 6 4 66 48 15 9 46 11 42 1 30 63 13 10 42 24 28 48 79 48 12 5 1 42 10 14 12 2 15
68 4 0 13 9 26 8 13 67 3 7 0 2 13 83 7 16 24 25 14 0 0 46 14 18 67 5 3 0 47 9 52 6 48 6 44 71 38 32 4 1 33 4 63 1 21 79 19 37 1 16 1 1 4 8 7 63 44 32 27 31 10 24 15 6 0 54 18 10 37 32 3 6 5 5 30 5 29 36 23 4 5 31 51 12 66 17 14 54 18 23 3 4 1 30 23 24 20 1 34
72 48 6 3 0 14 30 33 9 4 12 9 20 21 82 3 46 31 45 19 0 12 0 0 65 12 1 32 15 64 56 54 7 17 5 22 17 9 7 6 21 37 43 23 4 12 71 59 39 0 10 0 1 5 26 10 59 3 23 42 47 9 39 30 31 4 39 6 51 39 40 5 7 45 31 38 7 14 16 29 20 23 3 15 26 39 68 32 68 2 40 1 10 1 37 15 13 0 6 10
32 24 20 8 9 52 23 9 38 15 26 11 56 26 24 2 81 21 36 6 0 8 28 11 24 57 5 5 12 17 59 16 9 52 11 62 72 31 22 3 29 41 45 25 5 10 13 20 0 1 12 4 1 2 18 14 31 30 7 22 58 12 5 36 26 1 16 44 70 74 54 8 5 8 42 9 6 37 12 31 34 10 39 59 6 54 68 38 70 80 17 18 1 1 5 37 28 16 1 33
14 22 50 2 6 5 15 23 43 0 21 24 7 40 20 1 49 59 26 1 0 15 21 13 9 51 8 4 15 42 19 38 2 9 16 56 29 39 23 5 17 53 42 19 1 25 53 34 9 4 15 4 1 1 19 8 19 24 16 39 64 5 4 6 32 7 5 12 52 93 67 4 3 16 25 18 0 53 26 48 12 36 21 8 24 80 45 34 26 20 20 18 1 2 25 24 9 30 6 8
68 0 57 15 9 28 7 8 16 14 4 8 10 3 61 0 13 58 36 23 0 24 57 16 68 27 6 50 3 46 28 48 10 28 7 19 46 71 25 5 7 58 25 63 2 10 69 11 5 1 2 3 1 3 21 15 29 44 6 70 2 2 36 57 7 2 41 1 32 23 62 2 0 11 34 21 2 2 24 25 21 26 50 6 8 47 7 27 12 35 22 21 12 1 32 6 13 8 0 3
3 11 63 14 9 34 9 6 25 9 26 16 58 23 83 1 7 33 5 6 0 9 27 12 44 36 11 16 6 30 55 1 3 47 19 12 6 89 9 2 24 22 47 5 5 13 10 44 74 3 20 2 0 4 70 3 55 37 27 62 59 6 9 18 12 2 58 15 36 36 82 5 7 20 8 5 7 29 20 1 37 17 5 17 24 32 35 19 28 43 0 27 11 2 31 40 17 21 3 4
56 10 52 9 9 25 4 28 18 14 21 2 58 26 24 1 41 9 35 17 0 51 14 15 23 14 8 6 1 3 17 49 0 23 1 52 9 4 14 7 27 13 73 50 5 13 18 44 35 2 10 0 0 1 53 3 39 12 4 59 0 13 25 42 4 4 62 1 54 8 31 5 7 58 26 24 7 45 8 2 1 30 61 31 8 32 13 16 88 2 8 25 12 3 32 14 10 25 6 32
67 18 36 7 8 11 17 37 85 14 2 28 54 24 32 3 76 35 15 16 0 35 19 9 15 39 6 26 16 0 53 25 6 51 9 51 74 17 3 8 13 17 24 9 0 3 13 0 56 3 4 0 0 1 41 19 8 36 8 76 4 4 22 21 19 2 9 70 11 53 79 10 0 29 32 18 5 5 27 18 30 36 18 3 2 66 0 58 6 90 13 3 7 0 36 11 20 27 1 10
48 18 43 11 3 19 17 11 72 3 13 5 7 26 82 7 25 2 35 14 0 50 61 16 47 50 1 48 6 5 11 40 4 57 20 11 86 80 30 1 11 57 11 6 6 16 81 56 9 0 7 1 0 3 69 12 13 41 28 36 7 12 36 23 12 7 51 73 76 22 36 8 8 18 23 34 1 42 24 7 22 36 27 13 19 0 6 19 54 19 17 25 0 0 7 40 9 19 5 32
48 47 49 8 0 18 2 4 62 17 6 10 22 23 4 7 9 46 19 1 0 0 26 13 50 69 7 32 11 6 54 18 3 27 0 66 75 44 6 2 1 28 41 26 6 20 26 23 43 1 1 3 1 2 30 4 7 23 14 44 33 3 38 73 27 0 52 22 74 3 34 8 1 42 30 30 8 22 23 39 0 34 50 59 23 67 73 30 70 18 2 7 10 2 8 14 26 19 5 1
49 12 71 3 1 4 13 35 76 16 6 5 15 39 23 4 10 11 15 9 0 53 30 0 24 38 6 40 12 42 35 20 1 1 37 72 36 49 9 2 21 4 26 63 6 24 32 10 33 4 16 0 1 5 69 5 24 46 20 3 62 2 38 63 1 0 1 10 21 22 72 2 2 26 50 30 1 11 32 17 18 18 23 20 25 61 12 69 15 2 34 26 9 2 24 1 18 12 7 41
52 44 71 1 3 28 30 18 11 17 16 13 19 40 29 2 83 41 41 21 0 24 63 11 35 4 1 40 15 66 59 53 8 39 29 36 90 5 18 5 25 79 56 25 4 12 37 51 72 2 15 1 1 3 26 7 60 37 34 43 13 17 37 43 7 2 47 53 55 73 3 5 8 16 32 5 8 20 2 45 27 15 67 2 19 71 33 65 75 31 5 9 9 3 15 2 24 12 1 24
67 34 73 10 2 39 14 25 71 6 26 24 58 10 0 5 92 62 31 14 0 3 8 3 2 17 1 38 1 66 31 22 2 4 25 77 38 41 4 6 28 61 29 46 3 8 53 15 16 0 0 4 0 2 35 7 44 43 13 60 55 3 7 29 27 4 32 68 58 4 72 1 0 48 5 29 0 44 2 47 2 12 20 4 3 63 50 16 23 53 46 15 11 0 3 4 4 6 0 14
51 36 48 13 0 18 16 25 62 0 15 0 12 6 80 6 64 2 45 8 0 26 3 4 53 44 3 40 13 16 12 49 6 33 19 67 43 23 6 7 8 36 53 29 2 17 44 12 26 3 11 1 1 0 19 0 27 6 20 87 42 8 29 32 23 1 19 1 56 51 71 4 0 58 49 11 8 55 30 7 10 26 34 19 19 86 85 47 54 18 44 10 10 0 14 39 20 26 3 5
5 11 55 4 0 29 14 26 18 9 11 6 4 2 10 7 92 0 35 15 0 6 48 6 14 42 9 41 9 16 19 37 5 43 19 55 1 97 12 3 8 86 28 52 1 12 36 21 44 2 13 2 0 1 25 10 28 37 7 29 43 4 3 41 25 7 31 37 58 70 83 4 6 1 20 6 3 1 25 45 12 29 54 43 3 70 36 61 18 38 36 3 6 2 4 18 2 12 5 9
50 34 52 0 1 40 14 23 80 2 4 11 7 36 79 7 59 40 29 22 0 27 2 16 54 50 4 12 12 28 3 34 8 59 11 7 90 42 9 3 30 51 9 34 0 26 46 59 45 1 8 4 1 1 48 14 54 20 15 72 74 11 19 26 21 5 13 36 36 34 81 6 4 14 28 28 1 0 25 40 2 34 9 6 9 45 4 42 72 89 12 23 3 1 4 24 38 18 5 20
34 43 0 7 0 34 23 30 53 6 19 31 14 47 18 2 2 38 26 0 0 39 71 8 54 60 11 22 15 47 38 31 3 40 17 73 74 10 29 0 27 18 48 48 2 25 4 18 1 3 20 2 0 4 59 11 2 35 32 87 34 7 1 7 22 3 12 69 11 66 84 0 0 59 57 36 3 45 4 12 0 29 48 48 10 80 12 28 13 4 28 17 3 2 35 26 22 11 3 37
21 47 63 0 2 18 10 8 29 13 13 29 41 4 37 6 89 31 23 5 0 20 33 16 15 11 10 5 17 51 24 9 7 34 34 11 94 11 18 1 2 79 65 4 3 10 41 35 72 0 11 2 0 5 21 6 17 39 0 51 0 0 3 58 20 3 16 68 8 93 37 5 2 52 28 1 6 13 3 22 18 33 71 14 25 41 59 23 99 89 23 22 2 3 24 10 2 28 5 42
19 22 71 8 3 36 9 1 57 2 0 5 34 13 71 2 22 11 29 14 0 14 16 4 74 49 8 29 16 63 56 52 1 53 11 12 25 11 24 3 21 24 7 24 6 14 76 57 6 1 15 0 0 6 47 11 33 46 23 8 71 7 25 43 14 4 6 7 34 93 30 9 2 47 29 23 4 5 30 46 38 15 0 29 13 42 61 1 31 67 46 9 3 2 3 34 18 7 2 25
2 44 39 4 7 53 5 4 10 0 25 2 53 10 23 5 59 52 45 13 0 19 81 3 27 34 6 38 9 0 30 42 10 4 38 44 19 1 34 0 21 14 18 20 2 20 11 47 84 4 0 1 1 0 43 19 40 23 9 40 67 4 17 48 11 4 24 70 30 84 19 6 3 7 44 36 0 39 35 15 29 31 54 43 9 23 81 65 4 21 30 20 2 3 2 37 37 15 6 12
76 6 35 7 9 14 24 13 65 11 20 8 29 15 21 3 78 52 51 16 0 7 81 0 51 64 3 12 17 49 33 46 10 3 3 11 64 91 1 1 11 60 3 6 3 25 74 11 7 1 13 4 0 6 64 19 59 19 25 10 4 13 35 35 9 6 52 73 54 22 77 1 1 18 27 34 8 29 26 31 34 19 2 42 25 75 48 63 12 74 31 23 11 0 25 36 11 9 1 30
63 27 18 15 9 45 30 28 24 5 31 15 17 28 11 3 18 35 12 17 0 51 71 13 17 33 11 20 2 25 9 7 6 37 9 46 32 93 13 2 6 79 57 8 5 13 81 20 78 4 13 1 0 6 38 17 21 2 8 39 54 12 27 67 11 6 17 20 50 32 7 2 8 30 37 12 4 46 37 49 27 19 66 30 24 94 86 15 62 47 14 3 1 0 28 0 13 6 0 39
63 32 71 12 9 47 24 41 22 1 0 15 18 31 80 3 21 14 32 19 0 18 38 10 57 74 4 13 3 25 16 20 4 50 26 4 69 42 37 7 3 51 61 16 5 5 46 35 63 2 1 3 1 4 69 10 29 28 24 42 36 15 4 65 8 3 62 37 35 90 58 8 7 23 21 8 0 59 19 23 21 34 45 44 19 79 68 32 24 48 20 4 9 2 35 13 18 1 1 13
38 19 16 15 8 16 17 16 13 14 1 28 27 37 15 3 53 27 27 5 0 42 5 16 40 4 8 6 14 27 19 28 2 59 5 2 94 44 9 0 29 8 7 26 2 18 17 38 89 4 11 2 0 4 49 12 3 16 14 54 8 13 29 10 34 1 44 44 75 25 30 6 1 61 49 3 6 50 35 3 13 3 44 8 11 45 90 11 53 65 43 20 4 1 28 31 24 11 5 0
25 42 11 5 6 40 18 17 53 9 19 3 4 39 18 6 58 46 5 2 0 35 39 10 21 17 6 24 10 11 29 1 3 59 9 29 52 84 8 6 8 73 5 33 4 23 9 48 15 0 3 4 0 6 25 9 11 2 22 32 20 7 16 37 31 7 45 28 16 70 78 6 1 47 57 12 4 46 33 28 2 34 53 3 23 12 11 38 74 65 21 9 4 1 29 23 5 29 7 24
32 4 56 3 5 10 10 1 21 4 25 21 1 29 42 6 61 7 32 7 0 48 54 15 3 62 5 30 6 63 54 48 9 47 4 65 20 5 4 6 29 63 6 24 6 20 79 57 50 4 9 2 0 2 50 14 53 25 37 46 53 16 8 16 17 6 4 32 61 7 42 1 7 48 54 11 2 31 38 19 21 22 70 34 23 15 86 4 8 22 15 21 2 3 18 1 32 12 5 13
24 37 69 12 7 51 21 23 18 16 2 3 23 30 42 3 51 60 27 19 0 17 53 9 8 65 6 20 4 17 2 31 4 35 5 28 33 8 23 4 2 56 5 30 2 29 25 0 59 4 9 4 0 2 47 15 3 16 19 44 23 14 18 52 25 6 46 63 59 89 86 7 5 9 17 11 2 53 10 26 8 40 38 13 11 42 68 62 30 0 8 19 1 3 9 39 1 3 2 7
51 13 1 3 9 23 18 9 6 13 7 23 12 20 74 1 38 8 39 12 0 44 73 11 56 23 3 22 18 46 44 46 5 53 24 18 93 44 21 5 8 25 14 28 6 16 19 50 86 4 15 0 1 5 21 12 15 32 0 57 47 10 8 41 31 4 53 75 10 65 25 1 4 37 21 36 6 42 35 47 22 22 38 12 25 18 66 53 15 41 32 17 1 3 22 26 28 7 2 44
1 27 28 10 0 15 18 14 20 2 11 26 23 33 81 4 21 26 22 4 0 4 32 13 14 20 1 36 3 6 30 50 10 49 27 34 93 18 10 3 24 18 4 2 0 27 73 20 23 1 9 0 0 4 6 18 25 34 4 21 63 5 10 70 34 7 51 22 54 15 8 2 2 47 19 2 8 15 9 13 12 18 63 21 8 18 81 49 65 93 10 25 6 1 4 24 14 30 5 13
77 17 27 16 1 51 23 7 57 4 28 30 33 33 61 7 85 9 19 15 0 48 66 10 7 6 9 9 12 11 40 4 1 56 11 44 13 86 22 6 13 2 39 4 5 8 23 57 31 1 6 3 1 0 46 17 54 7 19 62 50 17 37 76 13 7 56 4 8 81 84 10 7 60 34 31 5 6 3 8 31 3 27 22 9 84 31 16 50 1 30 13 6 3 41 28 11 17 1 28
74 15 45 14 5 36 15 38 76 15 26 15 23 21 66 6 95 6 47 16 0 27 81 10 0 66 0 19 14 58 42 32 3 56 30 9 57 69 9 3 18 73 0 55 5 20 26 28 46 4 11 2 0 4 28 18 34 19 2 33 13 15 17 22 34 6 66 12 26 69 79 0 5 38 31 26 1 52 26 50 35 36 22 40 12 60 52 26 15 86 28 8 8 2 30 9 25 10 6 25
8 36 51 11 6 23 4 25 34 8 21 29 36 38 17 0 17 6 47 12 0 6 62 10 76 38 9 0 16 13 30 13 0 54 19 8 34 7 21 8 28 24 32 59 1 7 53 30 85 3 9 1 1 6 23 0 46 43 1 54 71 16 16 24 8 3 20 69 31 22 13 8 2 55 55 0 9 19 20 13 16 4 67 35 8 49 43 22 64 34 24 18 6 3 1 23 20 26 6 41
13 11 18 9 0 16 29 5 59 2 16 7 26 21 31 6 85 21 14 2 0 3 14 19 40 76 1 26 17 65 30 35 6 47 1 28 89 57 24 3 29 46 21 59 5 25 11 42 79 4 6 0 0 4 31 6 42 7 9 84 57 2 9 44 24 0 63 67 52 46 34 6 7 57 37 28 6 37 3 8 30 38 28 1 5 47 60 24 90 46 39 16 0 0 44 12 23 5 4 25
35 28 11 8 0 28 27 16 47 8 12 28 4 5 5 6 5 11 36 12 0 16 5 15 60 15 4 29 11 11 55 5 5 23 24 7 55 29 15 6 16 11 63 32 6 18 34 25 84 0 1 0 1 1 38 17 55 27 14 13 1 9 22 40 8 2 13 21 59 91 66 8 4 11 21 17 9 21 8 45 14 28 1 22 18 51 90 6 78 38 5 0 5 2 38 38 39 23 4 27
59 36 57 12 4 21 13 8 1 1 22 25 7 10 1 6 92 62 31 4 0 16 43 15 0 32 7 43 18 47 32 11 4 32 34 50 2 68 36 0 9 12 56 43 1 15 36 57 2 1 19 3 0 3 0 9 12 28 12 11 0 8 20 40 14 7 68 35 14 61 35 4 6 49 32 38 6 22 12 13 15 22 0 26 15 92 81 42 81 27 4 10 2 0 4 24 32 2 2 13
76 13 12 10 2 30 1 32 85 0 28 2 33 10 21 0 43 38 42 19 0 10 36 6 38 38 7 17 5 30 14 39 9 26 31 79 46 72 23 8 14 0 71 53 0 24 19 27 82 1 11 4 1 2 29 16 47 9 7 60 33 11 14 61 33 2 51 49 20 61 47 4 8 0 2 33 3 12 33 22 30 34 53 33 20 4 91 17 52 31 7 4 12 0 17 34 9 21 2 18
58 2 41 5 5 23 31 13 2 14 31 12 55 3 82 5 67 10 2 13 0 53 84 1 65 54 10 7 12 13 49 44 6 12 0 80 58 91 2 1 20 52 11 14 2 11 42 11 12 0 17 1 1 0 38 13 41 32 14 42 31 4 9 47 25 5 60 50 51 66 74 0 6 0 43 12 0 15 16 7 21 23 5 21 20 15 91 3 42 77 33 15 2 2 39 32 28 29 2 6
2 22 4 3 1 17 26 37 38 15 1 14 23 39 85 0 77 62 3 20 0 29 54 6 12 31 8 17 12 22 19 11 0 2 7 6 15 31 26 7 11 4 36 36 1 15 72 20 81 4 10 4 0 1 38 6 24 14 9 44 21 10 4 56 18 5 12 70 2 43 73 0 5 11 32 22 3 13 11 11 37 10 1 21 19 44 45 57 96 6 9 26 4 2 30 37 38 20 1 2
5 4 4 8 9 29 10 10 23 0 25 5 13 5 30 5 84 8 35 3 0 16 38 0 18 31 1 21 11 52 28 45 8 57 27 22 62 85 10 8 26 57 23 60 4 18 1 22 57 0 20 0 1 5 53 1 54 30 0 33 28 6 40 65 17 6 59 45 6 9 68 7 4 29 8 20 4 43 12 21 5 31 7 41 21 13 3 17 30 78 47 5 4 3 15 5 9 31 5 30
38 13 7 14 3 52 5 25 82 14 12 4 12 6 32 7 15 23 2 3 0 8 63 2 25 30 10 21 14 27 8 39 2 22 26 14 93 83 28 1 2 59 57 18 3 3 77 59 49 1 2 3 0 3 12 5 43 0 16 80 39 3 10 1 34 2 40 25 72 0 17 9 5 55 26 0 0 0 5 10 18 7 0 24 17 4 55 20 63 89 13 8 10 2 39 18 30 24 1 9
25 20 24 15 8 23 2 20 40 6 3 10 24 12 17 7 40 22 4 18 0 34 22 11 10 16 3 5 13 45 19 46 5 1 26 22 79 35 9 5 30 24 8 7 3 25 73 46 77 3 20 2 0 3 63 2 21 38 26 37 6 4 19 0 22 0 65 2 8 77 64 7 5 59 8 31 6 53 36 12 20 12 32 54 3 91 44 33 2 4 48 23 6 2 35 17 3 29 2 26
14 16 71 13 1 41 22 23 73 3 1 7 57 37 49 1 64 29 10 12 0 27 35 8 17 10 6 17 5 48 54 54 7 32 32 36 77 64 8 0 7 75 39 59 5 5 60 48 44 3 7 0 0 4 55 18 57 42 12 20 10 6 38 15 9 6 65 23 10 30 24 8 2 35 33 17 3 50 32 51 10 11 29 10 23 36 7 19 31 91 26 15 5 3 4 15 11 3 1 23
27 6 22 11 7 10 8 10 52 0 22 23 9 10 3 7 37 43 28 3 0 7 64 18 50 56 3 10 3 55 34 52 8 50 3 10 83 97 9 4 16 39 40 19 1 24 37 52 15 2 14 1 0 6 30 3 3 33 28 14 72 10 41 37 19 5 7 56 54 37 59 3 6 23 11 37 0 14 10 26 35 33 44 40 24 83 62 53 99 42 4 15 4 0 34 30 7 5 6 27
15 39 12 13 1 0 8 7 86 15 30 32 27 42 28 3 85 23 15 5 0 45 19 2 51 11 0 34 19 1 5 45 7 45 1 37 46 85 6 3 29 11 46 59 3 14 1 7 51 4 19 4 0 0 5 14 18 40 29 2 29 17 2 1 5 6 27 9 10 39 23 8 1 20 18 4 9 58 8 42 0 14 67 53 15 9 67 22 44 92 38 23 5 3 29 10 3 5 3 31
22 13 44 16 7 30 17 6 79 8 2 13 2 47 51 0 76 58 19 18 0 52 0 12 16 77 2 43 2 30 3 8 9 12 5 20 75 92 16 0 15 62 73 8 4 19 42 56 76 1 19 1 1 3 42 5 57 37 4 23 11 4 6 1 2 3 46 71 73 49 34 6 8 50 49 15 3 21 25 21 22 7 32 42 19 62 80 15 77 92 7 9 10 3 0 6 31 14 1 29
22 5 5 10 0 21 15 19 66 9 31 15 5 8 58 7 1 47 48 4 0 0 35 2 20 46 1 19 17 57 37 27 8 28 18 50 9 23 22 7 28 20 47 32 1 17 40 26 18 1 11 3 0 2 23 3 56 3 16 51 12 1 26 20 17 0 6 67 19 28 58 3 7 0 10 18 8 59 9 9 30 18 29 43 26 67 64 38 67 70 46 14 12 1 43 11 4 13 3 15
24 20 40 4 2 28 21 2 6 11 16 27 40 34 60 4 60 18 15 12 0 19 28 18 59 32 11 8 7 45 2 45 3 53 37 11 72 73 31 0 4 44 30 16 5 17 7 28 31 0 3 3 1 1 69 7 59 16 33 67 5 15 38 56 10 6 42 67 42 77 41 7 6 28 23 23 4 8 18 16 16 32 57 28 1 25 24 62 81 33 35 6 5 3 3 9 23 29 6 2
37 44 61 3 6 48 6 28 24 12 24 8 51 17 13 0 50 3 21 12 0 30 31 1 46 61 5 2 17 15 36 26 5 29 33 39 28 66 32 4 14 49 66 18 6 17 61 6 79 0 4 2 0 5 63 12 43 41 10 79 69 3 24 24 17 0 47 10 34 78 67 0 6 36 19 19 3 11 30 45 10 37 50 49 18 22 9 64 35 93 14 27 12 3 40 5 6 24 7 26
28 23 68 9 4 38 25 3 20 1 25 16 41 19 25 2 20 9 2 9 0 2 34 8 14 58 5 21 16 3 38 30 2 20 7 25 58 66 7 5 3 20 2 4 1 25 2 33 55 3 20 3 1 0 25 18 55 27 24 79 4 3 32 70 31 7 31 66 68 12 66 1 7 63 56 4 9 43 36 10 34 21 13 30 17 47 85 2 88 64 0 17 9 2 14 13 11 17 7 37
70 37 62 16 8 30 8 6 45 15 27 0 43 28 71 5 78 31 51 19 0 49 83 14 54 78 3 21 2 53 1 54 6 30 0 33 10 73 1 4 1 35 63 14 4 3 46 17 94 3 11 3 0 1 47 6 44 40 17 16 26 14 31 20 20 3 66 39 60 17 77 9 5 7 42 0 9 24 38 20 8 32 38 11 13 67 70 62 0 75 48 0 6 0 17 16 17 30 5 26
