100 100
100 100 100 100 100 100 100 100 100 100 100 100 100 100 100 100 100 100 100 100 100 100 100 100 100 100 100 100 100 100 100 100 100 100 100 100 100 100 100 100 100 100 100 100 100 100 100 100 100 100 100 100 100 100 100 100 100 100 100 100 100 100 100 100 100 100 100 100 100 100 100 100 100 100 100 100 100 100 100 100 100 100 100 100 100 100 100 100 100 100 100 100 100 100 100 100 100 100 100 100
41 28 58 65 50 51 75 66 3 4 40 43 83 82 32 95 13 79 29 55 16 67 81 4 63 76 93 83 83 44 24 34 76 82 43 43 34 77 18 25 11 90 53 96 73 57 48 51 4 16 63 20 22 41 71 34 92 21 20 19 26 4 71 19 82 55 49 47 53 12 60 97 10 84 28 4 57 3 86 97 87 69 16 75 33 95 22 96 59 86 54 53 20 40 72 96 82 67 34 46
21 44 62 45 7 86 8 60 32 82 86 47 57 58 27 6 80 91 10 14 51 40 57 12 85 36 82 65 21 42 89 10 26 86 14 94 74 34 100 26 87 17 68 68 46 3 66 42 85 80 53 22 99 52 74 48 3 71 75 55 95 70 71 25 33 16 22 73 8 18 18 90 94 21 42 79 81 6 61 39 71 2 35 50 79 16 90 21 64 82 0 40 72 28 10 84 74 83 26 2
62 88 16 78 87 28 82 100 70 22 32 10 77 24 94 96 48 80 9 68 87 21 2 48 51 72 58 64 86 72 66 88 16 43 23 88 78 53 57 77 40 23 50 40 81 89 18 28 85 65 78 58 10 22 22 76 54 34 53 62 19 86 23 30 7 41 44 81 24 93 75 75 74 85 36 83 40 63 46 61 16 73 11 78 4 86 86 46 34 54 100 84 96 40 88 98 57 54 32 88
16 49 2 85 65 27 21 100 80 97 26 5 52 47 66 24 100 82 61 50 3 3 96 37 46 22 71 55 22 100 92 56 91 57 0 5 94 97 36 11 85 63 50 70 98 27 16 38 20 3 77 10 63 43 15 1 27 72 21 44 10 90 46 78 7 30 40 2 55 14 20 69 91 16 55 3 30 75 64 2 4 84 7 4 19 62 42 99 70 83 31 63 48 31 8 62 25 11 81 93
12 52 40 1 35 66 37 87 50 95 75 50 84 6 72 35 7 63 39 56 15 38 86 100 95 65 63 83 62 15 79 40 89 97 55 99 95 66 28 64 3 71 32 15 6 100 7 88 100 57 78 50 87 100 44 71 35 1 15 24 1 40 10 39 86 38 29 6 24 80 96 52 27 56 40 96 88 46 77 81 66 77 14 69 1 81 55 13 69 47 98 80 47 52 62 13 20 54 11 20
71 25 93 81 83 16 48 35 92 70 28 33 63 100 10 4 3 39 7 89 79 16 97 23 14 26 29 45 73 63 20 99 57 18 76 40 1 18 4 87 89 15 65 54 85 91 58 94 15 71 43 87 3 100 83 81 39 85 99 87 57 34 42 26 15 67 37 36 27 42 5 100 7 38 34 23 73 94 100 94 64 33 31 98 51 92 62 43 39 66 33 82 6 50 36 90 61 36 100 48
76 16 54 93 40 85 96 29 84 37 12 12 44 19 100 24 12 62 87 99 0 83 52 35 21 74 87 89 21 4 19 72 37 2 68 2 63 47 59 17 76 48 100 77 100 60 100 6 37 8 25 33 61 28 65 31 0 77 91 49 70 45 33 52 46 37 27 77 67 83 68 29 100 90 7 93 78 98 48 88 100 26 13 22 19 50 26 93 73 68 94 3 82 32 40 43 32 2 65 6
91 66 50 61 37 53 19 95 100 14 72 6 26 94 38 32 100 45 23 97 91 95 49 38 91 97 20 17 69 54 16 8 1 1 69 63 68 5 54 97 14 68 64 43 63 93 19 42 4 41 100 44 19 75 96 70 17 100 47 79 84 49 100 50 26 41 25 72 80 81 11 63 8 18 100 72 9 76 100 71 35 36 85 3 87 73 78 43 68 40 85 82 52 45 0 88 55 30 70 9
31 83 61 36 56 12 95 22 90 47 92 40 91 8 33 46 33 68 54 38 81 26 4 67 8 29 34 39 93 76 25 84 53 89 38 93 34 54 69 81 25 18 100 64 27 45 68 1 100 79 100 90 47 45 52 79 98 38 56 100 8 25 64 43 66 61 30 66 39 78 49 62 21 57 44 36 78 37 91 2 64 21 100 92 19 54 27 87 37 100 0 83 76 42 97 100 42 73 100 76
100 12 73 99 88 26 84 50 60 89 35 78 65 26 75 27 70 36 32 100 68 21 49 84 30 65 10 78 42 100 58 67 71 83 50 66 72 95 23 100 90 68 96 35 57 100 41 37 100 86 5 60 37 37 76 86 66 45 29 7 73 53 90 43 5 83 72 1 19 68 84 37 8 57 32 100 34 56 51 44 23 32 50 82 100 54 100 40 19 92 2 84 37 80 34 12 77 47 43 45
96 88 58 100 91 89 35 71 42 91 33 9 65 62 66 89 39 16 36 1 1 26 53 51 97 16 56 79 85 71 72 78 25 59 43 100 89 65 100 65 84 85 75 54 33 36 38 11 92 100 98 100 55 69 100 15 58 56 81 54 8 0 100 84 50 78 70 98 100 8 100 23 45 24 82 25 89 100 70 7 45 77 0 3 63 38 41 87 53 61 75 60 68 48 59 56 99 0 27 98
91 33 45 100 69 35 100 9 92 48 100 8 14 20 85 20 3 73 30 100 9 22 69 100 42 62 33 84 54 58 89 50 20 81 95 15 100 64 28 78 7 93 50 90 96 52 77 97 96 58 56 87 100 37 24 51 79 40 38 100 100 35 100 37 47 75 71 90 4 43 15 98 85 13 24 87 39 55 0 20 94 89 69 21 81 37 100 5 6 85 37 89 63 92 79 28 26 81 27 84
100 73 47 4 56 52 92 67 34 100 6 100 44 39 100 83 86 33 38 100 33 100 24 24 11 45 98 20 70 50 62 89 58 64 97 10 36 84 93 86 41 54 47 24 19 17 56 41 57 46 24 95 86 69 22 32 100 57 74 56 76 100 71 5 89 52 55 22 39 82 17 13 29 51 6 87 9 80 13 79 42 82 22 100 41 62 67 30 76 74 34 100 44 10 31 100 30 100 45 79
46 7 26 0 21 13 45 14 100 79 86 38 63 80 58 9 100 4 50 78 52 16 20 88 31 63 7 100 64 82 60 11 80 69 51 88 64 25 100 22 8 6 18 4 100 63 7 100 100 49 96 100 11 31 5 25 100 92 100 55 9 100 58 72 100 10 44 12 62 19 53 67 82 64 28 99 93 50 90 99 81 31 64 98 33 94 47 12 49 93 3 100 5 73 96 10 47 26 22 82
79 100 28 55 41 8 74 100 62 66 83 16 24 70 44 71 100 21 100 17 18 34 4 69 75 95 100 77 100 94 64 100 12 53 13 1 57 1 66 62 74 81 89 69 30 41 15 81 47 21 100 68 9 58 34 62 65 73 37 67 18 48 95 18 24 17 83 17 57 38 3 92 100 1 86 100 73 19 45 23 57 100 30 61 54 96 24 55 70 88 76 89 3 100 31 19 64 100 43 100
100 82 89 37 80 100 100 53 6 18 69 5 78 53 100 100 51 16 64 100 81 89 69 11 13 92 6 83 80 94 84 74 3 2 18 63 77 57 22 42 2 9 77 76 97 28 75 100 79 98 32 100 100 5 7 54 78 85 32 35 100 1 45 38 72 88 39 60 100 87 18 43 40 55 78 76 38 100 40 94 5 43 64 49 100 21 100 81 3 7 66 89 33 36 6 100 13 96 59 59
93 70 36 84 100 14 82 69 100 53 18 71 62 30 6 79 14 24 83 80 89 100 41 100 15 21 40 95 73 85 100 16 21 34 100 25 38 2 19 52 90 35 51 100 50 95 99 29 100 8 8 100 27 66 3 8 5 18 81 84 78 100 100 97 57 9 19 34 59 24 31 10 100 55 33 9 100 44 3 97 35 51 38 63 15 24 63 3 100 84 19 50 6 59 67 54 100 100 45 13
24 34 15 100 93 58 100 79 32 100 64 92 64 98 20 25 22 65 100 78 36 100 2 54 73 6 4 66 53 28 35 100 75 74 82 65 56 42 100 93 54 58 54 33 81 53 18 100 60 19 21 100 81 6 27 100 18 83 70 27 71 44 69 70 98 100 54 14 39 100 11 78 100 40 100 100 90 72 100 21 27 36 19 58 40 52 7 91 57 100 96 88 64 47 14 7 87 97 24 80
16 65 60 7 3 42 29 90 84 100 73 85 100 55 18 97 38 61 100 100 39 98 28 54 100 49 32 90 50 51 68 64 3 48 91 100 100 50 36 15 91 30 22 16 97 63 31 73 100 100 100 31 92 21 43 89 21 12 12 91 94 80 21 100 100 33 42 17 91 32 46 66 4 71 100 9 99 17 100 52 88 40 100 100 71 3 3 72 10 80 19 42 47 4 59 100 7 100 47 38
100 35 22 26 35 83 65 73 29 8 0 50 100 97 35 64 53 80 73 5 60 98 100 100 24 39 61 63 42 19 98 100 11 80 53 100 27 55 100 23 70 100 65 100 88 99 100 49 36 100 27 16 13 73 42 86 25 68 83 100 85 16 24 100 34 38 86 48 97 20 55 83 94 100 95 92 11 91 43 81 16 18 91 85 6 45 58 51 100 14 32 100 98 100 84 59 100 53 100 15
59 69 100 35 100 46 58 62 62 79 100 75 75 17 75 90 100 100 100 45 25 3 100 100 20 62 89 31 65 100 100 9 92 100 49 95 93 10 67 100 12 31 90 100 15 30 59 24 86 100 45 87 100 100 24 31 95 62 82 43 16 82 77 88 54 92 72 100 71 51 64 95 52 36 69 4 61 22 83 29 0 91 1 12 100 61 100 60 100 13 61 2 19 46 25 21 31 43 94 7
100 100 14 66 35 26 93 100 10 100 46 100 59 55 88 73 62 17 100 29 10 46 98 12 51 18 72 94 43 83 100 100 30 69 88 50 100 100 100 38 43 98 31 97 87 10 78 37 100 26 80 27 64 59 28 73 100 14 18 54 22 100 67 37 85 13 44 50 11 93 41 58 73 12 100 12 26 100 63 69 89 100 0 100 100 4 60 79 13 57 13 1 55 91 57 16 58 12 100 100
100 61 83 44 23 100 69 66 85 13 57 100 36 26 100 34 100 43 37 4 100 22 31 39 96 95 100 32 62 60 12 12 43 100 15 0 100 100 44 14 61 64 49 73 24 70 15 100 2 92 65 66 79 56 5 34 100 56 99 11 28 8 12 100 33 69 20 59 34 3 100 61 79 100 52 6 47 66 6 100 100 38 91 51 100 100 92 7 65 100 100 79 100 59 89 42 68 56 46 22
40 100 87 61 1 100 8 12 51 100 100 75 56 100 100 100 82 16 82 9 46 42 33 100 25 39 79 100 96 2 82 8 100 88 12 40 93 85 29 36 68 100 14 45 47 40 85 94 99 96 51 100 100 100 91 100 49 96 100 53 55 34 100 25 100 7 5 8 76 100 58 34 7 54 100 55 100 14 25 22 69 58 1 80 91 95 100 76 29 24 100 68 41 31 28 41 48 37 0 31
95 39 72 19 71 81 51 100 31 28 28 100 45 0 43 21 100 55 85 23 61 100 100 83 80 2 100 48 79 89 26 100 40 72 100 26 94 27 72 100 97 32 2 18 21 100 100 37 100 69 14 100 99 22 69 91 4 100 100 27 17 56 29 100 2 72 100 82 100 100 65 22 83 100 62 100 35 81 100 14 100 16 69 81 65 10 38 13 54 59 54 85 13 100 40 91 25 47 77 80
86 100 1 100 91 57 99 66 100 74 81 75 18 32 52 8 25 89 100 100 100 69 51 77 100 8 20 53 88 90 91 86 31 60 38 100 100 100 97 14 89 19 100 55 100 95 67 78 88 20 100 83 3 100 3 100 100 100 70 34 13 80 9 100 93 68 20 34 3 62 100 40 35 100 13 100 65 57 9 40 26 73 31 94 43 65 100 31 10 100 46 100 78 18 87 100 64 77 6 17
18 55 100 99 33 75 100 100 88 2 64 66 3 100 60 32 57 22 59 100 15 72 4 100 97 37 78 100 100 37 100 100 100 32 100 71 100 13 100 100 9 21 55 100 67 100 89 19 43 35 62 5 7 4 72 100 38 98 96 88 78 100 71 100 9 95 24 33 100 19 21 34 1 100 81 100 73 70 53 100 24 100 80 75 10 71 100 98 4 31 95 97 15 75 77 86 61 1 15 13
13 100 99 94 100 100 100 2 30 100 55 15 84 37 93 100 100 100 53 25 85 100 100 69 70 100 53 57 100 100 97 0 6 41 8 93 58 100 23 23 44 100 64 74 45 96 100 100 68 24 37 100 71 5 41 81 17 36 100 35 100 100 39 76 47 45 57 11 3 100 100 49 59 29 57 2 8 100 20 85 84 25 13 0 39 85 34 100 24 78 40 22 88 56 100 81 7 100 3 57
72 100 71 100 100 89 71 94 96 6 100 100 39 100 36 96 67 13 27 82 98 95 65 25 76 100 96 21 100 87 92 5 89 82 100 18 63 16 100 53 19 100 100 100 57 47 100 54 85 94 55 100 100 39 23 24 7 100 10 26 36 100 40 48 44 19 66 100 94 100 39 64 22 88 45 15 44 95 43 79 37 100 43 100 80 100 51 100 100 73 17 7 87 43 68 100 60 15 100 100
83 100 78 45 27 100 100 40 38 40 31 73 68 20 51 100 100 100 36 18 87 100 71 1 98 100 19 9 2 87 100 79 100 100 99 100 78 55 96 49 100 100 78 73 70 10 30 50 100 1 100 45 28 44 20 100 100 100 100 91 81 100 12 23 77 100 65 5 8 44 35 53 100 88 17 46 32 40 100 41 6 49 73 13 100 54 60 100 5 13 100 4 21 100 42 40 27 100 2 72
19 64 100 100 29 65 43 81 75 100 23 22 71 87 32 100 100 25 100 57 86 16 100 100 57 20 1 27 67 58 56 100 100 100 98 69 100 36 100 72 100 100 82 98 100 91 53 83 21 70 100 100 100 40 9 100 80 14 3 100 81 59 12 96 100 100 80 59 86 94 40 44 47 0 100 97 26 100 54 92 100 17 57 8 11 36 86 33 17 100 33 84 13 100 84 8 9 100 100 99
100 45 66 100 76 88 58 67 100 1 15 81 51 100 100 100 74 84 41 100 62 100 8 98 100 24 30 52 81 5 93 15 47 22 84 46 76 28 100 68 68 86 74 58 83 90 36 73 37 72 100 19 100 100 100 100 54 100 25 91 37 100 84 100 74 100 100 84 33 100 16 100 89 25 23 68 100 88 4 100 9 21 48 75 100 82 15 100 37 39 100 35 71 100 100 100 92 33 74 100
51 43 4 24 100 100 100 100 100 56 46 93 55 1 100 70 20 5 75 46 100 100 86 22 100 97 39 35 91 84 100 100 100 96 46 100 100 34 20 100 73 100 46 18 89 67 100 61 16 42 10 9 58 15 27 17 2 100 15 6 17 70 100 39 44 43 25 1 100 7 100 82 26 100 98 40 71 92 100 99 71 100 4 100 32 100 92 0 73 100 100 25 100 100 87 3 100 100 92 46
93 25 11 91 100 88 100 53 66 55 62 100 77 91 79 61 35 100 48 31 100 100 36 20 19 72 100 42 28 27 100 100 10 14 99 100 11 88 100 79 83 100 43 8 79 67 100 13 27 30 74 100 100 38 63 100 76 72 73 100 100 49 100 46 100 2 24 20 23 30 100 91 15 0 77 61 12 100 70 100 13 100 100 62 48 14 100 16 100 100 29 100 100 81 100 76 89 41 100 100
14 46 81 36 38 100 17 54 78 100 74 100 18 39 48 3 100 100 82 51 31 66 33 92 22 96 100 57 28 61 100 100 44 93 100 21 100 60 8 6 45 57 100 100 100 70 100 100 8 5 97 100 47 100 90 17 91 100 31 71 5 100 57 12 55 16 21 10 100 100 100 20 89 100 90 100 100 53 100 42 14 100 100 52 100 100 100 14 92 100 31 33 34 100 26 66 100 51 33 33
50 18 100 98 2 100 100 3 87 72 39 100 33 100 62 1 100 47 78 25 4 42 100 100 31 13 34 100 90 100 64 100 92 100 100 100 33 53 100 27 90 100 33 100 48 18 23 32 7 15 42 100 100 77 35 64 45 91 40 92 50 7 72 83 100 50 83 100 43 78 76 100 100 100 14 16 34 84 61 100 100 20 27 100 100 74 100 100 100 57 24 79 61 100 48 34 100 46 100 100
100 100 100 100 64 100 99 76 65 71 100 100 100 28 26 73 61 100 58 3 16 40 100 45 45 28 13 40 100 100 88 99 100 43 100 100 2 100 51 60 37 45 100 15 72 87 100 89 100 100 94 100 58 9 14 90 100 71 100 90 22 99 14 35 38 100 100 85 100 56 59 60 36 100 17 41 7 100 100 100 46 79 60 42 100 4 100 80 2 69 100 54 19 47 51 88 100 8 100 100
8 65 91 43 100 68 39 42 100 100 100 100 16 11 13 90 100 100 46 100 56 44 0 100 59 78 38 100 54 100 30 98 77 100 18 100 7 72 36 64 5 48 23 29 39 100 33 100 67 57 47 58 25 100 7 70 74 64 100 100 79 62 66 68 100 3 12 97 100 100 21 100 49 100 0 36 42 100 100 100 100 90 20 100 100 100 11 100 52 100 55 100 88 100 100 28 64 26 100 100
73 12 100 100 25 49 84 100 100 5 100 26 63 100 0 100 100 100 79 100 100 40 41 100 100 63 25 18 91 2 24 26 48 40 7 60 75 100 100 93 7 100 76 100 100 71 26 100 100 87 66 67 20 41 19 100 100 56 21 100 100 93 100 22 45 100 100 82 32 87 74 100 100 98 69 100 100 100 33 32 100 96 70 100 100 47 29 59 100 30 25 100 9 85 100 61 50 72 25 87
73 100 59 100 100 89 37 100 58 100 100 6 24 62 65 100 0 74 18 100 100 41 87 100 25 100 100 37 70 90 100 73 100 5 100 45 100 100 77 23 26 100 16 100 28 82 85 20 100 45 100 24 53 100 96 85 16 15 100 58 100 24 100 26 100 70 42 59 100 47 42 100 24 53 57 100 57 100 76 100 37 97 77 100 100 22 59 100 100 67 18 60 40 77 100 100 100 8 100 55
100 100 100 28 100 1 67 77 12 100 54 100 100 100 100 100 100 60 13 100 100 14 25 20 19 100 2 32 48 100 100 47 100 16 19 100 100 79 87 100 82 100 64 100 44 61 49 92 100 100 24 100 51 100 73 100 44 100 64 34 100 79 85 95 100 100 100 7 91 93 33 29 57 63 6 22 41 11 100 70 33 100 88 41 92 100 5 49 47 94 91 2 100 100 44 100 100 100 38 71
53 100 2 100 92 32 4 43 100 76 91 89 11 100 100 100 100 100 46 100 100 87 100 84 44 100 20 98 100 21 70 100 100 100 100 100 8 35 37 100 9 100 88 16 100 43 100 100 65 100 100 30 100 2 97 60 60 69 74 83 100 69 100 9 39 75 16 21 41 5 72 100 100 100 100 38 100 56 81 100 19 100 100 71 71 74 100 25 26 6 100 35 100 86 42 4 45 100 39 100
85 81 66 63 1 37 100 100 75 43 71 100 8 100 11 97 2 9 46 83 100 100 73 48 100 97 46 100 47 100 100 69 100 77 49 3 89 100 54 100 63 80 100 100 100 100 39 100 100 100 100 43 51 100 100 63 100 100 100 100 53 100 12 15 27 100 99 96 85 34 100 100 100 87 100 100 8 57 59 97 81 100 100 100 100 21 100 34 39 15 100 89 100 0 97 2 100 51 32 60
86 16 32 99 66 100 41 98 48 74 83 100 66 26 100 52 100 8 100 46 100 66 100 100 9 29 100 100 89 100 100 100 70 67 100 47 84 100 100 71 12 28 100 100 80 100 100 100 100 100 48 96 100 91 100 100 95 100 100 62 76 33 54 6 88 100 88 76 100 74 59 100 100 1 13 94 69 100 23 100 100 100 100 34 46 95 100 100 21 100 20 11 32 5 100 18 100 100 14 59
100 90 80 100 5 100 29 100 41 100 100 30 100 100 76 1 100 100 100 81 100 100 13 93 100 81 100 16 84 54 75 100 64 67 62 90 77 48 100 94 60 58 100 100 75 78 4 100 75 90 8 100 73 6 65 35 100 99 100 100 100 100 100 100 100 14 90 50 63 100 100 25 100 100 100 100 77 43 93 100 100 43 37 100 67 1 97 79 96 46 100 100 26 1 100 100 100 100 11 7
4 100 100 45 61 100 61 100 37 100 100 100 8 100 100 100 14 100 47 33 97 71 100 36 91 54 100 74 100 95 44 41 40 100 100 100 33 100 100 50 83 37 100 92 90 25 100 100 100 100 4 98 94 72 4 20 78 100 100 79 100 100 89 100 75 70 65 100 100 18 54 17 55 100 100 60 18 100 25 49 65 100 100 50 26 5 100 97 100 100 100 100 81 100 100 100 61 100 6 69
33 100 32 100 100 100 19 43 100 100 100 100 51 100 100 55 75 100 63 100 100 71 61 100 100 76 96 100 100 100 100 72 100 55 53 100 28 28 18 13 100 15 100 64 22 68 43 100 100 100 100 32 66 76 100 100 93 3 100 52 93 100 49 100 100 100 100 94 84 12 100 58 64 98 87 77 36 42 100 58 100 100 78 87 100 100 15 100 45 72 57 100 100 100 82 70 100 16 78 80
100 100 82 81 59 11 22 11 100 100 71 100 3 53 100 100 66 100 100 12 5 53 71 100 100 100 100 60 72 78 30 100 100 5 88 100 67 8 100 100 83 94 27 100 84 81 100 74 100 44 100 27 100 100 17 100 100 100 100 40 13 100 92 100 47 100 45 12 100 100 100 100 100 26 100 77 2 57 58 100 31 7 91 100 100 100 28 72 100 100 25 69 4 100 100 77 15 68 100 100
9 100 100 28 53 100 72 44 89 100 100 7 100 64 23 100 100 28 100 1 100 100 54 41 100 36 55 100 53 100 100 94 46 100 100 21 63 51 15 100 76 40 93 100 15 31 100 40 100 100 57 100 37 100 3 100 100 16 100 100 100 70 100 100 36 92 22 100 100 24 100 57 100 100 100 100 83 28 33 100 100 72 82 64 40 11 100 100 100 88 100 100 100 87 18 64 100 45 25 100
87 28 100 100 83 100 91 100 100 89 3 100 100 100 46 86 23 100 36 100 100 93 100 32 92 79 100 100 100 100 76 100 26 100 100 100 30 10 94 40 0 100 100 100 100 20 100 100 62 100 62 12 18 100 56 64 33 49 34 39 100 100 74 100 56 100 54 14 86 100 80 100 66 100 100 73 67 13 100 4 100 100 100 100 47 66 100 5 100 100 100 5 27 100 100 100 58 49 100 88
18 100 100 100 100 100 1 100 51 100 100 100 100 100 12 65 100 100 100 100 6 1 100 43 31 35 100 100 7 79 51 100 100 100 28 100 100 60 100 100 12 100 100 57 100 17 8 97 76 100 61 100 100 69 69 100 0 30 16 62 100 100 90 100 70 100 54 1 28 24 100 100 32 6 100 100 89 100 66 100 100 100 27 69 100 78 100 31 61 100 74 72 13 100 26 10 69 41 100 100
15 58 100 100 22 55 67 8 9 100 19 100 100 28 100 100 100 66 32 100 100 100 100 100 64 100 3 24 100 22 100 100 7 100 33 70 45 100 100 100 96 66 7 100 52 46 46 100 100 100 100 100 100 83 46 100 100 100 8 82 95 96 47 24 100 24 100 63 100 100 100 64 15 30 85 100 40 54 70 100 100 100 100 33 100 100 100 100 100 53 22 100 26 39 41 100 100 100 51 100
98 6 100 74 100 100 21 94 41 62 98 100 100 100 100 100 100 53 100 61 68 100 100 84 32 42 100 11 55 100 100 58 100 6 100 65 30 19 100 61 100 100 100 100 27 38 100 53 72 74 100 100 70 100 100 100 23 100 100 100 100 5 27 100 38 100 100 100 94 100 100 91 72 100 100 17 42 44 3 100 16 100 100 32 48 62 100 15 100 100 100 100 77 100 34 100 100 91 6 100
100 100 1 100 100 20 100 100 43 77 74 26 92 20 100 100 100 69 100 83 12 100 77 100 49 54 100 100 100 100 37 100 100 100 100 87 100 7 84 100 100 100 95 100 100 100 100 100 100 34 100 100 100 64 8 100 25 100 100 100 100 72 100 49 6 100 79 14 100 100 27 83 100 39 36 84 81 100 30 100 69 100 8 40 100 100 52 61 89 100 100 100 100 2 38 3 17 100 92 27
55 100 0 100 93 100 16 91 73 32 46 66 100 100 69 100 100 100 99 100 100 100 90 36 1 100 100 100 100 100 43 47 100 100 100 6 100 28 64 91 22 2 100 100 75 100 100 68 100 100 100 71 100 100 77 81 68 100 100 100 100 100 100 57 100 39 100 100 12 7 50 100 94 100 78 100 41 10 100 100 100 100 10 76 100 100 79 51 100 100 82 100 100 14 74 100 67 100 100 66
95 100 18 100 100 100 100 100 49 40 53 100 26 100 100 100 42 48 4 100 100 100 100 75 100 100 82 100 100 100 100 100 71 100 91 100 100 100 100 100 63 8 37 100 79 61 100 17 100 81 17 100 100 1 100 100 100 36 52 79 100 100 83 100 100 100 60 20 100 96 23 98 100 100 6 88 100 29 100 100 0 5 64 19 100 100 100 95 100 32 0 83 84 100 100 79 49 100 100 100
100 52 1 100 15 2 83 40 64 100 100 100 100 100 100 100 100 2 16 53 30 100 82 100 100 83 10 53 100 59 100 100 52 56 100 100 100 100 100 69 100 65 100 88 100 100 100 100 39 51 57 6 100 100 100 21 19 100 100 100 100 36 100 100 100 64 45 81 1 100 100 100 49 79 100 100 35 100 93 68 100 7 100 56 100 100 32 100 30 24 100 100 100 100 18 86 100 100 100 100
100 100 100 100 100 100 44 21 97 100 49 36 12 100 100 100 100 83 100 100 100 100 64 76 57 77 100 27 100 18 31 100 83 100 12 100 100 100 76 100 61 95 27 69 100 100 59 95 100 57 100 100 100 100 11 100 100 100 100 50 100 15 100 29 100 65 9 36 100 100 100 98 100 87 100 100 13 100 100 100 7 100 8 5 77 100 100 57 32 100 100 100 20 80 100 100 100 100 100 79
34 100 100 100 12 87 59 55 100 96 84 100 55 50 100 100 100 39 48 100 2 23 100 100 50 68 51 100 100 100 100 36 100 100 100 100 100 100 100 62 100 100 100 100 100 93 58 12 4 100 100 77 7 100 100 100 100 41 36 55 100 67 100 56 100 9 100 100 100 53 100 100 100 100 6 100 97 100 100 56 100 100 100 100 11 23 64 100 100 100 100 97 89 100 80 100 59 100 100 28
100 100 100 63 100 64 100 67 100 37 100 100 100 100 45 53 100 100 100 50 100 100 100 100 97 61 57 100 100 100 3 100 100 100 23 100 100 100 28 2 36 100 100 100 83 100 54 100 100 100 93 17 100 100 11 69 24 100 11 100 100 100 100 66 37 100 100 18 100 45 37 100 100 100 100 0 100 91 20 57 10 30 100 100 100 100 100 100 53 100 100 100 29 100 76 57 16 51 100 97
100 70 100 100 60 37 24 5 100 59 100 57 100 100 57 100 19 46 100 100 89 100 66 66 100 100 100 39 100 100 13 100 63 100 100 100 100 100 100 12 100 42 56 100 79 100 100 100 43 32 43 62 100 61 100 100 100 27 100 100 100 7 100 100 100 100 72 100 28 60 55 100 68 88 33 100 100 100 100 32 100 100 100 100 55 100 100 100 100 37 100 100 5 63 100 100 100 100 100 28
85 100 100 100 100 100 100 100 66 100 100 61 20 100 100 42 100 100 100 100 100 100 100 100 100 100 100 38 3 100 18 100 43 80 100 56 9 100 100 68 100 61 98 100 100 100 55 5 23 44 46 100 52 100 100 100 69 11 86 100 100 4 100 36 100 100 15 100 100 100 100 100 51 100 61 100 100 100 90 100 9 100 21 100 73 100 100 35 77 47 93 100 100 100 100 15 100 100 65 100
16 100 85 34 23 89 100 36 68 100 100 100 21 100 100 100 100 100 100 100 100 28 59 27 100 100 100 66 100 100 100 45 64 56 100 100 100 100 100 100 47 26 100 100 100 70 100 100 28 71 39 100 34 74 100 100 100 100 100 54 100 71 100 20 100 100 100 100 70 100 100 43 100 100 53 13 100 100 100 91 100 87 100 100 68 100 4 100 100 100 61 25 33 100 100 100 88 100 100 100
49 36 62 100 100 51 100 15 100 100 11 100 95 100 100 57 72 100 100 100 100 71 60 100 100 100 93 100 70 32 100 100 100 100 60 100 100 7 100 100 95 100 100 54 70 100 100 53 21 100 91 100 37 39 100 100 100 68 100 100 100 39 100 100 100 100 100 100 100 24 100 100 14 88 100 100 100 75 100 34 100 37 100 100 23 100 78 100 100 81 100 65 100 100 100 97 100 100 100 100
91 58 100 22 100 100 27 100 26 100 100 100 100 45 100 100 100 44 70 9 30 100 70 68 27 100 100 100 71 100 100 100 100 70 68 100 38 100 100 100 94 100 100 61 100 100 3 100 81 80 100 100 94 100 100 100 100 100 100 100 100 21 100 100 100 41 100 100 95 36 19 100 9 49 100 100 13 94 100 100 42 100 100 35 100 100 100 73 100 17 100 100 100 100 100 100 100 100 100 100
100 100 5 100 86 100 100 26 100 100 47 100 81 66 100 100 100 100 100 24 100 89 100 100 11 40 100 81 100 100 100 100 100 100 60 1 100 100 100 100 100 4 72 100 11 40 73 83 100 100 100 35 30 71 100 100 66 100 46 100 86 100 100 96 39 30 100 100 100 100 100 100 30 100 43 100 100 100 100 100 100 96 100 75 100 100 4 57 100 100 100 100 100 78 100 100 100 100 100 100
100 9 100 31 100 100 100 63 100 100 74 100 100 100 100 100 100 76 32 12 100 100 100 100 100 100 76 6 100 100 100 100 100 15 29 100 100 30 100 77 100 100 100 57 62 30 100 100 100 72 100 53 100 100 100 100 100 100 100 100 44 91 65 100 68 100 100 100 31 100 100 100 100 3 10 98 100 100 100 100 100 2 100 100 49 100 100 67 100 8 43 17 100 100 100 100 100 96 56 100
100 34 100 100 100 39 100 100 100 94 100 38 75 100 1 100 100 42 100 100 100 100 100 38 51 100 100 45 61 100 100 100 65 100 100 19 100 12 100 73 100 27 100 43 97 100 0 100 98 100 92 100 91 100 100 100 13 75 100 100 84 95 100 100 100 100 58 100 100 100 100 100 100 100 100 100 100 100 100 100 49 100 78 100 100 74 100 100 100 100 100 100 82 99 54 100 100 100 100 100
100 100 100 36 100 100 100 57 11 100 100 100 73 100 100 17 100 100 100 100 100 100 100 58 100 43 71 100 5 15 100 71 68 100 100 100 100 100 97 100 100 17 100 45 100 100 100 20 100 100 35 100 57 99 65 100 100 100 100 100 8 100 87 100 100 100 100 1 100 100 100 100 100 100 95 40 60 100 100 100 6 100 14 100 100 37 100 22 100 100 37 100 100 18 100 100 100 100 100 100
100 61 100 100 23 84 100 100 22 100 100 100 100 100 100 100 100 100 53 15 71 100 100 100 100 100 100 100 100 100 80 100 65 23 100 62 100 100 100 100 100 100 28 100 26 53 100 100 100 100 100 100 100 60 21 100 100 100 32 100 100 100 100 100 57 100 100 9 100 100 98 100 33 100 100 100 58 100 78 100 100 100 100 100 77 100 96 100 99 100 17 100 79 100 68 100 100 100 26 52
100 5 74 100 55 100 100 100 100 100 52 64 100 11 100 100 100 100 100 28 100 58 100 100 92 99 69 66 100 100 100 14 100 100 100 100 100 44 79 66 100 43 69 100 100 80 7 100 100 100 96 39 100 100 100 67 100 100 100 100 28 66 100 100 100 100 100 100 100 100 100 74 100 100 100 100 75 100 41 100 100 14 100 100 100 100 100 100 100 100 100 100 68 100 100 100 100 100 100 100
100 100 100 100 100 100 100 100 64 86 100 100 100 100 100 100 100 100 50 100 42 100 100 100 100 31 100 100 18 100 97 100 100 35 100 25 100 100 100 54 100 100 80 100 100 87 100 100 100 98 100 59 30 100 100 94 65 100 49 95 100 76 100 100 100 100 100 100 100 100 100 100 2 54 100 0 100 83 100 100 69 100 9 23 100 100 64 100 100 100 100 100 100 100 100 29 100 100 100 100
100 13 100 34 100 52 100 36 100 56 100 100 100 100 100 100 100 24 100 100 100 100 54 100 36 100 100 100 36 100 59 100 100 100 100 100 100 100 100 51 100 5 57 100 100 100 100 100 70 100 12 100 50 2 100 100 100 11 100 100 24 61 100 100 100 33 100 100 55 100 100 100 100 5 100 100 100 100 100 100 3 100 100 100 100 100 100 100 12 28 100 5 80 100 100 100 100 100 100 100
100 100 100 100 100 100 21 100 10 94 88 15 100 100 4 1 100 100 100 100 88 100 100 100 100 45 100 100 46 100 100 100 100 100 54 100 100 54 100 100 100 100 100 100 100 100 100 100 100 100 100 100 100 100 100 100 100 100 100 1 3 100 100 57 100 24 100 100 100 100 100 100 100 100 100 5 100 100 100 100 100 98 100 53 100 33 2 100 100 99 100 100 3 100 100 18 72 63 100 68
100 100 100 100 100 100 100 100 100 3 100 100 75 100 82 17 100 18 38 100 100 100 100 100 22 85 25 100 100 100 100 100 19 26 100 100 100 100 100 100 100 100 100 100 45 100 100 100 92 100 100 91 100 65 100 100 100 100 59 100 100 100 100 100 100 100 100 68 100 100 100 100 17 16 100 100 100 100 99 100 100 58 100 24 100 100 100 100 38 100 36 40 100 28 100 100 100 100 100 100
100 100 18 100 100 100 94 100 100 100 100 100 100 100 89 100 100 100 100 100 100 16 99 100 91 38 100 100 100 100 43 18 100 100 100 100 100 100 100 100 100 87 100 100 73 100 90 100 41 100 100 100 65 100 100 100 100 100 100 100 100 100 100 100 100 100 100 15 100 100 29 100 100 2 100 100 100 62 100 100 6 100 100 21 100 100 100 61 81 84 100 100 100 100 71 100 100 64 100 100
100 100 100 100 100 100 84 100 100 100 100 100 100 22 100 53 100 100 100 100 100 100 13 100 66 0 61 100 100 100 3 100 100 100 100 100 100 47 33 100 100 28 100 100 100 58 86 100 100 100 100 100 100 68 100 100 100 100 100 78 40 29 100 100 100 33 100 100 25 48 100 100 100 100 100 100 100 100 100 100 72 100 25 100 100 41 100 100 100 100 100 100 100 100 100 84 100 100 100 100
100 14 100 100 100 100 100 100 63 100 45 100 100 100 100 5 100 100 100 100 100 100 100 46 100 20 100 100 54 100 100 100 77 100 100 100 100 31 100 100 100 100 100 100 23 100 15 100 79 100 21 100 100 100 100 100 100 100 100 100 100 39 77 100 100 100 100 100 100 34 100 63 100 100 100 100 100 19 59 100 53 100 35 100 100 100 100 100 100 100 100 57 100 100 100 100 12 100 100 100
100 100 100 100 97 100 100 11 100 44 100 100 100 100 100 100 100 100 40 100 94 100 100 100 100 100 100 100 100 100 100 100 100 100 100 100 100 100 100 100 14 41 10 100 100 100 52 100 100 100 43 100 100 100 100 100 91 100 100 75 9 100 100 100 7 100 100 100 100 100 100 100 100 100 65 100 100 70 100 100 100 100 79 100 61 65 100 100 100 62 100 100 100 100 47 100 100 100 100 48
46 100 100 100 100 58 100 100 100 100 100 100 100 100 42 100 100 100 40 100 0 100 100 100 100 100 36 100 100 100 75 100 100 100 62 19 77 100 100 97 100 100 100 100 100 100 100 100 100 100 100 100 100 100 100 61 72 100 100 100 97 100 100 7 100 100 100 100 100 0 100 9 100 100 100 100 100 100 95 75 100 100 100 0 100 76 100 100 100 100 100 100 100 100 100 100 100 100 100 100
100 100 90 100 100 100 100 100 42 100 100 100 100 100 100 100 100 100 19 100 100 100 100 100 100 100 100 100 100 100 100 100 100 100 100 100 100 88 100 100 100 100 100 100 4 99 100 100 100 100 100 68 10 100 50 100 100 100 100 100 77 75 100 31 100 74 100 100 100 100 20 100 8 26 36 100 58 100 100 100 70 100 100 47 100 100 100 100 100 100 100 100 100 100 100 100 100 100 100 100
100 100 82 100 88 100 100 33 27 100 100 30 100 100 100 100 100 100 100 100 100 10 100 100 100 100 100 100 87 100 100 100 100 100 100 100 100 100 100 100 100 100 100 100 100 100 100 39 100 100 18 100 100 100 100 100 37 100 100 100 69 100 33 100 6 100 100 93 96 100 100 100 100 100 100 100 100 100 100 100 100 100 100 100 100 12 100 100 100 100 100 100 52 100 100 15 100 100 100 45
100 39 100 100 100 100 100 97 100 100 100 100 32 100 100 100 100 100 100 100 100 100 59 100 100 100 100 100 100 100 100 42 100 100 100 100 69 100 100 100 100 100 100 100 100 100 100 100 100 100 100 100 100 90 9 43 100 26 100 100 100 100 100 47 100 2 100 37 59 100 54 100 100 100 100 12 100 100 100 100 100 100 100 100 100 100 100 100 100 100 100 100 35 100 100 100 36 100 100 100
100 22 100 100 100 100 100 100 100 100 100 100 100 100 100 100 100 100 100 100 100 100 100 100 100 24 100 100 100 0 99 100 5 100 7 100 100 87 100 100 100 100 100 100 100 100 100 100 85 100 100 88 82 100 100 100 100 98 100 100 100 100 100 100 100 100 100 100 100 100 100 100 83 100 85 100 100 100 100 100 100 100 100 100 1 100 100 100 100 100 100 100 47 100 100 100 38 100 2 100
100 100 100 100 100 80 100 100 100 100 100 100 32 100 100 100 100 100 100 100 66 100 100 100 100 100 100 100 100 100 76 7 69 100 100 100 100 24 100 100 100 100 100 100 100 100 100 100 100 100 100 100 100 100 81 10 100 39 91 100 100 100 75 42 100 100 100 100 100 100 100 100 100 100 100 100 100 100 100 100 100 100 100 100 100 100 100 100 100 100 100 100 100 17 100 28 100 100 100 62
100 100 100 100 100 30 100 100 100 100 45 100 76 100 80 34 53 100 74 100 46 100 100 100 100 100 100 100 100 100 100 100 100 100 64 100 100 100 100 100 100 100 100 100 100 100 100 100 100 100 100 100 100 100 100 100 100 100 100 100 100 100 76 100 100 100 100 87 100 100 100 100 100 100 90 94 100 100 100 100 100 100 100 100 100 100 100 100 100 100 100 100 100 100 100 62 100 100 91 100
100 100 100 100 100 100 100 100 100 100 100 100 100 100 100 100 100 100 100 100 100 100 100 100 100 100 100 100 100 100 100 100 100 100 100 100 100 100 100 100 100 100 100 100 77 57 100 100 26 100 100 100 19 19 100 100 100 100 100 100 100 100 100 100 100 100 100 94 100 100 100 100 100 40 100 100 100 100 87 100 7 100 100 100 100 100 100 30 40 100 100 100 100 81 100 45 53 100 100 100
100 100 100 100 100 100 41 100 100 97 100 100 100 100 100 100 100 100 100 100 100 100 100 100 100 83 100 100 100 100 74 100 100 100 100 100 100 100 100 100 100 100 45 100 100 19 100 100 100 100 100 100 100 100 100 91 57 100 100 100 100 100 100 100 9 100 100 100 100 100 100 100 100 100 90 100 100 100 100 100 100 100 67 27 100 100 100 100 100 100 100 100 100 31 100 100 100 100 100 100
100 89 100 100 100 100 100 100 3 100 82 100 14 100 100 49 100 100 100 54 100 100 100 100 100 100 100 100 100 100 76 100 100 100 100 100 100 100 100 100 100 73 34 100 100 100 100 100 100 100 100 100 100 100 41 100 100 100 100 100 100 100 100 100 100 100 100 100 100 100 100 45 100 100 100 100 100 100 100 100 100 100 100 100 100 100 100 100 100 100 100 100 100 100 74 100 100 100 100 100
100 100 100 100 100 26 10 100 100 93 100 100 42 100 100 100 100 100 100 100 100 100 100 100 100 100 100 72 100 55 100 66 100 100 100 100 100 100 100 100 100 100 100 100 100 100 100 100 4 100 100 100 100 100 100 100 100 100 100 100 100 100 100 100 100 66 100 100 100 100 100 100 100 100 100 100 100 100 100 100 100 100 100 100 76 100 100 100 100 100 100 100 100 100 100 100 30 100 100 100
100 100 100 100 100 100 100 100 100 65 100 100 100 100 100 100 100 100 100 100 100 100 100 100 100 100 100 100 100 100 60 100 100 23 100 100 100 100 28 100 100 100 100 100 100 42 100 100 100 100 100 100 100 100 100 100 100 100 100 100 100 100 100 100 100 100 100 100 7 100 100 100 100 100 100 59 100 100 100 33 100 100 100 42 100 100 100 100 100 100 84 100 100 100 100 100 100 100 100 100
100 83 100 100 100 100 100 100 100 100 100 100 100 100 100 100 100 100 100 5 100 100 100 43 100 97 100 100 100 21 100 100 100 100 100 100 100 100 100 100 100 100 100 100 100 100 100 100 100 100 50 100 100 100 100 23 100 100 100 100 100 100 100 100 100 100 100 100 100 71 100 100 100 100 100 100 100 100 95 100 100 100 100 100 100 100 100 100 100 100 100 100 100 100 100 100 100 100 100 100
100 100 100 100 100 100 100 100 100 100 100 100 100 100 100 100 100 100 100 100 26 100 100 33 100 100 100 100 100 100 100 100 100 100 100 100 100 100 100 100 100 100 100 100 100 100 100 100 100 100 100 100 100 100 100 100 59 100 100 100 100 100 60 5 100 100 47 100 100 100 100 100 100 100 100 100 100 100 100 80 100 100 100 100 100 100 100 100 100 100 100 100 100 89 100 100 100 100 100 100
100 100 100 100 100 100 100 100 100 100 22 100 100 100 100 100 100 100 100 100 100 100 100 100 100 100 100 100 100 100 100 100 100 100 100 100 100 100 100 28 100 100 100 100 100 100 100 100 100 100 55 100 100 100 100 89 100 100 100 100 100 36 100 100 100 100 100 100 100 100 88 100 100 100 100 100 100 100 100 100 100 100 100 100 100 100 100 100 100 100 59 100 100 100 100 100 100 100 100 100
100 100 100 100 100 100 100 100 100 100 100 100 100 100 100 100 100 100 100 100 100 100 100 100 46 100 100 100 100 100 100 100 100 100 100 100 100 100 100 100 100 100 16 100 100 9 100 100 100 100 100 100 10 100 100 100 100 100 100 100 100 100 100 100 100 20 100 100 100 100 100 100 100 100 100 100 100 100 100 100 100 100 100 100 100 100 100 100 100 100 68 100 100 100 100 100 100 100 100 100
100 100 100 100 100 100 100 100 100 100 100 100 100 100 100 100 100 31 100 100 100 100 100 100 100 100 100 100 100 100 74 100 100 100 100 100 100 100 100 100 100 100 100 100 100 100 100 100 100 100 100 100 100 100 100 100 100 100 100 100 100 100 100 100 100 100 100 100 100 100 100 100 100 100 25 100 100 100 100 14 100 100 100 100 100 100 100 100 100 24 100 100 100 100 100 100 100 100 100 100
100 100 100 100 100 100 100 100 100 100 100 100 100 100 100 100 100 100 69 100 100 100 100 6 100 100 100 100 100 100 100 100 100 59 100 100 100 100 100 100 100 100 100 100 100 100 100 100 100 100 100 100 100 100 100 100 100 100 100 100 100 100 100 100 100 100 100 100 100 100 11 100 100 100 100 100 100 100 100 100 100 100 100 100 100 100 100 100 100 100 100 100 100 100 100 100 100 100 100 100
100 100 100 100 100 100 100 100 100 100 100 100 100 100 33 100 100 100 100 100 100 100 100 100 100 100 100 100 100 100 100 100 100 100 100 100 100 100 100 100 100 100 100 100 100 100 100 100 100 100 100 100 100 100 100 100 100 100 100 100 100 100 100 100 100 100 100 100 100 100 100 100 100 17 100 100 100 100 100 97 100 100 100 100 100 100 100 100 100 100 100 100 100 100 100 100 100 100 100 100
100 100 100 100 100 100 100 100 100 100 100 100 100 100 100 100 100 100 100 100 100 100 100 100 100 100 100 100 100 100 100 100 100 100 100 100 100 100 100 100 100 100 100 100 100 100 100 100 100 100 100 100 100 100 100 100 100 100 100 100 100 100 100 100 100 100 100 100 100 100 100 100 100 100 15 100 100 100 100 100 100 100 100 100 100 100 100 100 100 100 47 100 100 100 100 100 100 100 100 100
100 100 100 100 100 100 100 100 100 100 100 100 100 100 100 100 100 100 100 100 100 100 100 100 100 100 100 100 100 100 100 100 100 100 100 100 100 100 100 100 100 100 100 100 100 100 100 100 100 100 100 100 100 100 100 100 100 100 100 100 100 100 100 100 100 100 100 100 100 100 100 100 100 100 100 100 100 100 100 100 100 100 100 100 100 100 100 100 100 100 100 100 100 100 8 100 100 100 100 100
