51 77
49 81 19 76 46 9 0 89 7 38 48 22 87 57 2 34 79 71 29 70 93 85 93 100 22 80 7 14 45 77 21 57 4 56 61 34 33 16 50 17 37 5 87 81 75 75 76 86 24 71 10 16 12 74 54 56 81 10 89 91 32 91 45 63 4 42 9 24 57 9 81 81 51 97 65 1 75
23 68 2 38 19 2 0 11 3 27 0 17 86 18 2 14 61 49 12 63 64 54 66 90 7 71 0 11 28 45 20 14 3 4 14 11 18 14 19 11 20 2 63 61 36 50 70 69 17 66 3 7 7 65 25 0 64 7 0 35 19 53 1 31 4 25 5 15 16 2 9 22 17 12 41 1 73
2 7 19 16 14 2 0 68 3 3 34 20 5 12 0 25 54 54 25 63 34 17 16 73 9 28 1 5 44 39 8 7 2 20 12 32 30 3 26 5 22 4 78 20 12 12 12 16 1 70 10 7 5 29 16 43 21 0 77 15 32 66 30 20 4 30 6 0 24 5 60 44 45 14 38 0 55
46 59 10 4 2 6 0 61 5 21 23 6 52 16 1 21 74 60 24 18 92 65 88 50 16 28 0 11 45 39 10 55 0 30 61 7 19 2 23 1 0 2 37 52 13 22 55 23 0 56 5 16 0 37 39 54 78 0 3 51 3 83 23 32 4 21 4 14 35 3 62 42 48 13 11 1 69
0 51 4 62 44 2 0 45 4 8 36 19 12 11 2 19 33 30 0 3 74 35 7 79 10 42 1 4 7 34 4 44 3 38 36 3 2 9 37 3 20 5 7 60 31 6 51 21 4 5 7 6 3 61 42 3 2 1 54 24 32 57 8 62 4 35 6 5 34 7 53 45 51 48 5 1 12
29 50 2 62 7 0 0 79 0 6 6 12 57 44 0 23 66 54 12 20 45 73 12 26 0 57 6 1 3 72 14 16 2 7 32 4 10 13 38 14 15 4 13 80 4 73 26 63 15 60 2 13 9 5 5 35 38 4 48 45 27 20 5 1 0 38 5 23 8 7 46 60 1 81 32 0 29
41 12 13 36 37 4 0 6 7 26 1 21 40 35 2 21 46 53 21 66 31 84 8 49 13 76 3 5 1 56 2 54 2 0 30 32 16 15 15 3 21 2 43 10 18 56 48 67 19 63 0 7 2 47 39 48 32 1 52 10 17 75 7 28 3 34 1 0 46 1 41 30 3 38 65 1 34
25 57 18 11 19 1 0 14 3 5 20 3 48 57 1 12 4 13 18 30 12 43 40 46 20 36 1 10 9 52 9 18 0 10 17 24 2 5 24 17 21 4 65 31 70 75 33 11 15 23 0 8 6 9 47 34 48 7 33 38 2 58 22 55 4 41 0 10 30 7 34 63 39 69 9 1 13
8 58 5 52 27 5 0 0 7 33 8 22 25 38 0 32 45 54 7 48 86 30 33 8 6 2 7 6 16 35 3 22 4 1 0 6 26 2 50 0 6 3 26 8 43 11 24 8 13 55 9 15 3 8 42 35 46 6 84 25 12 54 44 27 4 4 7 23 5 6 19 78 3 14 12 1 28
21 49 18 29 32 4 0 36 0 2 6 20 62 38 0 11 38 43 16 37 76 32 41 13 0 62 1 1 2 15 21 3 3 16 0 26 1 16 11 16 29 3 35 41 38 75 67 43 22 54 4 16 9 0 12 4 14 5 87 0 21 60 30 56 4 39 0 0 16 8 58 55 23 72 62 1 34
10 10 13 69 15 0 0 68 2 0 26 10 10 11 0 33 4 28 29 2 68 66 86 31 7 51 4 6 24 34 1 15 0 44 37 16 20 0 17 17 37 2 50 39 50 26 64 55 10 28 2 12 5 65 24 27 43 7 42 27 23 57 29 40 0 22 2 3 42 7 35 26 26 38 9 1 10
34 20 1 75 26 7 0 24 5 25 19 15 71 51 2 15 79 18 8 20 16 16 17 92 13 52 2 13 41 69 1 38 3 47 30 5 21 9 29 10 20 0 61 27 41 71 71 35 13 12 10 2 10 10 46 40 73 1 18 79 11 48 41 34 0 12 4 20 6 1 12 65 30 96 26 0 32
23 41 19 50 8 4 0 30 4 7 20 10 19 21 0 28 53 1 14 40 4 53 38 99 14 71 5 7 18 22 11 0 2 13 1 29 17 16 28 12 19 3 76 49 59 49 30 0 10 26 4 5 4 73 42 0 73 8 84 37 15 5 15 23 4 5 8 0 24 6 17 2 23 1 56 0 71
6 50 8 72 17 5 0 85 5 29 31 15 56 28 2 17 0 6 0 35 49 4 43 39 22 78 2 14 17 72 18 8 3 29 4 9 1 9 26 2 15 3 64 32 47 34 0 63 0 59 9 9 2 70 31 14 77 10 86 63 27 8 40 7 4 7 0 21 49 7 34 47 2 18 35 1 8
42 6 10 36 32 3 0 79 5 12 48 18 21 0 2 33 74 3 7 18 54 2 74 96 3 4 1 5 14 51 13 18 3 0 19 8 27 12 12 6 5 4 34 60 60 44 45 8 12 70 6 8 11 19 26 34 10 7 52 43 19 59 13 6 0 37 3 17 30 7 48 9 19 50 13 1 66
26 35 1 65 2 8 0 50 6 30 48 12 50 49 0 18 32 4 3 36 38 75 78 45 8 64 0 0 7 73 14 44 3 6 12 23 27 2 14 14 21 0 27 15 52 41 28 33 19 25 5 5 8 5 50 8 35 4 49 45 6 3 31 56 1 21 6 0 53 5 77 59 41 28 35 1 63
38 37 17 29 26 7 0 18 2 2 1 8 0 19 0 4 22 61 23 47 8 2 34 54 11 12 2 7 12 60 5 23 4 34 17 19 18 9 8 8 19 1 72 19 23 67 1 64 13 70 8 0 11 23 33 54 26 4 65 55 32 52 24 9 0 31 8 1 27 5 3 45 41 19 27 1 44
44 13 19 35 1 2 0 26 7 1 2 22 23 25 1 31 59 22 6 44 28 43 18 98 10 23 4 13 41 75 16 45 3 24 35 29 11 4 3 12 9 4 17 47 17 74 17 27 10 28 4 2 4 53 48 38 16 1 14 5 2 77 42 50 0 18 5 19 21 6 45 74 33 7 55 0 38
39 26 16 13 44 6 0 11 0 33 28 0 82 49 0 7 36 35 12 51 93 67 46 40 10 40 7 0 45 26 0 15 3 22 55 10 18 2 26 16 27 2 72 52 70 70 7 49 19 9 4 13 0 58 38 23 7 5 72 39 6 20 5 48 3 32 8 16 40 4 35 38 34 29 17 0 62
42 1 17 48 0 6 0 83 2 20 45 16 21 49 1 10 59 47 2 53 66 17 63 85 6 46 5 8 41 27 17 5 2 39 8 12 30 8 24 17 15 1 48 10 16 10 25 32 18 66 6 5 9 3 41 40 61 8 12 73 21 47 22 36 0 23 8 11 12 5 1 50 33 1 11 1 4
21 76 12 11 8 5 0 33 3 1 19 7 55 20 0 17 20 50 26 70 69 44 63 95 9 42 2 8 37 10 15 33 3 14 0 9 7 7 12 11 0 3 34 25 58 2 28 21 12 32 4 15 2 45 46 50 77 6 71 40 12 30 38 62 4 20 2 8 15 9 27 66 37 57 16 1 33
24 2 1 34 32 1 0 12 0 10 35 17 11 24 2 23 20 65 17 43 53 47 16 53 10 49 6 13 44 59 0 39 0 14 38 15 0 7 38 17 22 0 59 66 47 41 46 80 2 46 2 4 6 6 18 36 64 9 60 2 10 24 43 41 3 38 8 10 52 1 16 53 20 16 4 1 11
44 48 1 39 35 4 0 64 0 10 25 9 69 54 0 19 41 49 0 52 19 38 24 43 2 38 6 12 26 28 17 51 1 2 17 8 24 15 13 16 27 1 64 17 7 57 57 31 0 14 8 3 1 22 2 47 43 5 43 11 25 34 10 20 4 3 8 20 23 7 78 35 13 68 16 0 22
46 50 10 15 5 8 0 54 2 36 1 20 30 28 2 11 20 64 21 68 14 74 15 74 6 31 0 8 22 72 21 38 1 16 41 18 28 16 47 5 0 4 74 69 6 40 24 1 18 68 4 11 0 59 40 44 45 7 41 46 13 5 28 62 4 27 4 18 22 2 29 5 10 17 54 0 17
1 45 7 60 3 0 0 45 2 15 33 1 52 47 0 14 31 26 21 47 56 38 17 37 13 45 3 5 40 58 0 43 4 43 43 27 15 9 37 14 5 1 45 74 58 30 70 46 17 11 3 0 9 6 42 0 35 8 53 69 0 38 12 38 4 6 7 21 49 6 73 28 27 83 55 1 7
20 30 7 58 9 0 0 68 3 37 18 8 5 50 0 16 10 8 24 6 44 34 17 62 3 69 6 6 25 37 11 52 2 6 46 33 18 13 6 4 2 3 23 9 73 67 6 82 13 32 10 11 0 1 10 36 50 5 1 35 30 61 4 26 0 16 1 14 35 8 77 8 24 72 35 0 33
17 43 16 20 31 6 0 63 6 20 0 19 77 38 1 17 79 60 18 41 20 6 84 81 12 68 0 0 18 60 20 56 0 45 10 13 21 12 27 5 1 3 13 42 69 50 3 36 12 11 9 7 9 35 11 38 16 3 72 59 9 21 12 48 4 31 2 2 15 5 56 7 29 94 12 0 11
1 38 10 48 5 5 0 27 5 0 42 15 78 48 0 24 28 58 29 0 40 10 38 88 21 48 1 2 21 27 10 20 3 48 26 1 29 10 34 0 35 0 23 49 61 65 8 69 20 59 9 3 5 12 38 39 79 6 16 20 20 0 2 4 1 41 1 9 31 5 49 62 51 24 63 1 67
37 46 14 68 36 3 0 18 0 20 32 12 10 52 2 0 8 61 5 43 44 80 45 75 6 29 3 9 25 28 6 53 1 1 32 19 27 8 33 3 6 2 18 24 8 50 59 65 19 55 6 6 5 14 44 16 52 5 28 56 11 73 5 46 1 7 6 18 9 1 19 75 10 67 14 0 59
41 33 13 26 33 9 0 25 4 1 20 16 49 24 2 15 15 30 26 32 28 71 13 52 14 25 4 1 13 44 13 3 3 30 16 2 3 10 26 7 10 0 28 42 37 32 56 18 0 39 5 2 1 18 46 52 21 0 36 7 1 50 6 54 0 25 3 5 47 5 47 61 43 56 11 0 51
16 61 12 26 16 1 0 66 5 20 10 10 3 48 1 17 41 21 29 53 9 23 40 27 11 16 1 1 32 62 7 40 4 21 5 25 8 16 10 8 4 2 14 43 33 20 61 21 11 35 8 8 10 21 12 33 75 8 36 63 27 13 37 41 4 0 0 9 48 4 37 65 22 86 49 1 54
38 50 18 45 22 3 0 67 2 27 21 5 27 39 0 23 78 11 29 53 60 61 76 79 16 62 5 3 6 44 3 19 4 42 0 14 23 7 41 12 27 5 12 10 48 6 9 86 11 34 7 8 4 63 28 55 77 2 27 31 5 63 41 54 2 11 4 0 55 7 21 41 41 13 36 0 52
25 38 2 29 36 1 0 88 3 28 4 10 28 28 1 0 15 2 8 57 25 3 58 77 3 57 2 10 38 42 3 20 1 55 53 31 8 8 24 3 10 1 30 1 67 66 41 31 16 34 10 8 10 59 8 35 6 0 61 34 22 41 41 45 4 33 4 0 2 5 78 2 6 81 55 0 41
16 12 4 59 40 6 0 79 5 28 30 22 75 29 0 34 41 14 25 70 57 59 1 80 5 34 5 0 28 21 19 8 4 33 49 4 6 0 18 15 36 5 42 31 25 55 74 83 17 54 7 8 5 3 5 18 80 1 7 36 21 63 2 19 0 19 0 12 54 6 37 18 31 53 9 0 37
32 42 9 11 5 4 0 79 6 22 20 4 72 55 0 31 74 66 14 55 22 48 32 78 10 50 3 0 40 9 15 6 3 31 52 24 26 15 21 16 3 3 64 46 3 5 11 67 7 19 2 15 1 16 6 39 52 1 27 45 14 13 22 53 4 26 3 24 26 1 55 70 35 71 62 0 39
0 4 14 4 4 7 0 65 6 1 10 2 84 8 2 2 48 60 22 70 44 8 8 10 14 45 3 12 45 12 1 20 0 10 55 8 16 1 9 7 11 0 6 36 48 29 70 27 14 27 7 11 3 8 38 33 75 1 4 31 7 61 43 35 4 8 0 8 13 1 29 58 16 89 3 0 12
30 23 9 11 17 8 0 46 0 8 26 19 57 44 2 13 69 60 5 45 0 53 58 10 16 33 6 1 20 31 1 3 1 10 48 15 20 10 33 3 25 0 44 71 54 6 9 49 20 56 4 2 3 48 39 41 35 7 6 4 25 59 45 10 1 12 8 23 6 0 16 70 0 54 12 0 50
37 23 17 3 21 0 0 27 7 9 27 8 80 20 1 4 64 24 23 54 67 5 38 22 10 17 1 1 12 66 15 48 1 31 44 17 21 0 18 4 6 5 28 54 27 24 49 7 1 68 9 9 8 60 2 54 20 5 13 90 19 81 26 42 1 8 7 4 3 2 67 55 46 11 12 0 71
2 60 18 68 36 7 0 6 4 9 7 19 39 2 0 24 16 49 27 31 4 49 20 26 19 47 7 10 34 30 14 8 2 53 26 34 14 1 37 1 14 2 14 77 67 28 28 19 10 70 8 3 0 51 14 6 25 6 59 13 19 25 39 27 1 32 0 13 36 1 72 61 4 62 34 0 33
3 30 1 49 11 3 0 66 5 2 31 9 76 26 2 30 63 14 17 40 10 40 64 52 6 20 6 7 16 0 2 37 3 34 54 13 5 16 15 10 10 2 68 54 11 65 33 12 9 30 8 13 5 31 13 31 6 1 43 13 8 59 31 0 1 40 5 5 36 0 73 6 47 45 44 1 16
46 4 9 57 2 3 0 10 1 32 34 12 46 55 0 20 7 68 17 38 20 14 56 97 14 7 4 2 7 77 10 45 3 47 0 16 24 6 17 4 13 0 3 3 49 24 57 19 10 48 1 2 1 68 10 55 81 5 40 4 21 15 32 17 0 37 3 22 49 9 33 21 32 17 42 1 35
17 62 7 51 21 0 0 81 2 9 36 7 42 50 2 13 53 46 28 40 64 71 52 24 3 38 7 7 45 35 18 14 0 22 6 9 12 15 35 15 31 3 15 15 47 72 12 66 2 31 5 9 11 40 34 1 55 3 35 39 8 35 42 50 2 15 5 22 4 5 5 38 39 83 61 0 48
46 73 10 59 20 1 0 5 1 36 15 3 28 36 0 8 18 37 22 34 7 61 19 82 3 80 6 3 32 34 5 21 3 1 30 8 1 9 27 15 17 1 56 57 34 71 73 15 16 7 1 16 9 3 24 16 65 9 27 25 25 16 11 50 0 31 1 2 10 5 5 73 44 41 35 0 27
34 50 4 60 42 8 0 50 3 26 34 6 31 12 2 10 21 49 28 19 36 10 73 50 18 57 4 1 37 38 12 51 3 22 8 29 30 4 7 4 19 2 28 55 21 49 13 81 13 32 9 9 6 56 19 6 76 1 12 84 15 43 35 1 4 18 9 2 6 7 44 44 10 18 11 0 65
39 30 13 8 2 2 0 34 3 25 26 14 50 53 0 11 63 28 20 20 74 10 23 97 22 7 4 7 12 44 10 40 0 15 0 18 3 6 12 1 25 0 34 33 2 0 34 2 19 3 8 13 11 66 25 51 26 0 83 60 8 26 3 4 0 4 7 1 12 5 60 25 21 16 40 0 18
41 26 0 75 23 3 0 64 1 19 22 15 18 13 1 19 30 54 23 13 61 70 91 55 8 11 3 1 30 0 9 21 1 32 0 5 9 12 44 0 22 4 0 78 59 31 1 73 23 70 5 16 11 1 48 2 72 2 33 88 6 13 16 57 0 25 8 11 32 8 20 46 42 49 30 1 0
45 12 18 32 2 0 0 57 1 7 42 13 42 0 2 5 58 23 6 6 66 84 69 23 0 72 6 10 10 74 11 52 1 50 13 20 4 16 7 3 25 2 43 64 53 36 49 86 1 52 4 3 11 60 47 50 0 5 4 91 23 49 0 49 0 13 3 5 24 7 29 15 44 27 4 0 44
31 28 6 61 15 8 0 7 3 16 1 6 27 34 1 34 18 35 14 6 53 72 78 50 17 44 2 8 5 60 0 8 1 18 53 20 5 13 14 13 20 4 52 79 41 47 0 56 19 4 9 0 3 63 7 36 63 9 65 1 26 76 42 1 0 40 5 22 45 9 41 6 28 62 37 0 0
11 74 11 16 46 0 0 57 0 21 34 2 6 57 0 13 68 19 25 7 45 45 33 16 18 11 4 10 42 5 19 41 0 3 54 13 21 2 31 17 19 1 9 29 44 16 49 47 7 66 6 8 11 55 4 20 65 3 69 9 11 89 40 24 4 37 0 15 28 6 32 37 17 32 38 0 67
38 61 18 55 23 5 0 11 5 25 47 13 57 26 2 23 32 54 5 41 66 51 23 56 20 28 0 9 21 70 9 51 4 24 60 17 32 16 2 4 37 5 58 1 19 31 29 50 22 49 10 9 1 40 7 15 3 2 35 30 11 61 30 36 0 8 7 6 33 5 9 48 46 72 56 0 57
47 39 9 46 17 1 0 68 5 27 47 18 73 54 0 31 62 64 18 30 62 67 28 97 16 21 1 11 10 18 1 16 2 24 4 15 27 11 24 1 31 5 70 11 27 1 56 35 0 55 5 5 1 63 9 37 72 7 80 47 24 54 24 10 2 38 1 10 17 4 5 55 17 87 52 1 41
22 78 9 45 13 9 0 24 7 10 4 6 23 24 2 17 46 13 25 15 65 10 4 0 3 1 0 4 22 59 17 6 3 31 12 3 14 1 35 4 33 1 80 49 38 44 32 1 16 1 7 11 12 58 27 37 44 4 41 48 23 58 15 3 0 27 5 23 16 7 61 38 8 89 55 0 57
