100 100
3 88 93 82 84 14 51 30 72 3 67 92 32 91 15 50 13 29 26 36 91 100 73 63 24 8 82 59 81 77 72 39 71 41 91 75 26 15 42 29 58 67 31 10 81 51 64 10 58 44 99 11 34 99 17 91 15 93 32 10 0 87 20 80 74 94 46 27 83 45 36 96 76 76 77 5 95 50 29 65 16 96 59 13 73 83 13 58 62 10 75 12 93 39 81 49 7 33 75 93
0 55 54 12 43 5 34 25 63 3 11 14 3 32 12 17 7 12 3 32 2 91 58 28 7 5 59 36 64 55 35 38 25 6 57 66 17 9 40 13 23 14 20 10 59 26 41 5 15 36 1 4 8 85 5 28 3 49 12 0 0 6 4 29 17 87 0 12 20 9 2 54 27 60 19 1 35 17 0 43 6 78 44 10 60 40 3 20 46 8 67 4 36 21 4 33 2 27 42 76
2 38 45 28 84 8 20 4 67 1 33 43 3 38 8 24 13 26 8 0 17 43 41 47 20 5 25 45 48 52 18 28 17 13 44 33 20 8 7 16 39 49 26 2 71 19 54 7 52 33 48 0 11 20 5 60 10 49 30 8 0 63 3 30 36 87 29 9 65 21 22 25 2 66 40 1 40 37 20 59 7 5 55 5 39 51 10 17 47 3 44 6 64 4 28 18 5 0 13 62
3 22 22 28 64 5 31 3 22 0 5 78 27 63 4 43 2 13 21 6 57 58 32 47 21 6 35 40 81 59 67 13 29 13 10 54 21 1 37 12 32 61 22 2 26 34 52 7 29 16 85 10 21 42 13 68 9 31 13 0 0 56 4 63 28 2 27 27 59 30 25 37 71 64 39 2 30 38 28 59 2 41 25 10 9 42 12 43 14 4 53 0 33 30 60 40 5 3 53 79
2 61 23 22 30 13 23 19 58 1 42 26 32 10 9 30 12 19 16 16 59 6 17 37 17 6 64 16 3 71 16 23 8 18 49 17 26 1 1 23 2 48 13 3 38 7 3 9 41 35 92 11 33 42 3 2 11 37 20 7 0 23 11 48 61 75 24 17 58 24 2 39 6 47 73 2 6 14 7 14 11 93 19 2 37 33 2 47 3 0 10 7 64 0 75 20 1 17 47 63
3 20 73 36 77 12 38 6 44 3 22 49 22 71 11 9 11 7 12 14 81 3 23 53 4 7 22 14 21 42 52 8 0 6 51 34 20 1 27 22 19 37 12 2 8 33 36 7 43 26 87 10 8 50 6 55 3 53 22 7 0 54 7 76 47 72 24 24 15 18 25 89 66 19 75 0 55 17 4 13 1 7 0 1 29 18 9 12 36 4 71 8 57 27 41 34 6 3 70 46
0 11 32 27 23 5 9 16 21 2 28 60 13 59 1 12 0 0 14 31 82 16 33 22 10 6 11 13 22 74 58 24 29 41 26 2 16 7 31 23 30 19 4 10 56 21 52 10 42 19 77 4 13 26 12 49 11 90 23 5 0 46 12 59 65 44 44 1 46 44 31 9 2 73 28 5 53 45 21 60 3 18 33 11 4 3 8 18 8 2 53 1 30 33 54 14 1 12 59 8
2 82 90 46 5 10 4 11 56 0 14 78 32 18 15 21 1 21 14 32 58 100 68 18 20 6 57 50 52 4 30 15 63 39 66 15 21 8 9 16 25 51 22 2 74 24 34 6 46 26 85 9 18 80 1 11 3 37 0 8 0 48 20 42 70 70 14 27 62 15 1 26 25 74 28 3 57 43 22 44 6 72 48 0 64 24 13 2 17 8 25 6 82 11 1 41 4 28 62 49
3 65 39 61 45 14 37 20 5 1 41 34 24 1 3 9 10 1 25 36 21 96 67 51 10 3 60 36 18 8 62 36 28 39 37 29 12 8 1 6 20 37 16 8 71 6 25 2 55 8 97 1 5 83 7 89 2 77 13 5 0 87 4 29 2 88 11 4 18 6 18 63 57 36 57 3 49 13 11 60 12 55 19 5 68 38 10 48 25 10 53 8 67 39 5 14 5 22 71 18
0 54 49 9 36 14 19 15 71 1 30 3 4 29 5 18 2 20 9 4 27 87 13 61 6 2 25 52 81 46 59 23 63 33 90 18 6 15 33 24 57 4 19 2 33 4 3 5 33 2 61 2 10 56 4 47 3 47 12 5 0 17 0 12 6 11 1 12 82 18 6 58 37 3 5 3 19 8 20 5 4 3 43 13 62 63 9 32 4 0 19 11 90 20 3 38 1 11 10 71
1 42 46 22 25 11 11 29 39 3 65 26 25 39 4 42 8 26 12 14 37 71 22 0 18 1 52 49 71 4 23 14 64 10 58 50 13 11 17 27 33 58 12 0 29 2 41 3 0 21 39 7 16 19 3 77 4 16 29 8 0 56 12 60 33 60 39 1 1 43 14 15 16 75 12 1 73 0 23 22 6 31 23 7 4 64 8 36 61 0 14 3 92 13 68 9 0 26 0 11
3 77 80 55 63 7 3 28 24 2 18 9 15 38 11 1 12 17 0 10 60 98 28 20 23 3 23 51 4 74 22 19 41 1 32 31 10 8 32 22 15 3 21 10 12 33 14 8 12 21 87 11 10 15 17 32 8 78 15 1 0 64 13 36 41 78 25 3 53 40 19 87 53 49 54 0 7 45 17 35 11 62 28 6 28 72 5 47 36 0 61 8 82 24 12 16 0 31 70 74
3 37 42 12 47 13 51 27 7 1 57 49 20 69 2 49 12 2 9 20 34 61 65 23 0 2 40 48 58 7 7 35 0 1 6 9 11 4 12 10 13 32 24 10 71 5 35 9 29 36 54 11 7 44 16 77 1 77 7 0 0 73 10 39 24 80 30 15 76 44 22 85 63 5 52 5 65 11 12 42 15 1 30 8 49 78 7 44 24 2 47 7 27 16 72 26 3 33 0 31
2 53 80 74 48 14 24 28 45 3 13 20 32 55 7 34 1 14 16 19 40 49 34 55 23 7 25 37 62 22 61 37 18 32 1 40 21 6 27 12 54 51 12 4 42 1 7 3 55 19 97 4 31 34 15 43 13 55 5 2 0 87 16 80 69 90 11 27 44 37 26 26 4 19 37 2 22 43 19 1 15 51 4 10 26 1 8 54 7 2 48 3 61 14 77 47 4 1 67 74
3 12 26 52 32 11 20 6 56 0 55 76 9 36 8 11 13 22 7 7 3 1 57 43 0 2 78 1 44 18 11 26 33 35 25 31 19 1 35 3 28 26 28 8 52 47 40 0 7 4 65 7 3 79 6 68 2 12 3 8 0 53 15 78 62 3 31 25 6 27 22 83 2 22 24 5 89 13 29 27 2 31 21 0 68 5 0 47 19 0 58 5 75 30 6 49 5 2 8 34
2 4 92 67 35 7 21 7 2 2 45 18 2 91 2 12 7 16 21 10 4 80 22 52 3 5 14 47 54 76 28 7 34 31 61 50 2 9 5 9 20 18 18 7 79 47 26 7 25 43 44 10 12 31 1 37 10 24 2 1 0 25 6 28 6 78 15 14 29 1 31 80 64 72 57 4 47 38 29 35 11 93 21 9 28 60 0 18 21 5 56 7 69 7 73 46 6 4 59 9
0 54 36 64 16 3 47 18 37 3 55 10 27 86 6 11 4 14 7 25 1 7 34 9 5 5 33 25 58 64 52 29 58 4 57 17 13 14 35 3 44 25 3 3 8 51 6 10 39 9 17 8 7 98 3 40 12 53 26 9 0 77 1 10 24 25 16 26 73 10 12 78 8 68 25 0 34 28 18 24 12 44 48 6 23 1 7 53 55 10 20 2 91 11 6 13 5 19 39 65
1 52 27 27 79 4 39 16 10 3 16 61 3 45 14 29 10 24 10 8 17 21 65 39 15 3 30 29 59 68 52 32 17 5 7 75 10 14 27 29 34 0 9 6 55 20 49 8 6 39 51 10 0 8 9 61 4 45 26 4 0 66 9 77 22 64 10 25 51 42 0 38 1 64 38 3 62 40 9 23 2 64 3 10 70 56 2 26 26 10 53 9 24 20 27 27 1 21 39 62
2 79 92 11 70 5 49 16 3 2 61 27 21 85 4 6 13 19 10 8 7 16 59 34 10 5 9 23 25 8 56 24 19 16 15 37 0 11 16 25 52 15 0 0 36 47 62 7 40 32 80 5 28 63 0 15 5 85 23 1 0 1 20 63 10 82 11 23 0 10 9 38 14 6 61 2 5 2 0 11 5 96 7 12 69 58 5 55 18 8 4 3 46 9 65 46 3 22 25 21
1 56 30 79 0 12 21 2 15 0 9 21 26 31 10 48 4 15 22 13 1 51 61 35 14 7 49 4 63 7 4 18 34 36 88 26 24 2 24 25 39 21 31 7 64 41 18 6 38 21 65 7 12 62 4 86 15 87 0 9 0 6 2 29 15 49 5 4 3 33 26 46 49 0 35 5 61 20 22 17 16 25 14 13 27 34 5 50 3 0 14 9 55 10 11 32 0 12 61 5
2 45 76 71 26 1 33 8 30 2 54 13 3 21 10 9 7 22 25 11 57 90 21 25 8 8 73 27 10 16 1 37 53 29 17 30 7 0 36 15 49 50 6 3 57 45 52 4 23 16 59 6 8 66 16 36 15 77 12 3 0 49 7 1 29 94 34 8 38 25 13 6 74 66 42 3 61 25 5 20 0 70 33 3 45 29 1 37 3 7 32 1 31 30 22 36 1 8 68 4
1 75 35 35 0 0 16 28 21 1 48 86 19 58 4 25 4 9 6 1 59 26 10 32 23 2 69 51 10 30 17 26 34 37 50 5 26 13 21 4 11 25 16 9 48 10 33 5 44 39 10 4 25 13 4 57 13 93 3 4 0 24 12 0 54 22 34 24 73 4 34 45 11 9 31 1 79 9 25 13 6 40 39 7 57 14 10 52 58 2 11 8 49 33 47 0 6 33 36 63
0 88 75 44 71 7 43 18 32 2 59 48 8 38 14 26 6 17 14 35 22 57 8 2 12 0 73 58 56 15 42 25 44 22 48 40 26 15 35 8 19 60 16 1 26 16 41 7 24 39 13 5 29 86 5 61 2 37 24 0 0 45 9 23 50 11 45 18 57 44 6 52 53 55 42 3 56 35 27 17 15 41 21 6 15 2 8 14 23 3 73 4 86 6 68 43 5 25 32 75
3 33 52 1 14 1 42 28 34 0 54 80 26 34 14 42 11 18 26 26 25 46 17 41 6 6 59 1 36 51 24 37 33 23 32 13 25 7 18 25 56 48 12 9 19 45 40 10 7 11 2 8 24 83 3 81 15 91 11 10 0 74 8 23 72 16 3 0 62 45 12 86 68 9 21 1 41 46 25 60 10 39 41 0 60 64 4 20 50 8 41 2 70 11 57 1 4 24 10 21
2 58 64 3 47 8 11 29 58 1 11 39 2 77 15 44 2 18 10 33 4 84 62 51 8 8 79 27 37 74 6 8 0 27 42 74 10 0 30 8 28 55 15 10 4 28 27 4 10 3 61 5 1 27 6 27 13 2 14 1 0 18 4 51 52 6 35 19 35 3 18 44 13 68 16 5 74 35 16 2 6 30 30 12 51 18 11 55 35 5 3 3 12 37 45 48 0 27 38 33
1 62 14 52 79 8 33 22 57 2 36 3 3 6 5 44 9 19 16 18 72 66 4 39 21 2 8 35 27 58 61 24 11 24 65 31 24 5 21 15 54 24 16 0 45 26 49 0 11 15 76 5 3 7 5 31 14 14 6 8 0 13 2 8 28 65 35 5 0 24 19 36 11 69 2 0 1 10 25 4 3 93 39 11 51 81 13 15 37 6 31 1 32 4 42 43 3 4 0 80
2 2 36 51 19 14 10 28 33 3 18 39 13 44 4 11 13 6 18 27 71 52 35 43 10 2 29 16 29 66 43 1 37 21 18 41 10 8 9 7 18 60 3 4 5 25 36 7 3 36 19 5 4 18 12 23 14 16 4 2 0 2 15 48 5 5 2 0 57 11 28 87 52 27 50 4 92 15 26 13 6 95 22 1 60 22 10 16 40 4 3 4 58 32 79 31 0 10 40 0
1 37 48 59 78 13 2 16 41 1 52 32 17 41 14 1 13 0 0 27 69 40 44 26 10 4 2 20 75 69 63 4 31 4 31 61 0 6 23 18 29 7 31 10 47 49 27 5 0 5 98 9 27 69 0 32 12 79 3 4 0 80 6 13 64 91 2 11 61 7 7 22 7 53 30 4 36 4 20 42 0 57 27 0 20 15 10 21 6 1 38 7 60 0 61 20 3 31 30 46
2 21 2 63 24 4 16 18 63 0 46 4 12 10 0 37 10 3 3 24 46 27 25 49 18 6 11 18 28 10 2 29 0 19 5 70 22 3 41 0 23 30 26 2 81 50 62 7 58 11 69 1 12 32 15 87 13 1 20 1 0 46 12 28 27 6 33 21 43 38 30 23 8 62 8 3 37 48 1 53 0 96 51 12 9 12 10 19 37 0 48 5 61 31 74 45 7 13 18 25
3 35 87 38 24 10 25 29 11 2 23 80 16 40 5 6 11 5 17 25 3 0 19 6 19 2 64 46 76 43 40 27 58 6 14 62 25 9 21 27 58 9 18 8 2 0 7 1 55 26 25 11 11 27 15 71 1 32 4 1 0 13 11 35 7 3 22 3 36 36 10 45 74 8 43 5 90 14 15 33 13 89 19 4 1 76 13 12 4 2 27 4 90 33 75 22 6 26 46 82
3 16 8 66 63 7 44 5 46 3 38 82 8 66 9 30 4 20 12 31 27 6 12 53 9 7 51 36 5 46 37 15 19 11 76 28 6 5 22 22 43 20 14 4 28 25 23 6 39 33 59 6 26 81 0 45 10 1 13 1 0 79 4 60 63 37 36 15 73 22 8 80 32 27 9 4 51 47 10 52 8 53 38 12 36 58 5 7 35 10 14 7 56 28 18 35 6 23 70 23
3 57 52 17 70 1 33 30 1 2 59 37 0 11 13 25 11 17 1 13 12 1 2 21 5 7 49 4 58 47 10 7 54 39 66 35 20 2 2 3 16 38 16 5 24 41 21 6 56 16 18 10 8 15 14 14 15 72 14 1 0 35 17 75 61 40 34 27 58 39 26 59 18 46 20 3 73 45 13 9 15 16 36 3 46 70 2 7 53 9 47 12 64 23 81 23 1 10 28 31
3 79 54 14 76 4 0 24 13 2 31 72 9 78 0 31 13 2 5 27 13 12 49 3 20 1 25 1 59 29 20 36 12 11 31 70 0 5 10 15 45 23 3 7 47 21 49 7 49 8 13 8 0 86 10 19 12 50 15 0 0 8 0 73 73 79 13 13 29 13 0 22 46 72 23 3 20 31 12 30 10 68 36 6 48 11 1 52 9 8 43 0 7 36 33 18 6 17 55 51
0 59 50 19 50 13 34 25 16 1 59 58 32 56 0 34 5 22 21 14 4 32 17 36 2 6 34 29 8 52 71 34 8 4 57 63 5 5 19 19 52 60 5 2 58 34 5 4 41 38 71 6 7 83 0 53 10 60 7 5 0 69 7 42 11 45 19 6 8 2 20 18 36 63 6 0 24 44 8 24 13 30 18 9 24 54 11 49 4 10 63 10 88 26 65 25 7 8 47 54
0 7 23 13 79 2 47 0 35 3 26 56 26 10 12 9 6 9 21 36 0 95 16 62 15 7 24 45 4 26 42 7 62 41 56 28 19 5 26 16 47 53 30 4 71 0 5 1 46 16 34 2 6 63 13 19 1 2 2 4 0 56 3 27 68 38 21 22 59 13 26 28 56 25 73 2 9 35 22 31 5 34 51 9 49 0 8 46 32 7 38 11 17 17 55 1 0 6 61 60
2 76 62 52 60 3 22 29 50 2 20 75 18 44 3 16 12 21 14 36 43 2 6 55 13 7 63 48 80 63 20 17 3 28 81 72 24 7 25 14 46 25 12 9 25 33 29 7 15 6 45 2 3 1 17 11 11 85 16 5 0 76 9 10 0 62 5 22 66 2 21 0 3 34 77 5 41 46 12 59 4 17 19 10 36 48 4 34 42 10 15 11 56 21 50 47 7 33 32 14
0 34 44 80 66 1 13 20 50 3 50 65 10 81 3 48 12 25 21 8 77 25 9 51 9 4 29 15 14 45 64 36 34 5 25 58 21 3 1 15 0 49 16 3 1 51 31 7 12 1 43 0 0 57 7 15 1 88 11 0 0 65 9 39 56 66 26 16 25 9 27 75 38 47 40 5 14 16 8 45 9 49 48 0 35 72 12 41 2 1 34 5 44 25 1 26 1 30 19 92
1 54 57 49 34 9 11 23 24 3 18 39 26 47 11 15 3 4 0 10 33 91 7 59 24 6 82 17 8 72 38 15 17 28 20 44 26 8 25 25 11 21 0 2 34 19 52 3 2 42 67 6 31 43 2 70 1 89 18 6 0 17 12 27 6 27 15 4 46 38 3 7 48 8 13 3 30 49 1 24 5 37 47 1 71 59 10 30 35 7 14 12 37 3 43 38 6 11 58 26
3 51 78 42 74 4 36 11 44 2 55 83 32 57 7 37 5 21 17 19 71 60 45 51 10 2 49 53 52 60 60 23 59 7 59 13 1 12 20 1 17 1 17 1 46 48 3 8 41 21 65 10 12 12 13 18 3 71 24 1 0 22 1 22 31 94 27 16 14 43 10 48 21 69 65 4 20 25 17 37 8 2 53 8 19 81 9 50 21 3 68 5 58 39 1 33 0 23 41 27
1 56 24 35 39 9 2 5 12 1 42 40 14 24 3 21 11 27 24 36 34 99 37 34 12 4 74 24 61 20 60 22 22 6 70 69 20 12 18 10 36 8 31 2 45 8 26 4 44 27 64 5 17 51 5 80 12 20 29 7 0 77 13 22 74 2 14 11 3 35 13 72 68 46 64 3 18 1 14 11 12 67 3 1 10 61 7 19 27 8 69 1 83 6 70 3 5 16 36 70
0 79 38 18 28 8 8 13 29 0 4 70 27 41 2 49 12 18 9 21 0 34 70 55 18 4 82 30 62 7 14 31 58 0 53 55 9 13 3 12 28 14 29 6 71 13 22 9 4 33 78 7 2 4 3 65 15 34 15 10 0 3 0 41 56 91 27 2 11 6 5 10 66 69 77 2 24 35 20 19 15 83 15 8 4 44 2 23 27 3 19 5 42 31 26 42 3 24 32 14
3 2 23 69 31 4 20 8 32 3 35 42 31 76 0 49 9 14 19 30 12 7 50 22 14 7 33 28 30 13 51 35 51 21 64 71 26 14 28 27 5 59 11 9 37 22 51 2 23 32 84 7 6 84 17 89 13 66 18 10 0 64 18 42 6 46 29 18 2 23 15 61 41 54 4 4 23 5 13 4 5 54 11 9 62 4 9 57 11 2 38 0 11 11 43 20 2 31 59 61
3 88 9 33 31 5 51 13 1 3 18 38 16 17 4 4 9 23 23 33 25 23 32 45 12 4 72 47 49 29 17 30 7 26 63 6 19 13 42 15 38 2 28 0 78 47 49 8 24 20 81 10 20 40 0 52 3 85 11 5 0 16 2 56 69 46 34 1 6 25 7 32 32 57 34 2 85 34 23 57 12 32 18 0 27 32 10 26 48 4 13 6 51 19 81 36 1 19 45 42
1 37 78 37 21 14 16 15 21 3 63 65 32 17 6 43 8 10 12 13 11 44 55 44 15 1 42 59 58 44 8 20 51 22 82 39 1 7 17 2 1 57 3 3 7 1 9 5 56 22 2 9 28 98 14 77 11 74 4 9 0 11 12 36 25 46 35 10 15 10 12 47 32 61 61 0 34 32 21 49 14 24 48 2 51 21 11 43 61 3 18 7 37 29 5 6 2 9 71 24
0 33 77 39 62 2 39 26 22 2 23 55 18 4 8 19 10 1 4 23 89 71 46 3 2 4 32 19 76 22 60 28 7 29 76 66 19 12 25 20 27 19 17 3 68 28 42 5 37 22 26 8 15 39 3 19 6 1 2 7 0 47 2 20 28 23 27 25 24 0 30 17 0 25 23 0 42 37 17 40 11 4 10 4 12 83 6 33 58 2 61 11 56 25 51 4 0 30 75 63
2 0 71 28 83 3 20 26 36 3 40 54 0 28 8 15 9 15 12 14 21 1 34 58 1 8 38 7 12 26 27 3 29 33 45 42 10 6 26 8 31 24 23 0 36 25 8 3 57 11 61 2 6 18 3 81 12 53 4 3 0 73 20 7 26 38 17 23 33 27 29 27 17 21 69 4 64 1 4 57 2 12 22 1 65 54 4 45 29 8 42 10 54 35 56 1 7 22 8 82
1 51 67 1 34 3 10 9 55 3 50 12 30 4 13 35 12 19 3 16 81 31 25 30 15 5 34 41 77 3 52 38 64 39 19 11 7 8 23 8 43 31 28 10 12 19 48 4 49 39 33 2 15 87 3 4 10 29 23 4 0 76 20 10 23 11 2 9 41 9 6 27 12 17 29 1 28 17 0 5 11 5 24 7 37 30 0 29 8 9 26 3 52 36 74 4 4 31 75 90
3 11 51 40 23 12 20 10 33 2 65 79 1 42 12 37 7 27 18 18 26 54 44 61 7 0 61 33 6 65 54 24 20 31 90 5 14 4 1 14 34 59 0 3 44 38 12 8 50 14 10 3 18 25 17 82 4 80 0 9 0 40 1 7 70 72 16 25 53 35 29 66 9 24 30 4 85 0 25 25 7 51 52 2 6 82 5 48 47 1 18 12 71 36 0 45 4 8 15 19
0 8 11 30 33 1 45 7 43 1 11 35 31 76 12 16 7 23 7 29 74 19 40 52 15 5 58 29 76 50 47 10 56 33 49 32 1 0 3 24 25 18 3 1 75 31 40 7 50 8 38 2 4 10 15 42 8 51 23 4 0 65 20 20 55 64 10 11 4 35 5 35 24 62 74 2 32 5 5 32 12 70 42 9 29 76 7 27 34 8 21 12 53 33 7 30 6 5 51 91
3 68 12 52 14 2 48 8 37 2 15 2 10 18 6 14 6 24 18 11 56 64 0 63 2 7 53 0 12 72 61 31 48 21 58 51 11 15 15 9 56 9 15 7 34 42 54 7 23 18 8 7 0 10 4 48 6 6 5 1 0 72 15 15 10 44 29 1 8 32 16 56 28 36 75 4 61 28 10 51 11 86 21 3 10 69 5 20 25 6 71 10 6 20 65 7 3 11 67 60
3 41 22 62 44 10 35 27 24 0 64 58 6 87 4 2 2 22 9 30 79 88 59 43 18 8 16 0 46 25 68 11 18 30 27 17 10 10 34 2 55 50 24 2 56 4 28 2 4 18 80 4 3 9 3 0 15 50 2 2 0 16 16 74 34 22 15 13 15 11 27 9 23 49 73 4 31 48 17 38 8 10 46 12 19 82 11 25 8 7 60 10 25 39 6 34 4 27 74 24
0 88 76 30 51 2 4 23 64 0 21 12 4 75 1 3 9 7 1 10 20 32 16 18 21 2 28 24 70 12 6 32 18 34 44 0 5 14 30 19 22 25 23 2 50 16 0 3 42 27 21 0 15 69 1 1 4 61 27 5 0 13 9 17 18 52 43 6 61 2 17 29 57 3 23 3 28 40 14 2 4 5 4 6 10 69 12 15 42 1 30 10 64 31 40 13 3 30 67 43
2 72 37 25 1 10 40 21 16 3 10 0 27 30 1 46 11 2 16 12 51 26 34 55 13 0 69 58 61 75 3 16 70 3 38 65 0 15 39 10 12 2 9 0 66 4 51 1 19 41 67 9 15 40 16 3 9 10 15 3 0 20 15 20 46 61 11 13 0 18 0 25 7 3 24 1 86 29 15 34 11 47 59 12 55 62 9 5 54 10 60 0 10 17 2 35 5 0 42 12
2 85 73 27 62 0 23 13 34 1 15 92 30 0 9 31 2 17 0 36 74 14 1 2 22 8 80 18 33 29 52 27 0 19 18 28 14 15 6 7 33 38 24 10 30 42 48 1 11 12 44 6 22 80 1 50 4 36 23 4 0 12 15 73 69 93 43 5 66 30 26 53 47 27 30 1 50 17 11 21 16 94 46 5 10 10 10 4 11 8 14 11 42 24 35 24 6 12 2 47
3 33 7 58 83 6 29 0 55 0 42 84 15 81 8 18 4 15 4 24 8 89 3 58 0 8 45 42 48 61 63 12 37 17 80 58 24 9 12 28 50 23 26 2 78 50 58 8 47 2 40 2 5 57 15 78 14 24 27 2 0 83 8 66 52 50 31 21 54 8 9 32 50 45 22 0 65 9 10 37 13 38 31 6 21 28 5 8 41 4 50 12 63 38 13 17 5 30 5 78
1 48 38 44 23 6 48 5 36 3 12 59 7 69 10 31 4 26 13 13 11 67 13 57 9 8 75 27 25 58 7 17 0 18 36 11 25 9 22 28 4 62 16 1 67 9 47 6 18 37 86 6 29 94 7 53 4 89 32 6 0 62 11 64 39 40 14 25 39 39 12 59 42 56 29 2 80 44 16 25 9 22 51 5 36 9 8 29 48 3 20 11 13 21 64 2 3 32 19 68
1 5 17 37 6 5 35 17 1 3 10 49 28 88 4 13 1 15 0 1 75 58 21 54 7 3 55 42 12 31 32 19 43 1 56 28 0 13 17 23 37 37 31 5 17 12 32 1 0 30 66 7 11 36 4 59 0 6 12 7 0 25 16 69 62 28 22 6 41 4 17 29 20 75 54 0 84 43 1 4 0 13 43 2 40 43 4 23 41 5 43 5 85 19 19 35 4 29 45 37
1 26 50 27 56 13 11 28 30 0 8 42 26 21 4 24 2 17 22 25 4 42 17 14 22 6 82 27 1 39 30 16 34 17 58 48 8 7 30 2 51 36 5 9 42 51 17 6 22 2 33 11 15 78 1 63 6 67 25 9 0 38 15 78 42 87 37 2 44 42 14 38 55 60 59 2 91 10 4 0 1 22 42 8 43 13 6 1 35 0 39 11 89 15 31 9 3 15 58 79
2 57 72 29 70 5 48 8 1 2 51 51 10 17 3 7 1 6 1 0 26 16 71 5 7 5 17 3 54 55 11 24 9 34 77 41 20 11 26 6 45 30 11 5 42 47 39 4 46 3 44 3 11 59 13 24 14 53 22 4 0 81 6 33 29 44 15 15 54 40 24 93 23 18 43 5 5 28 24 38 7 17 37 1 54 60 11 15 35 6 10 10 49 14 47 32 6 30 41 6
0 35 72 57 30 14 48 0 28 1 20 72 18 53 9 0 11 14 9 6 16 94 32 36 6 1 59 55 31 61 41 39 40 13 81 70 5 12 42 28 41 59 13 2 29 15 42 4 31 14 39 11 4 40 8 90 5 29 31 7 0 1 0 71 70 8 21 5 28 22 26 45 61 47 9 2 80 45 15 42 16 68 3 6 8 30 6 41 28 5 50 2 44 10 55 49 5 16 70 19
0 55 26 49 44 9 9 18 5 2 12 31 26 45 15 29 7 16 6 24 46 79 0 63 13 8 35 36 67 13 21 8 17 4 42 66 21 7 28 9 9 60 20 3 33 24 62 1 23 9 88 11 23 84 3 35 12 93 14 3 0 47 16 47 13 83 31 23 32 17 29 59 34 57 75 4 27 31 14 6 10 68 19 2 63 23 13 7 4 1 33 8 56 15 77 40 2 5 38 81
3 72 74 67 30 8 7 28 8 3 56 31 2 37 14 9 8 20 10 7 0 11 53 21 2 3 34 30 33 53 42 28 68 34 89 67 19 7 36 20 43 51 26 5 23 27 24 3 45 7 25 5 32 55 9 74 11 47 3 7 0 56 10 15 21 38 45 10 25 6 32 72 60 59 10 1 39 34 18 13 1 88 46 8 45 70 6 25 16 6 49 2 23 9 9 45 4 20 25 40
0 56 70 17 51 6 18 29 25 0 18 2 18 17 1 2 8 26 0 17 59 19 61 34 7 2 62 27 20 36 56 16 6 10 9 45 26 6 12 0 18 44 28 6 2 37 5 2 50 4 0 7 10 41 12 36 7 45 29 6 0 0 5 75 69 9 5 23 11 41 16 61 51 60 38 0 4 49 20 30 6 58 55 9 68 22 6 24 40 8 17 9 62 37 78 8 7 22 51 23
0 29 4 29 53 10 40 5 38 2 63 66 17 38 4 10 6 22 26 16 17 8 49 23 16 7 30 16 59 49 41 30 43 34 37 30 18 0 26 1 12 55 12 10 76 40 30 0 38 14 96 9 2 79 14 46 13 31 1 8 0 41 1 30 37 54 35 1 30 6 6 9 66 42 32 2 19 30 16 2 10 66 13 8 69 7 6 15 25 6 68 1 28 1 19 21 2 21 70 7
3 59 73 70 9 9 42 19 37 3 20 1 28 79 2 12 3 21 2 26 65 97 5 42 11 3 2 42 64 3 31 8 7 35 31 70 10 5 41 4 17 56 18 5 33 26 56 7 57 24 89 3 4 97 8 84 8 1 15 2 0 66 7 11 67 40 2 3 40 13 0 60 66 14 28 2 84 16 8 10 15 67 49 2 13 4 13 2 38 7 49 1 51 20 46 32 1 27 17 63
0 13 52 51 61 10 35 4 47 0 34 16 11 89 2 8 13 19 13 13 3 70 59 58 23 2 70 56 30 28 11 35 7 33 56 18 18 0 38 3 7 39 21 6 77 50 15 5 45 4 7 2 32 43 9 43 8 69 7 0 0 0 11 60 48 94 36 26 11 18 20 50 36 39 52 0 63 20 5 51 6 2 56 3 2 57 10 48 23 3 1 2 0 39 1 41 1 13 15 8
3 51 20 22 29 9 5 14 51 3 42 56 25 9 15 11 8 14 5 34 43 34 3 25 1 2 20 20 71 15 13 31 64 6 49 48 10 9 6 9 44 49 12 3 44 33 13 9 32 32 37 2 23 77 8 18 8 6 16 4 0 60 6 62 65 25 29 9 79 2 34 95 4 35 2 2 29 48 4 59 4 69 48 10 58 21 8 6 30 8 2 8 7 23 38 9 1 19 43 11
3 86 42 25 1 2 22 15 30 1 13 76 30 59 9 32 2 14 20 24 23 8 64 0 2 2 24 9 64 22 18 5 38 0 24 64 24 11 21 3 33 42 21 7 35 8 51 7 16 28 84 11 31 9 5 50 2 65 0 6 0 45 11 29 57 69 34 2 60 17 33 45 6 54 3 2 45 22 24 44 14 60 28 0 34 8 11 31 30 8 59 4 52 21 80 37 7 21 50 33
0 69 33 6 41 3 21 8 58 2 58 24 13 11 0 34 6 7 0 1 19 28 62 41 9 7 65 41 44 57 55 31 43 16 8 1 14 9 19 19 24 56 21 10 56 51 11 10 25 31 38 4 28 6 17 40 5 51 21 6 0 80 5 38 3 10 3 5 61 43 20 89 33 32 25 0 29 0 26 11 13 60 53 0 17 12 8 17 34 7 22 0 10 35 53 18 1 28 19 28
0 15 41 16 37 10 23 26 5 0 13 71 18 76 1 36 11 9 19 34 44 10 24 50 12 5 5 31 20 69 4 37 36 14 32 49 22 6 16 14 38 12 24 3 77 16 15 9 50 21 59 8 1 40 11 36 6 70 24 2 0 77 6 30 28 9 17 7 50 42 29 79 63 4 30 3 95 44 24 49 8 35 8 12 67 70 3 36 31 4 27 1 47 21 81 6 3 1 40 67
3 44 0 8 9 2 8 26 43 2 64 7 12 28 11 46 1 27 26 12 26 16 47 49 9 1 47 33 70 26 7 34 23 9 55 44 1 13 24 14 6 36 2 5 70 0 38 6 21 39 88 0 31 46 10 16 6 13 29 10 0 67 19 28 32 73 46 8 17 13 1 92 59 23 57 0 74 44 24 13 1 61 22 8 21 16 3 1 20 10 23 7 10 6 8 42 5 16 68 90
2 6 24 51 55 6 6 28 70 1 11 0 18 27 10 39 13 18 14 33 68 36 0 43 19 4 38 44 74 33 15 22 28 17 7 48 25 7 3 5 40 11 5 3 13 29 52 8 24 41 32 0 8 13 8 8 2 91 31 10 0 5 10 75 8 36 41 15 41 39 36 63 21 8 65 1 4 25 25 27 11 88 21 13 68 78 11 10 29 2 36 2 17 16 21 7 7 4 11 74
1 44 62 80 60 1 17 18 14 1 44 54 31 24 3 13 1 8 9 31 51 97 25 4 10 0 63 55 3 62 52 5 34 25 8 30 8 12 29 9 13 51 25 9 40 49 57 7 24 19 66 9 31 24 8 10 7 81 4 7 0 85 16 29 61 7 36 19 61 32 27 65 31 43 54 4 42 3 1 31 5 91 49 6 35 70 5 10 47 4 28 11 92 32 38 19 5 13 39 17
1 54 31 40 49 1 19 10 14 1 36 26 4 6 10 5 9 2 11 24 42 75 53 34 19 2 22 28 50 52 41 27 61 3 67 4 4 10 26 9 35 22 7 3 1 4 22 4 52 1 93 3 15 76 17 21 4 82 2 6 0 73 6 50 66 92 2 10 44 41 27 47 12 26 33 1 59 9 12 6 7 91 49 3 67 23 11 39 30 9 35 1 55 36 80 1 0 12 60 38
2 18 27 11 72 12 22 9 31 1 32 47 12 21 3 36 4 3 9 23 50 39 28 43 8 2 47 22 29 54 61 12 23 27 74 51 7 12 37 17 26 38 19 6 24 17 7 8 38 30 24 6 34 25 4 60 13 62 1 0 0 79 20 27 70 9 22 21 38 27 10 27 73 75 71 4 63 23 18 61 1 87 22 5 68 26 13 45 31 5 1 11 23 28 46 3 3 21 30 55
2 28 73 24 30 7 44 7 18 3 27 70 12 68 2 6 5 13 24 33 72 19 50 14 18 5 66 24 75 31 69 39 44 35 69 26 14 13 27 19 1 46 30 3 35 48 8 4 52 28 97 9 24 59 5 80 8 80 24 3 0 87 3 9 5 78 31 7 64 31 15 41 13 40 66 4 2 37 19 61 8 84 44 7 13 80 2 26 62 6 4 9 39 2 74 33 4 5 17 0
3 24 35 72 52 11 41 25 62 1 27 3 8 0 11 25 2 13 12 6 58 72 39 1 3 5 24 59 45 28 8 19 65 1 11 46 18 7 21 24 22 57 26 1 32 22 19 1 31 42 94 0 27 67 5 47 1 48 5 3 0 65 6 69 33 30 40 1 54 34 19 13 76 5 57 2 15 24 13 49 10 87 33 10 45 26 4 4 36 1 70 1 86 10 37 0 5 7 45 5
0 21 52 15 42 12 37 3 27 0 36 86 18 76 0 24 11 17 20 1 48 6 69 33 16 0 55 11 55 77 51 39 16 32 84 65 2 15 8 7 44 52 25 7 27 51 56 1 51 15 33 5 2 66 12 84 4 21 30 4 0 45 10 68 11 61 40 13 56 41 2 52 13 35 33 0 16 2 9 20 14 66 59 9 33 71 0 4 45 0 6 2 20 21 26 32 7 16 52 20
0 29 85 74 42 14 22 28 34 3 12 69 10 0 14 28 1 6 11 0 27 66 50 52 16 5 60 59 38 6 56 11 34 34 63 62 25 14 6 23 57 40 29 6 65 14 11 2 20 24 45 10 1 75 5 68 3 72 15 3 0 31 11 15 49 53 29 17 71 27 13 0 44 20 65 0 25 1 19 43 15 3 16 11 59 7 0 13 36 4 20 1 0 11 48 21 7 15 4 23
0 59 83 41 62 2 48 9 63 1 3 64 28 61 15 48 11 25 2 18 31 84 12 51 15 6 43 4 2 56 38 6 54 40 42 42 19 3 14 13 7 30 31 10 28 34 50 9 51 31 56 10 26 25 4 31 3 59 15 1 0 8 11 20 4 74 34 6 66 21 6 37 24 75 11 1 84 39 2 25 0 54 2 10 0 62 10 51 20 5 17 3 89 28 41 45 6 10 58 48
3 82 3 47 1 14 43 12 55 0 65 83 12 50 7 26 7 26 18 0 0 14 45 60 22 7 81 13 63 25 27 22 71 5 88 56 18 13 28 21 55 12 16 1 64 33 1 1 56 36 99 7 19 10 12 9 9 15 24 7 0 66 8 10 38 88 25 27 19 44 25 87 0 2 63 5 29 41 25 58 5 27 50 3 18 78 3 50 39 9 23 12 89 24 17 24 3 7 70 16
1 55 34 59 71 0 49 15 5 0 29 35 13 56 1 50 3 29 0 36 86 38 64 30 11 3 56 42 6 8 1 9 40 15 64 21 13 7 42 8 55 64 6 4 54 31 3 2 2 35 73 5 12 12 15 2 9 28 29 5 0 45 20 12 29 52 23 3 19 2 33 88 12 70 40 5 82 14 10 62 11 19 3 1 68 60 0 9 32 10 61 12 90 34 60 44 4 24 52 87
3 11 27 26 62 9 37 10 50 2 17 24 20 28 8 35 12 2 24 2 47 66 47 16 17 3 28 40 77 0 32 34 52 1 87 72 21 0 24 19 43 51 15 1 30 6 20 3 45 7 15 8 14 30 14 41 14 75 23 0 0 52 7 22 11 29 0 19 74 12 20 74 18 11 33 1 27 15 14 27 11 63 33 2 43 35 5 22 2 5 2 7 10 23 62 21 2 3 46 45
0 82 26 2 61 7 27 17 31 3 60 72 27 31 10 47 6 24 4 36 17 33 40 33 0 7 64 24 67 55 5 0 16 30 27 27 10 10 34 7 10 55 27 2 14 46 4 6 45 35 52 4 22 10 12 36 8 78 31 8 0 85 4 0 35 73 9 24 5 15 5 16 28 33 38 1 84 13 2 25 2 59 34 2 22 64 8 55 33 0 63 6 34 31 73 31 6 16 22 22
1 41 52 75 63 14 3 16 19 0 14 2 14 72 7 11 6 27 26 19 18 72 47 61 15 0 63 51 38 51 56 11 35 26 28 49 10 11 3 12 46 42 16 10 73 13 56 3 54 13 96 8 15 80 11 57 4 40 0 5 0 38 1 12 23 13 45 23 74 15 21 40 7 25 43 0 62 16 5 36 2 29 19 0 24 62 9 34 45 2 41 3 26 13 49 21 7 32 68 92
0 56 89 75 52 13 38 26 45 3 52 6 24 7 6 31 13 2 9 6 77 85 67 54 2 8 79 58 38 14 42 25 63 20 38 4 9 15 6 21 14 60 0 2 13 22 10 2 8 41 96 2 26 52 12 53 10 73 13 1 0 35 1 22 36 18 22 16 36 29 23 85 50 59 18 0 55 45 21 50 12 7 25 0 67 70 3 40 19 4 42 4 51 5 34 31 2 22 51 73
3 64 27 33 3 2 35 22 51 3 42 84 7 38 8 25 9 29 9 29 72 80 62 20 24 4 65 14 25 17 48 33 8 39 70 67 18 4 26 2 7 11 25 3 6 42 1 10 44 26 77 7 23 67 17 87 14 43 20 10 0 22 11 71 28 16 42 7 35 19 24 9 74 55 43 3 12 38 7 39 8 5 55 7 15 63 5 31 61 9 66 5 33 38 72 49 7 25 39 58
0 23 36 70 6 3 17 9 22 1 60 69 14 35 4 40 11 15 11 20 45 66 16 28 4 6 36 24 11 15 43 33 6 23 11 56 26 12 38 26 16 65 3 5 37 17 59 7 3 18 0 8 34 59 9 17 5 85 27 2 0 77 18 54 20 31 2 16 55 40 31 88 44 4 47 1 22 46 27 44 1 1 10 7 53 9 13 44 22 1 8 0 73 19 28 36 2 15 47 60
1 66 29 38 62 14 21 27 60 1 34 49 23 42 3 1 9 26 2 11 83 98 28 47 23 1 59 36 57 55 68 11 23 39 31 40 6 9 37 2 40 32 26 10 49 35 13 4 44 2 48 2 24 8 1 81 5 64 11 10 0 41 4 12 12 85 0 17 63 22 9 0 13 75 40 0 53 50 1 65 16 12 20 0 53 69 10 26 30 4 55 2 1 15 8 29 7 15 67 3
1 16 37 56 50 13 8 9 12 0 30 30 14 22 11 50 0 27 20 7 42 61 44 2 12 5 71 48 63 54 42 37 67 36 28 23 18 14 24 5 8 20 0 2 71 33 19 5 40 35 62 9 20 74 1 81 1 18 5 8 0 19 6 54 15 26 26 22 77 20 13 38 60 18 17 3 73 19 10 62 13 94 53 2 47 53 13 36 14 4 58 3 46 24 7 33 7 23 25 73
0 75 71 70 18 9 14 20 51 0 6 81 12 5 2 44 13 13 16 16 0 31 10 49 17 5 74 29 24 65 72 9 40 31 88 35 11 5 42 25 4 66 16 6 77 27 41 4 12 30 35 8 9 25 17 39 7 34 18 8 0 13 7 64 51 43 12 15 7 24 10 9 0 39 7 0 3 49 1 42 0 57 23 5 10 35 5 38 61 5 65 7 68 26 60 40 5 1 34 54
2 13 21 18 70 8 22 27 67 0 39 33 23 2 1 48 7 9 2 35 65 66 21 41 21 3 38 5 75 7 50 25 33 5 82 4 12 10 16 12 16 67 20 10 50 23 64 7 21 36 10 10 19 56 16 75 13 64 31 1 0 33 2 48 3 29 21 14 13 6 4 90 70 8 46 0 95 20 22 28 8 89 36 12 56 51 6 36 53 7 5 12 89 5 35 33 7 26 15 84
0 28 22 74 35 11 17 19 5 0 57 85 11 1 2 38 9 11 9 16 4 24 11 18 13 4 16 5 27 62 45 1 27 34 30 32 2 10 36 27 36 9 17 0 65 6 23 0 58 44 99 9 22 87 3 3 15 50 10 0 0 21 1 39 20 56 11 8 31 4 12 7 76 3 65 3 79 39 22 51 16 17 34 7 15 12 12 54 12 6 18 11 28 31 23 4 0 27 17 58
1 25 5 40 27 6 37 4 10 0 39 83 32 54 11 2 11 6 12 6 26 58 71 28 11 0 11 16 24 58 4 3 41 13 52 40 13 9 38 4 16 34 1 1 61 21 57 10 30 41 85 8 0 45 8 58 9 78 32 9 0 10 10 41 30 32 45 4 60 8 4 52 38 13 32 0 54 43 17 35 16 27 53 10 17 33 3 58 17 7 40 4 33 19 48 18 0 7 32 14
3 53 47 74 14 2 1 6 29 3 11 16 24 13 8 17 1 2 13 10 0 91 51 21 17 7 37 57 56 67 24 20 39 39 26 50 10 3 19 15 54 9 19 9 79 7 10 2 29 18 56 5 31 31 7 31 3 64 31 2 0 7 8 58 63 26 15 20 12 13 1 26 10 32 77 0 33 48 5 5 5 75 19 7 10 30 12 57 12 8 59 1 51 39 77 24 7 31 49 74
0 83 30 34 74 11 35 16 47 3 5 91 19 20 2 46 11 29 20 20 56 44 10 24 1 3 79 15 30 72 48 25 33 11 64 44 11 10 3 18 23 39 13 8 81 47 21 7 9 40 43 0 8 76 14 52 1 71 7 9 0 45 2 54 49 15 25 17 39 10 33 71 17 29 21 2 46 17 16 26 1 82 51 7 30 45 13 4 36 10 68 3 40 26 73 28 4 6 67 34
1 44 79 78 39 12 21 2 7 3 36 78 19 73 12 31 7 18 11 17 6 58 42 44 7 1 18 9 56 9 26 12 1 29 86 41 17 4 42 12 27 44 27 1 39 40 32 0 39 34 10 4 7 54 0 54 0 10 10 3 0 28 6 25 32 82 1 13 80 6 33 92 29 57 17 0 39 15 0 12 9 15 41 2 36 63 11 35 9 7 41 3 53 26 65 44 4 9 42 22
1 14 71 59 70 9 40 18 34 1 5 35 1 28 9 14 7 21 14 23 8 48 7 8 12 1 47 41 14 10 7 31 42 3 39 47 20 11 16 23 56 13 21 9 45 34 51 3 35 32 44 8 7 28 6 50 14 57 15 4 0 21 2 36 36 76 28 14 61 43 12 25 12 56 62 2 33 13 3 31 8 23 9 10 33 63 11 31 17 5 42 9 43 11 20 40 1 21 25 31
2 52 24 14 29 9 31 9 16 1 47 13 32 25 0 12 7 10 5 25 75 95 43 19 8 4 76 35 74 14 54 0 14 32 13 16 2 14 37 15 39 17 23 5 20 48 54 7 4 7 71 1 3 2 9 76 0 78 0 2 0 79 5 2 38 22 17 4 13 35 4 28 12 46 33 1 55 18 23 32 12 0 20 7 30 73 1 39 38 1 34 8 13 13 7 4 6 30 44 59
1 29 7 66 2 9 0 6 34 0 29 54 30 67 15 47 5 14 0 34 59 39 44 40 22 0 54 15 10 19 0 33 25 37 19 53 18 13 5 24 10 37 25 4 10 38 44 8 55 5 42 9 3 27 12 70 15 48 28 0 0 51 20 57 2 77 5 27 7 16 1 43 46 65 9 5 60 0 6 61 15 31 35 12 0 31 0 33 53 2 41 3 52 31 42 21 5 12 20 91
2 69 42 70 83 6 5 16 29 0 48 15 7 90 14 18 11 21 3 4 81 56 10 7 14 7 52 4 79 28 10 30 70 6 90 32 14 0 37 17 39 66 20 6 47 7 63 6 35 26 8 2 17 55 3 43 1 77 6 6 0 26 13 52 72 13 26 13 60 20 28 62 46 63 47 0 72 39 6 20 6 38 33 8 8 68 10 40 5 5 3 3 81 38 72 11 6 25 37 32
