100 100
100 100 100 100 100 100 100 100 100 100 100 100 100 100 100 100 100 100 100 100 100 100 100 100 100 100 100 100 100 100 100 100 100 100 100 100 100 100 100 100 100 100 100 100 100 100 100 100 100 100 100 100 100 100 100 100 100 100 100 100 100 100 100 100 100 100 100 100 100 100 100 100 100 100 100 100 100 100 100 100 100 100 100 100 100 100 100 100 100 100 100 100 100 100 100 100 100 100 100 100
50 75 69 51 15 73 11 40 86 10 0 59 52 62 63 70 86 100 84 32 53 59 95 33 99 54 40 76 23 29 12 95 83 42 98 63 13 28 57 31 18 74 86 64 27 89 41 48 80 44 8 84 61 88 88 49 26 20 44 26 74 58 79 2 90 4 87 43 77 34 55 66 84 38 41 2 74 46 43 59 73 80 7 21 11 10 50 27 71 16 19 64 70 93 49 73 97 10 40 69
52 46 83 24 42 73 18 69 81 7 10 14 84 45 57 19 36 93 72 1 48 50 12 8 83 83 64 65 19 39 65 65 59 93 94 69 76 49 21 21 96 83 29 9 62 52 19 96 40 58 41 80 72 2 72 0 11 18 17 74 73 73 75 31 23 99 12 35 36 86 79 39 10 1 58 49 19 68 16 35 19 42 10 55 63 8 62 35 32 25 55 33 100 30 48 79 89 77 25 69
4 48 61 35 44 52 24 57 100 33 64 43 48 96 85 91 64 80 28 59 8 37 1 47 83 77 9 78 74 3 59 46 92 52 12 16 16 25 35 26 22 55 89 31 84 20 13 77 51 87 83 19 85 41 16 75 82 91 7 71 61 7 38 30 22 86 8 5 41 51 29 50 45 11 69 50 14 25 1 5 4 72 48 35 73 80 69 50 90 17 67 63 74 36 50 53 47 62 47 9
46 70 47 88 56 58 74 27 22 47 30 40 15 22 16 47 98 97 83 19 43 98 76 65 88 21 25 12 91 93 27 24 90 81 76 94 39 81 10 48 95 12 4 70 82 63 34 68 47 82 76 12 96 0 16 44 35 28 55 3 24 86 26 5 25 8 79 24 2 48 25 74 37 89 40 65 36 94 54 67 60 53 32 32 51 28 75 28 98 1 25 64 35 69 32 85 96 3 36 2
81 82 90 12 25 84 86 18 64 37 89 71 10 16 63 88 56 76 91 39 71 75 89 23 100 35 8 49 76 37 4 34 42 63 98 84 50 89 77 94 86 50 90 33 46 41 61 7 98 46 72 44 26 59 72 44 64 88 46 50 35 77 88 89 66 22 58 44 40 38 55 67 92 19 11 93 9 69 40 59 88 65 24 47 15 8 99 0 68 34 75 48 42 52 11 24 59 6 25 98
88 29 63 10 23 29 36 2 37 92 65 47 74 45 4 72 97 84 35 82 65 73 59 59 50 20 12 50 32 54 92 24 57 88 13 63 97 68 81 40 23 49 95 64 87 69 37 24 11 31 50 3 30 20 94 97 69 42 2 39 92 55 11 35 47 35 45 58 29 43 57 34 41 24 76 54 80 30 13 59 9 40 0 34 91 9 45 90 90 58 80 6 15 35 77 71 88 32 41 25
66 38 73 80 50 89 63 92 91 40 42 19 11 70 27 50 80 98 18 24 69 14 42 51 84 92 19 38 13 84 52 4 32 31 43 17 43 48 26 27 85 46 81 80 12 3 44 30 5 74 14 54 28 41 38 67 83 2 95 59 13 74 65 79 22 1 29 24 75 32 7 1 89 82 94 65 13 82 16 38 79 15 42 31 2 57 19 36 68 25 55 16 62 83 84 79 61 47 94 72
61 21 85 84 60 84 7 31 21 92 95 40 53 12 73 67 28 59 67 16 94 53 48 60 43 27 25 42 4 39 93 34 15 17 88 17 75 55 95 10 29 8 88 49 5 47 21 86 46 100 60 45 18 19 22 89 99 99 66 24 42 97 87 40 70 34 45 55 27 38 38 60 22 88 26 54 64 8 23 27 77 97 65 2 18 1 100 81 21 50 81 84 87 93 1 96 89 73 52 19
17 64 77 99 93 40 50 5 12 88 80 15 94 49 27 63 33 65 22 82 89 41 40 47 32 40 0 55 4 30 12 14 80 85 56 69 8 98 22 89 24 79 89 81 47 95 80 6 47 26 32 87 60 53 35 45 57 70 44 79 44 52 62 63 100 32 40 64 85 35 61 31 60 69 67 13 62 70 28 52 36 81 37 88 97 55 55 78 12 31 67 74 5 96 42 86 63 76 24 39
63 86 43 44 56 15 2 72 5 98 25 1 22 26 16 84 56 33 63 3 6 25 6 98 48 58 18 66 70 7 74 60 56 82 53 99 39 91 62 50 26 44 78 57 52 75 30 16 63 54 47 47 20 3 87 71 84 88 34 53 6 70 53 38 8 87 82 51 22 19 62 75 4 86 73 6 73 64 51 51 12 6 69 100 52 25 55 74 60 13 68 36 70 42 31 57 55 18 97 89
41 97 14 81 68 28 28 79 96 0 59 86 40 97 37 100 91 41 26 77 83 6 93 49 2 57 77 61 64 25 99 14 97 12 40 90 40 92 34 51 54 41 80 70 36 83 70 53 30 55 34 35 63 39 78 87 71 11 24 65 90 80 24 61 79 63 19 78 74 77 59 56 36 51 22 79 86 46 36 71 52 22 27 77 15 58 89 49 97 13 20 74 43 45 56 3 83 23 69 44
52 72 98 30 30 15 45 42 84 26 44 2 56 0 47 86 11 0 46 93 100 72 8 17 52 43 96 33 96 90 43 13 70 79 99 63 24 4 26 51 75 92 70 72 52 12 39 26 5 93 100 95 8 31 0 9 10 95 4 28 56 60 3 55 67 37 66 75 82 2 64 50 8 60 80 36 42 8 54 30 97 77 78 13 49 15 43 20 40 52 56 18 94 5 88 74 48 34 54 38
86 82 41 40 98 53 26 56 54 16 36 75 64 37 74 84 51 0 49 0 44 88 46 10 0 27 95 17 41 34 53 9 100 47 37 20 72 59 69 87 31 65 8 84 71 27 95 60 93 16 85 71 73 58 88 76 22 74 62 9 72 51 56 72 85 20 55 2 4 87 32 52 98 10 49 7 99 98 15 48 4 83 47 50 87 93 7 26 76 25 87 9 69 93 0 97 88 92 83 72
84 1 37 60 42 9 51 95 89 100 7 88 46 10 15 66 24 98 44 22 36 19 77 82 80 53 96 43 93 55 85 35 86 63 79 20 61 58 67 59 53 37 93 54 52 11 20 83 61 0 60 15 63 33 60 75 12 57 7 11 5 47 72 22 20 32 54 85 80 16 73 99 68 21 69 41 43 32 9 62 45 15 9 41 44 71 69 5 32 27 10 56 39 7 87 50 18 46 91 45
73 9 68 81 3 28 72 17 79 10 19 61 80 83 4 5 3 79 76 84 48 58 70 51 29 7 99 6 73 4 8 100 74 3 1 37 92 61 38 93 92 49 30 10 23 89 98 12 99 65 73 92 42 29 37 31 1 52 87 87 56 18 7 74 31 70 47 80 73 94 28 0 27 91 47 53 81 88 38 78 17 97 27 14 12 96 91 69 93 29 26 73 9 58 26 50 67 79 4 58
77 7 73 1 13 14 54 71 69 9 86 52 26 96 29 59 78 96 68 10 6 22 84 94 65 13 55 40 26 92 89 11 55 83 74 48 84 97 98 92 15 14 15 3 20 22 40 91 92 76 34 84 30 20 27 18 84 36 93 84 71 10 32 68 88 8 60 49 1 50 16 99 71 25 43 91 3 25 11 71 75 51 18 20 89 36 42 83 55 73 87 53 37 6 67 85 20 83 85 45
67 3 84 54 20 93 37 54 34 18 75 17 0 88 14 58 31 90 76 57 7 71 42 34 2 47 28 6 77 71 86 95 32 59 34 99 15 66 68 88 15 66 18 62 58 36 43 16 32 66 40 72 6 17 12 41 78 82 42 43 35 74 91 30 5 89 99 8 37 72 30 100 67 12 7 70 23 89 24 79 40 57 37 34 37 11 21 88 17 96 22 10 56 26 40 4 17 8 6 74
4 53 48 94 78 63 81 65 18 41 57 48 51 10 88 16 21 4 77 70 59 81 59 18 42 35 9 51 21 87 48 42 65 79 0 19 47 44 13 2 13 60 34 26 68 20 18 68 58 76 97 66 11 18 15 18 68 97 56 38 89 98 83 79 48 32 39 79 22 52 39 8 23 12 80 37 51 88 49 21 23 9 20 1 46 55 78 27 84 41 81 37 45 38 12 98 2 28 52 17
16 64 70 79 84 77 30 25 83 30 87 12 81 28 78 4 35 61 83 8 14 24 44 28 33 93 31 93 67 54 6 22 81 92 76 92 89 8 29 14 18 16 95 35 58 41 72 72 6 41 66 58 96 70 31 76 75 82 6 36 51 61 23 3 67 64 28 46 13 55 94 33 91 4 50 51 14 11 93 97 82 4 55 75 3 59 61 49 3 84 31 2 94 56 99 55 18 86 4 2
56 88 26 92 62 46 28 31 54 21 91 82 83 37 32 72 83 19 21 41 40 40 82 16 61 73 73 7 0 24 24 5 91 85 75 7 26 5 54 59 56 23 44 61 17 78 20 95 1 96 71 57 21 63 33 22 52 98 69 64 95 30 97 52 15 47 36 32 0 9 66 88 51 65 36 95 17 33 32 48 28 37 62 98 65 61 10 35 61 95 2 72 0 42 87 93 76 54 27 70
48 97 64 4 45 84 37 71 8 13 21 92 9 21 23 67 23 76 48 63 35 91 39 93 0 64 80 52 63 82 73 91 1 39 87 68 80 77 41 40 69 46 16 18 42 13 98 42 70 15 71 79 25 22 15 45 7 10 11 76 85 86 40 56 27 26 19 91 75 37 21 86 96 43 25 77 88 85 74 10 43 44 55 11 69 62 53 98 71 7 36 21 59 27 38 63 87 27 63 13
31 50 32 33 41 11 35 0 79 15 65 69 43 1 14 58 32 86 29 79 72 52 23 59 45 79 29 65 83 21 19 84 35 53 76 11 49 71 81 63 21 1 5 60 40 59 42 41 99 48 79 55 20 65 38 80 60 80 18 77 52 22 84 58 18 74 87 13 20 7 81 75 80 16 65 64 0 46 52 32 86 1 5 49 65 89 71 73 72 29 86 90 13 61 95 78 87 78 16 63
74 22 92 94 75 26 87 98 46 6 4 66 68 4 61 62 41 47 58 70 61 5 76 33 79 16 37 22 95 91 16 55 35 7 19 31 34 0 6 55 11 9 55 52 89 87 99 31 62 50 37 40 53 34 65 69 8 5 40 19 27 88 4 43 90 26 50 38 90 83 11 83 2 33 87 87 0 27 79 0 62 81 80 39 5 47 23 58 92 91 9 94 96 31 18 30 27 8 27 32
34 76 7 61 98 60 11 34 55 2 57 13 41 11 14 78 46 100 16 75 14 83 75 65 83 75 94 64 28 42 8 67 23 45 93 72 55 59 13 86 1 99 29 41 34 41 4 67 38 98 8 70 45 29 68 13 5 90 19 3 32 89 46 38 90 4 19 89 9 87 4 75 67 4 69 72 94 55 95 68 18 90 36 73 54 71 19 22 67 43 28 63 0 83 29 32 52 13 32 65
55 20 45 3 88 80 79 41 89 12 17 28 9 72 98 22 52 52 92 40 84 38 29 64 51 93 52 55 30 40 59 21 74 41 16 65 1 3 87 66 49 86 16 79 59 96 83 68 16 49 19 76 63 87 46 82 10 100 61 28 19 58 22 85 47 99 19 65 28 43 23 60 19 98 13 84 41 94 26 97 0 60 54 97 94 59 94 30 75 40 55 57 97 80 48 35 67 48 76 30
20 16 75 18 37 16 2 41 20 2 4 51 45 99 99 26 83 32 58 55 30 97 52 89 100 33 48 17 42 43 91 19 76 80 27 95 68 18 48 81 82 68 12 50 55 13 63 92 41 54 88 62 54 43 3 44 36 81 71 16 19 81 93 23 33 14 84 0 28 79 64 6 75 90 76 63 18 80 69 27 98 30 76 17 3 56 48 28 19 39 72 39 12 16 94 56 21 50 42 12
32 82 60 93 3 76 57 87 66 77 57 29 25 27 10 42 82 3 5 21 7 68 17 79 96 85 98 12 25 68 56 44 64 23 87 84 49 0 18 84 79 48 1 40 49 20 45 55 88 35 11 31 61 77 92 74 46 40 34 61 33 21 48 37 65 56 86 78 21 99 21 17 47 67 11 69 74 60 80 58 13 3 5 94 91 69 19 22 9 47 52 1 29 18 9 39 28 14 7 54
21 77 73 50 83 97 75 24 3 10 66 31 36 23 75 39 6 46 13 86 100 84 33 52 56 72 64 80 64 42 33 26 39 18 23 34 75 78 93 88 54 84 19 55 70 96 46 90 73 56 87 37 33 74 4 90 60 44 82 81 26 14 32 87 32 92 1 89 17 80 84 83 32 26 43 83 29 91 38 23 69 42 68 3 2 52 57 81 52 43 74 43 33 33 49 24 16 23 60 75
15 52 12 68 89 41 99 81 84 46 7 76 53 21 3 8 96 21 41 67 81 64 90 42 79 56 61 68 73 58 87 40 46 17 54 51 1 47 5 64 37 13 15 31 49 43 67 44 11 44 93 24 84 61 18 59 12 13 7 72 89 50 100 99 95 14 84 65 27 30 81 26 54 26 87 2 99 58 84 99 16 80 50 83 67 19 64 13 98 44 38 38 67 22 82 76 18 56 0 17
21 57 22 27 2 38 56 37 28 25 24 78 62 53 55 41 40 61 58 15 87 87 92 68 92 67 48 75 10 24 85 79 60 39 52 13 89 87 80 2 25 1 12 76 62 37 45 31 80 24 7 91 21 90 8 69 1 0 53 16 82 36 2 28 52 93 37 99 99 88 67 74 73 37 11 15 43 82 94 78 35 0 72 62 94 90 36 24 17 94 67 3 10 97 63 93 62 8 66 82
40 46 60 14 93 55 24 55 3 21 57 40 71 56 30 24 13 59 36 52 75 53 11 10 39 13 79 30 61 37 29 36 39 67 91 10 44 9 54 2 75 71 86 97 44 6 9 74 79 96 77 24 65 86 45 94 23 61 1 94 2 96 1 24 97 66 98 40 37 78 65 82 25 53 54 83 67 94 24 72 2 27 26 56 69 84 5 23 20 24 4 97 63 32 35 75 12 46 71 2
31 90 54 30 67 39 58 0 86 36 65 45 5 44 65 6 37 72 39 96 45 18 94 4 41 39 19 57 8 85 64 19 93 38 34 58 18 20 53 31 24 27 31 72 25 75 90 19 8 34 25 46 13 3 37 26 91 14 22 24 53 79 35 40 0 3 73 88 61 68 52 63 72 35 54 78 97 31 56 35 64 2 24 97 61 17 73 61 61 93 97 22 57 62 45 57 70 72 93 50
61 6 72 37 82 58 36 74 49 80 30 98 54 43 50 16 75 66 98 24 16 57 31 100 34 92 99 84 22 59 65 69 29 62 59 1 74 76 80 47 18 25 12 2 94 91 38 4 2 9 15 2 53 44 0 95 51 40 80 95 13 89 58 84 1 29 66 91 3 59 80 51 1 21 12 72 74 40 16 37 95 85 70 25 60 7 12 5 36 48 74 49 25 0 57 6 29 33 61 74
69 16 92 18 60 27 46 65 77 37 55 86 18 99 70 27 7 37 93 1 25 61 28 88 80 96 59 18 7 82 72 29 70 0 61 79 94 0 31 15 53 59 81 45 22 34 48 43 65 5 0 83 28 67 20 72 57 47 68 44 72 58 98 40 7 11 22 69 47 62 5 100 85 4 73 71 4 34 54 0 43 42 71 70 79 3 59 65 7 53 24 54 74 100 18 42 71 38 9 97
47 1 37 44 22 28 90 72 32 86 84 41 73 9 67 54 47 96 85 85 33 10 84 99 83 76 3 36 59 5 95 55 59 29 21 93 36 75 14 4 2 34 34 97 83 35 85 91 61 20 14 73 2 43 23 33 9 30 74 92 32 57 95 88 58 44 22 5 69 69 43 9 4 73 96 4 11 62 26 10 38 67 67 8 48 50 55 83 55 70 87 0 7 7 69 12 79 54 94 44
38 79 22 30 73 87 49 65 9 79 44 4 39 75 85 75 40 49 19 72 9 58 62 84 79 74 15 30 11 2 35 97 100 85 72 37 25 47 88 99 6 76 44 23 9 57 32 21 68 35 10 63 65 48 11 15 88 81 8 59 75 22 48 73 8 48 80 37 7 100 16 43 34 36 43 70 73 49 22 27 71 41 73 79 93 66 25 14 42 49 13 46 54 76 70 100 47 48 85 30
4 12 20 44 39 29 86 87 34 52 85 67 68 46 61 75 34 34 54 27 31 54 56 47 42 84 1 0 27 77 29 34 60 27 61 90 78 34 69 68 81 11 91 44 77 34 64 22 61 43 9 2 38 50 82 20 29 72 58 62 61 31 44 44 87 63 11 82 100 34 4 8 98 90 72 34 49 54 30 89 24 24 92 66 17 63 44 20 37 61 33 88 5 85 38 61 60 79 54 37
68 24 67 65 3 36 39 41 63 6 44 56 38 64 13 58 0 57 60 20 82 9 23 50 74 32 95 5 88 84 91 28 83 90 66 81 68 35 66 100 84 89 7 11 84 27 24 43 22 95 94 90 5 81 82 50 47 39 52 0 3 49 9 83 61 9 0 22 55 73 32 1 58 57 17 8 18 12 78 52 51 26 52 26 59 5 39 9 47 77 92 14 20 56 5 3 94 76 2 85
49 56 8 67 64 5 73 72 46 0 5 53 30 83 51 47 42 4 40 83 62 57 51 98 81 67 4 21 5 18 94 9 6 51 64 27 70 22 63 88 17 25 54 95 41 98 45 76 97 0 87 31 34 80 33 3 89 79 68 82 60 86 28 86 41 77 94 5 88 23 35 9 87 47 49 66 33 70 77 78 96 25 25 86 63 4 28 59 59 67 62 79 31 97 8 22 81 34 79 83
26 15 6 43 99 81 62 71 22 58 65 72 59 91 36 13 9 19 39 3 35 86 22 37 68 37 70 30 99 14 12 55 40 92 17 78 73 80 41 38 85 7 35 46 58 71 85 77 98 30 65 26 40 4 55 85 69 7 5 25 97 75 29 3 45 72 87 18 39 89 92 29 29 77 41 46 76 4 87 26 86 56 1 50 78 66 10 100 46 77 74 82 35 22 45 95 97 89 68 23
34 83 79 62 53 7 21 99 37 84 38 87 83 72 57 86 75 70 78 26 77 16 12 81 3 37 78 64 74 71 56 7 32 76 67 40 92 50 6 59 61 98 76 2 45 3 51 33 81 24 14 68 59 47 60 48 80 43 80 20 88 13 99 87 67 41 35 49 61 66 5 8 3 53 20 46 47 21 99 84 41 74 46 18 94 51 38 89 65 6 98 28 84 29 48 20 89 21 52 30
99 31 85 53 3 10 21 21 91 25 65 78 51 4 44 76 52 28 13 71 30 55 82 89 34 9 88 28 43 91 36 6 87 90 56 64 97 85 17 71 1 1 30 36 63 40 38 61 24 26 23 0 81 14 84 21 47 78 48 47 42 44 25 54 16 31 65 81 94 82 81 76 65 89 6 84 96 95 93 11 62 100 77 73 52 74 39 75 65 23 19 32 7 28 21 100 100 85 63 96
0 31 76 11 73 28 4 26 35 28 14 91 10 22 62 84 55 57 81 6 34 77 43 55 10 75 71 99 22 46 38 33 67 64 40 96 88 43 82 86 68 78 56 75 33 29 35 40 100 68 80 29 21 76 64 23 78 2 62 42 38 0 59 9 21 43 16 36 73 39 34 27 47 28 98 9 75 14 96 20 29 29 79 70 69 25 65 24 58 97 47 33 18 47 47 37 20 54 54 71
29 62 60 31 4 29 35 11 16 79 92 1 35 78 49 74 87 90 65 81 50 93 22 26 82 41 66 92 10 28 49 41 1 84 3 34 96 71 26 68 64 40 3 69 24 2 89 95 13 0 75 19 10 92 96 33 23 23 81 47 53 59 53 82 38 50 77 74 83 3 75 2 30 19 23 35 21 11 93 20 95 76 63 2 26 19 12 1 68 17 97 14 17 47 79 79 53 73 61 75
1 84 46 13 77 71 8 0 16 24 17 97 31 48 25 87 55 12 41 6 22 38 24 10 9 29 73 20 67 65 47 89 16 70 54 14 19 48 0 5 54 5 28 77 8 72 35 26 76 48 56 65 37 34 10 5 44 3 50 74 33 5 61 47 50 79 38 15 1 89 19 26 93 81 2 67 82 89 18 93 77 92 39 3 80 39 75 90 62 75 24 90 98 24 8 41 34 25 74 31
50 21 4 13 68 35 40 20 49 20 68 53 7 47 96 85 35 31 17 91 96 88 1 75 65 81 51 70 87 90 11 46 57 85 24 16 4 62 67 3 44 90 92 54 64 52 56 39 95 44 59 17 63 79 96 95 9 12 32 72 45 93 56 7 49 19 64 63 63 56 27 49 33 4 5 92 64 19 15 15 95 56 61 78 94 29 37 63 79 59 30 42 57 16 42 20 12 12 99 42
41 49 92 97 4 13 21 47 48 42 91 41 74 53 29 88 32 44 56 14 36 27 4 6 29 45 51 27 17 35 75 12 43 63 92 7 25 83 45 96 14 29 89 95 83 25 26 61 77 41 79 34 90 80 78 34 59 64 65 45 33 23 50 24 63 66 82 14 91 91 6 9 15 72 65 37 62 81 16 47 88 28 83 98 62 53 73 8 26 66 25 46 19 77 43 14 38 26 29 59
56 66 92 47 48 48 60 6 27 65 65 23 84 43 79 54 49 10 12 57 47 71 34 14 72 61 22 90 98 37 42 18 45 9 14 52 36 23 46 13 30 22 25 88 82 15 57 51 20 68 45 91 82 27 93 67 54 5 4 27 2 60 39 57 66 15 7 45 24 65 52 31 85 63 100 61 99 15 87 65 87 4 29 99 85 47 8 46 76 92 59 51 25 24 83 45 85 7 68 87
98 85 24 31 41 37 44 0 28 52 4 26 48 51 65 17 58 35 96 73 76 56 17 84 57 52 34 96 95 58 7 46 84 68 29 70 67 77 0 94 56 55 73 34 47 34 57 32 59 22 24 32 76 93 73 28 57 25 24 37 75 38 64 51 70 2 54 72 12 75 98 6 58 27 89 55 63 89 14 72 41 11 86 48 41 20 39 21 29 100 5 6 23 62 95 35 95 6 34 21
75 89 94 68 23 77 76 98 0 0 97 75 100 40 28 22 92 88 68 29 40 9 33 94 8 34 26 6 74 85 72 80 87 44 38 39 43 54 95 96 45 71 35 64 97 16 75 27 81 37 48 13 13 33 54 78 18 98 3 51 42 19 70 70 41 92 58 30 7 40 40 67 57 59 40 72 93 88 93 65 72 31 53 97 46 56 70 53 86 26 42 29 52 46 63 60 81 50 60 29
70 96 85 85 1 7 57 49 82 97 74 12 62 20 58 7 74 6 13 87 9 50 92 13 13 70 72 42 95 90 37 54 65 41 90 91 22 47 38 29 48 36 3 28 31 6 7 1 36 22 45 40 66 33 39 38 83 16 22 22 84 51 94 13 62 68 23 14 17 28 20 94 5 65 79 13 38 33 49 19 27 21 12 50 5 7 37 19 4 66 76 50 24 60 81 100 18 92 66 10
88 83 70 5 39 46 11 33 8 99 99 45 98 34 21 38 1 16 32 12 65 64 7 10 20 49 41 3 4 39 52 4 89 83 92 17 74 63 54 1 65 84 19 6 20 80 76 95 18 51 47 89 50 11 29 40 7 75 47 6 69 73 69 67 56 1 39 75 10 32 97 28 18 62 19 62 11 73 80 53 88 10 27 35 34 2 43 47 53 91 6 57 96 31 63 51 14 84 36 37
47 39 67 73 32 62 96 66 77 25 20 25 61 70 22 35 92 18 63 100 56 54 99 20 3 21 99 5 87 39 70 88 100 19 94 80 84 68 4 32 33 43 17 98 64 99 89 86 7 32 48 74 93 73 90 59 84 5 9 2 90 42 57 93 89 41 40 65 2 79 14 99 33 78 55 70 18 25 76 26 60 95 24 65 73 78 93 35 5 33 60 79 17 40 66 92 15 75 84 84
42 89 98 67 38 89 94 94 34 57 58 65 95 15 81 97 34 63 19 27 77 99 90 34 52 81 42 99 55 33 72 86 41 9 44 51 45 12 16 3 92 38 71 76 56 74 18 34 42 6 49 9 80 47 41 63 87 88 25 21 11 44 25 22 65 87 73 12 33 41 44 60 20 81 74 47 26 89 93 44 92 11 82 39 79 1 17 79 87 48 23 7 10 22 97 15 86 88 71 56
60 55 86 92 70 51 84 91 21 24 63 26 96 65 72 44 42 63 41 63 12 87 59 39 77 58 25 90 25 92 68 80 93 3 75 84 81 7 10 55 88 31 17 44 38 28 4 77 32 61 34 83 23 99 95 63 53 71 4 88 74 18 79 4 78 97 16 66 86 61 38 21 100 52 55 32 57 19 32 85 9 72 0 92 68 52 92 71 11 22 80 15 11 85 84 44 84 81 2 98
94 42 45 50 4 80 24 59 44 9 75 44 9 38 15 51 49 97 67 57 77 76 39 65 79 25 11 57 14 59 20 91 71 73 79 50 70 62 94 59 34 31 95 23 73 69 77 29 99 83 96 94 56 2 7 85 78 13 87 50 63 43 100 6 50 91 80 75 34 65 14 57 70 79 82 32 61 79 4 76 22 82 2 63 69 78 45 24 51 58 51 45 16 82 67 26 69 18 21 12
53 4 81 90 19 83 39 42 3 60 39 34 19 34 48 96 83 16 26 78 9 78 97 79 1 51 70 43 24 47 61 57 13 20 84 25 24 82 9 19 92 45 1 60 56 93 100 84 63 41 99 47 82 1 73 50 71 80 25 92 61 96 66 61 4 86 95 40 20 77 73 98 21 6 37 78 64 64 29 35 77 46 69 12 12 20 14 76 93 12 25 56 25 26 23 16 32 73 65 75
86 24 81 71 64 49 32 78 74 65 43 66 29 78 41 19 3 34 0 46 53 31 14 24 57 76 51 69 95 24 50 6 10 67 80 53 74 100 35 64 52 6 86 32 40 94 11 15 72 22 5 34 34 38 13 32 10 74 13 33 28 8 42 97 69 5 0 24 60 15 90 30 88 94 34 76 79 92 51 50 32 25 8 10 93 80 54 71 23 12 68 85 78 54 32 51 36 81 57 92
13 54 100 57 54 11 46 1 25 5 67 18 100 52 88 29 21 14 95 35 36 3 54 45 63 63 84 81 34 61 23 68 17 75 20 77 96 27 74 21 23 53 75 81 48 62 45 30 29 27 16 68 6 95 29 95 34 72 1 18 75 52 7 7 56 40 50 75 49 47 17 31 24 56 38 84 15 90 24 86 45 23 24 22 46 37 94 36 98 43 29 86 53 16 4 28 30 44 51 6
48 29 14 78 13 30 90 85 38 7 72 55 16 35 24 67 42 38 1 57 57 41 64 44 21 94 12 36 73 48 44 41 32 78 56 15 61 9 58 22 2 44 19 82 39 96 79 64 80 80 98 22 33 42 12 81 27 35 86 71 87 13 14 60 79 59 42 23 35 99 5 15 1 41 58 59 93 30 83 82 7 39 87 32 53 23 84 85 99 39 33 51 36 17 8 46 47 61 90 36
44 53 13 25 29 35 85 54 47 43 63 41 64 94 36 80 13 66 82 83 12 57 27 51 78 84 30 87 90 63 90 89 57 30 82 67 64 92 16 94 3 76 46 2 75 19 25 59 100 49 58 17 29 100 69 88 54 12 88 78 82 62 61 67 61 17 32 41 82 3 6 74 63 89 79 25 72 21 35 69 16 91 44 100 25 86 33 58 89 72 86 4 69 41 83 66 48 53 4 0
82 97 64 95 3 38 55 51 48 48 87 75 80 74 10 59 80 35 12 48 1 1 77 7 7 6 30 13 6 23 92 36 1 71 32 70 96 29 16 44 58 41 83 58 41 20 82 99 25 44 48 81 18 63 54 73 97 71 93 65 49 39 90 7 23 49 73 80 41 13 88 91 71 46 8 93 52 70 54 96 81 72 63 0 75 41 55 49 50 29 44 34 76 18 77 72 96 86 33 74
97 20 14 10 45 30 48 99 68 79 24 19 50 81 10 8 10 24 84 66 87 80 40 89 100 98 79 33 97 86 25 76 1 27 86 71 82 60 75 24 88 67 61 47 8 76 58 95 88 50 31 96 29 70 80 48 70 8 68 63 56 69 93 13 18 19 0 69 77 5 91 41 14 36 47 3 28 22 49 50 62 66 83 94 9 53 38 27 17 82 30 45 25 23 38 29 53 3 38 28
97 18 47 22 84 40 59 25 61 37 49 15 15 70 56 14 14 48 52 10 59 63 6 27 69 2 78 32 28 33 34 22 50 76 91 48 18 51 47 77 92 38 55 82 60 42 84 75 94 20 85 42 19 55 57 40 16 51 35 74 27 74 8 36 30 37 13 39 83 19 35 76 92 47 82 92 69 10 87 85 43 55 89 15 38 74 17 33 26 28 30 66 93 62 91 67 43 35 51 18
58 71 96 12 28 24 80 48 98 62 46 31 71 11 10 100 39 65 45 42 36 27 17 24 6 78 41 51 55 39 95 11 7 17 45 88 10 59 21 99 25 55 76 11 54 33 75 26 24 78 5 60 29 88 81 6 5 30 58 24 15 46 90 65 6 15 46 22 95 30 17 7 8 83 61 22 84 32 89 42 39 73 10 85 58 4 87 26 83 29 50 14 12 70 81 4 10 5 7 64
84 81 55 39 99 13 92 99 17 97 51 20 13 33 65 82 16 0 89 79 60 68 44 13 58 94 23 10 96 80 38 27 24 30 68 39 2 73 83 53 64 81 34 39 53 30 4 4 3 67 81 98 87 6 77 58 18 95 96 98 3 20 29 80 59 40 25 37 78 88 29 35 72 59 17 75 48 18 3 28 5 95 58 2 48 28 93 34 86 28 52 49 86 67 55 57 75 59 66 64
21 6 3 86 49 14 30 46 55 41 48 5 5 93 79 8 6 45 98 68 52 10 8 64 34 80 22 6 60 23 33 44 23 85 75 11 99 13 76 74 37 99 4 82 100 98 100 49 52 83 24 95 56 5 53 98 1 88 60 18 50 73 47 95 80 69 45 85 30 42 46 55 31 52 16 95 58 43 88 96 93 1 1 91 10 40 30 56 24 10 47 91 24 51 0 54 25 88 98 44
28 9 59 33 53 11 66 71 12 43 8 30 45 27 87 19 94 53 30 6 33 67 38 23 73 81 76 89 70 62 86 14 70 55 64 6 95 15 9 45 33 30 20 49 27 46 13 0 98 46 10 86 62 29 46 8 42 3 27 88 58 31 19 6 91 82 40 8 38 41 26 26 51 29 80 52 30 37 81 12 100 63 100 82 16 45 44 45 77 73 16 36 34 13 95 28 90 63 77 30
69 34 29 14 49 99 87 98 75 21 99 40 73 13 59 96 4 54 40 45 38 59 35 32 59 19 38 71 96 34 11 83 72 81 25 89 28 73 54 21 31 87 71 13 4 98 32 9 66 50 76 36 20 77 79 96 74 88 82 69 50 15 0 52 33 66 58 19 86 29 45 2 95 4 59 48 1 83 9 45 7 98 18 86 58 36 11 5 80 42 35 46 3 43 74 72 9 25 17 47
12 28 77 30 8 20 53 3 30 16 98 42 57 20 75 65 79 34 15 33 16 15 78 64 48 20 15 22 71 94 94 22 62 99 66 99 22 14 30 18 56 71 99 66 0 55 12 51 86 40 13 4 62 90 40 93 19 95 81 8 100 65 95 31 33 15 8 3 36 21 1 36 69 47 42 66 81 94 89 50 69 22 83 55 64 7 45 90 62 15 100 3 43 88 28 99 8 34 50 50
10 27 33 19 86 46 13 21 81 44 38 6 19 8 22 100 12 59 79 80 5 98 78 6 65 95 94 26 69 85 34 39 56 4 73 64 50 31 83 86 53 22 39 53 7 97 24 42 21 46 68 74 30 97 18 91 68 60 41 92 27 30 12 15 92 99 17 85 75 70 6 24 91 51 98 53 80 16 10 4 25 42 32 44 71 87 69 37 51 18 47 91 52 15 41 36 29 93 82 10
40 32 47 92 92 97 48 60 66 17 3 71 89 11 89 78 17 89 42 46 33 1 51 21 17 87 96 82 99 94 46 20 24 80 30 51 70 48 99 52 5 56 81 46 55 54 84 36 63 41 68 56 70 38 34 83 76 58 42 54 41 58 89 87 11 55 61 61 98 8 52 15 29 16 73 3 48 27 33 57 48 89 79 46 67 41 47 31 16 69 5 12 2 36 70 4 55 70 49 58
68 36 7 33 16 78 59 96 69 49 37 3 91 42 1 17 66 87 42 17 13 65 87 98 8 28 24 85 23 16 25 57 87 19 72 50 96 27 22 71 1 90 23 95 49 59 25 73 90 46 3 27 69 23 64 83 50 81 35 93 67 38 57 80 1 22 11 45 34 37 100 57 74 26 27 90 42 77 47 48 71 33 59 63 5 25 63 71 29 53 87 59 71 34 62 78 38 3 23 60
94 15 2 53 31 47 53 83 25 36 46 38 12 68 89 68 5 50 82 54 3 63 84 71 22 10 68 47 16 30 69 26 61 11 40 82 27 94 3 33 64 69 36 84 41 5 77 67 90 29 63 33 75 17 41 27 91 37 22 12 12 9 31 57 73 40 25 60 54 92 20 15 29 9 77 59 13 10 28 18 18 40 81 3 65 55 10 5 57 15 63 34 54 17 5 29 70 50 77 91
72 91 31 77 85 53 99 3 95 52 97 38 54 9 48 15 70 3 48 21 30 46 33 97 38 72 45 39 77 7 83 12 28 28 69 100 44 98 13 50 18 78 4 46 11 75 92 8 70 52 44 28 38 33 43 21 58 40 93 50 9 23 60 86 70 46 52 90 31 93 8 44 96 33 53 66 19 43 91 38 46 94 76 7 5 91 62 8 63 64 37 24 90 81 98 64 76 45 15 88
2 79 3 32 5 12 25 13 83 42 83 62 20 31 98 90 11 55 88 28 61 97 58 62 95 23 42 10 45 93 61 77 33 50 31 60 95 10 97 16 70 38 69 38 43 70 7 62 13 87 44 30 48 50 73 56 10 60 20 26 0 8 37 13 81 37 8 89 97 40 99 11 61 53 12 8 59 96 1 43 99 82 95 16 23 0 63 82 79 74 42 77 25 26 12 15 100 14 77 60
83 85 25 82 69 84 24 3 94 13 1 21 45 52 86 59 90 99 51 22 83 34 42 100 11 18 89 60 28 74 14 85 90 67 27 85 95 57 43 39 75 3 82 18 60 37 5 44 76 43 0 75 86 78 32 26 85 78 21 98 80 63 100 23 3 1 14 58 98 67 41 47 59 4 98 13 54 11 6 58 45 52 8 90 27 60 43 14 20 21 77 60 47 24 34 13 39 33 74 98
68 58 6 89 79 96 55 7 41 59 42 83 9 62 52 46 77 75 48 8 70 7 18 17 46 96 56 62 4 56 33 49 44 89 11 85 43 11 47 37 13 91 12 66 92 53 18 74 67 3 98 4 88 50 40 100 72 9 78 42 14 19 89 82 63 11 35 79 51 80 39 78 55 48 1 48 26 9 11 50 37 85 25 13 80 34 72 74 88 3 51 66 72 79 71 26 62 12 34 41
28 58 96 5 8 19 35 47 69 15 100 63 10 82 66 64 42 51 39 19 49 4 19 72 27 37 80 60 37 10 21 69 22 71 32 44 99 99 90 67 35 22 69 79 46 28 38 91 97 55 16 10 87 23 42 40 21 30 14 56 2 100 15 68 61 58 9 61 96 56 80 53 92 73 14 29 25 27 93 29 0 78 81 4 44 28 75 58 77 66 53 93 22 95 47 71 65 6 32 92
82 82 86 30 2 83 25 70 64 100 97 16 72 16 52 40 10 86 56 11 65 45 89 10 11 61 38 39 82 41 87 36 23 7 76 23 51 13 15 31 82 86 58 33 40 46 21 65 98 39 50 23 83 76 86 47 72 99 32 68 82 44 77 44 40 60 77 19 82 48 71 78 6 48 68 69 42 38 68 96 90 46 26 100 97 20 35 80 74 72 20 71 37 71 62 86 74 28 5 65
21 94 8 18 8 78 45 6 53 31 74 12 55 34 24 66 20 72 7 41 8 46 6 65 46 20 47 64 67 21 59 77 57 30 30 12 70 73 69 43 36 16 87 63 97 70 20 57 1 14 34 25 87 15 48 50 90 27 22 32 30 68 68 21 96 53 86 70 59 12 88 86 54 3 68 55 3 56 36 1 38 46 77 11 29 59 29 45 14 28 42 13 1 52 22 50 41 31 43 92
50 16 39 61 69 82 82 27 24 46 53 65 75 13 11 26 6 15 44 72 64 73 31 31 17 96 48 62 95 26 96 22 45 75 46 54 74 7 86 21 10 62 36 99 68 72 33 89 28 60 85 65 4 30 35 59 0 19 97 33 69 70 100 4 35 19 13 10 37 31 20 16 25 5 22 30 5 71 71 77 79 73 26 56 83 36 0 72 0 18 100 60 19 59 60 26 24 47 60 70
24 36 75 97 45 99 58 69 12 44 40 97 10 0 83 64 28 56 3 10 78 19 52 13 52 2 49 37 57 87 4 2 98 94 89 59 91 19 11 95 8 85 85 63 6 41 86 24 85 91 59 56 92 42 22 88 67 97 8 89 57 7 26 70 72 33 96 27 100 35 10 48 71 8 36 21 98 79 58 9 12 70 60 52 80 50 22 92 78 11 64 65 13 10 74 54 24 28 4 98
17 70 17 27 55 72 62 97 35 70 39 72 11 99 31 48 66 11 7 89 99 49 61 11 91 49 48 71 57 68 2 88 27 92 49 20 52 15 53 67 46 97 42 66 28 52 23 78 57 91 71 73 10 10 98 47 42 20 77 74 23 17 65 14 89 7 45 95 95 80 8 41 96 66 78 48 34 47 36 17 47 72 53 69 87 85 66 99 85 96 4 6 60 30 61 64 11 47 5 76
28 8 39 0 47 75 29 1 59 85 42 49 58 44 54 95 72 58 5 38 72 49 89 79 56 70 83 74 18 24 100 31 41 76 11 30 78 64 12 77 41 24 61 71 7 37 57 55 51 34 4 21 87 6 84 0 55 84 22 45 47 80 35 89 65 40 73 47 55 83 97 75 22 81 32 34 64 23 95 28 52 14 57 19 62 71 55 40 39 46 95 8 13 67 63 97 89 100 43 52
32 8 7 55 12 72 98 100 64 80 92 69 64 85 33 1 15 66 96 62 67 87 56 57 72 99 27 84 57 38 47 88 28 91 60 49 63 58 34 50 3 93 24 86 22 41 82 17 69 3 86 92 42 91 40 75 95 1 34 23 31 13 9 61 73 94 5 42 79 3 55 34 48 51 17 44 21 95 100 19 59 58 82 19 34 16 52 42 20 54 78 96 80 98 95 16 92 26 24 75
28 25 33 29 33 66 72 85 85 47 60 78 80 69 97 95 94 60 73 25 91 20 99 86 30 26 15 40 49 36 97 35 98 32 14 50 43 20 49 74 6 77 93 5 56 67 15 50 46 21 49 0 27 94 7 54 37 32 62 54 48 47 6 5 18 63 41 54 82 16 97 8 38 60 34 41 24 0 56 39 87 56 7 26 80 39 47 92 18 20 25 85 44 60 71 0 30 66 73 92
20 47 19 62 94 83 23 65 99 67 34 31 57 36 32 98 10 16 93 1 52 78 81 13 70 72 80 79 69 73 66 62 74 4 43 62 17 46 9 76 60 30 21 75 29 0 76 67 87 13 69 44 64 51 74 94 97 57 24 91 29 77 99 61 34 54 55 50 4 10 38 3 100 61 15 55 65 7 83 79 73 22 100 42 49 83 7 78 54 3 15 23 99 39 100 46 95 28 64 5
74 52 73 35 49 6 25 38 79 31 99 1 5 29 13 78 6 36 15 93 70 23 69 77 85 96 88 42 77 47 88 79 68 54 41 54 18 69 6 40 28 72 32 52 82 59 52 53 88 1 43 24 94 52 8 59 30 64 87 5 44 19 9 35 42 4 62 92 98 5 5 33 80 84 78 16 81 37 72 18 61 47 59 9 89 46 93 48 33 93 48 97 47 69 69 92 44 88 14 21
18 44 6 53 44 67 77 41 99 73 32 71 38 79 37 60 13 46 7 37 10 44 15 77 54 40 27 84 4 7 12 32 17 2 77 51 77 31 80 46 32 0 95 25 89 60 65 44 79 2 14 99 52 68 61 3 23 94 61 98 69 14 75 80 67 25 79 12 94 76 19 20 27 46 34 32 41 3 33 71 11 75 80 94 84 83 5 16 48 36 95 41 37 73 13 55 54 45 20 34
22 51 23 55 31 71 79 1 4 12 2 24 95 20 29 41 91 71 64 69 87 11 41 55 23 67 39 19 34 94 71 23 42 33 51 76 10 54 4 58 18 4 62 92 28 26 19 74 19 37 65 22 0 18 82 10 26 2 76 43 30 41 83 75 65 72 24 62 48 4 42 75 60 71 51 100 92 80 8 3 49 50 37 94 94 80 7 96 67 49 24 51 91 24 44 84 55 52 1 44
19 62 45 66 47 31 70 81 70 82 69 49 10 16 79 46 93 39 78 92 87 72 96 94 92 26 50 1 40 34 23 76 16 68 99 92 98 64 45 73 78 95 37 45 23 6 23 33 10 71 40 88 5 33 3 20 10 18 34 29 89 35 49 89 3 61 87 72 80 47 14 80 0 49 3 22 27 34 54 22 0 7 60 36 34 20 19 88 78 95 64 21 8 32 64 23 84 85 90 16
2 5 26 53 19 89 70 70 26 24 37 82 92 32 60 16 59 32 62 36 83 7 42 49 58 35 87 16 74 81 39 0 94 74 65 83 72 75 53 1 5 93 4 94 58 34 83 67 60 92 86 86 45 70 72 17 61 17 47 73 2 32 86 29 94 54 39 46 89 2 56 5 81 44 16 17 93 93 39 1 73 68 4 78 92 29 58 99 95 90 15 45 52 94 42 53 5 22 75 87
95 61 52 42 10 60 99 37 13 44 11 14 63 59 25 22 35 82 77 60 64 57 41 32 63 63 90 97 25 26 55 8 13 79 70 85 55 89 21 93 86 31 48 1 32 60 89 14 97 5 94 99 67 100 20 96 12 98 87 0 5 19 34 45 5 50 48 11 35 70 26 46 50 40 85 74 23 32 3 2 19 69 49 92 60 63 92 38 12 4 13 94 91 37 19 90 81 97 74 61
37 56 9 92 20 76 19 15 41 53 46 3 81 55 84 60 81 91 52 77 77 29 27 80 81 68 0 52 54 35 28 76 52 99 22 32 6 55 44 68 93 67 11 66 59 20 10 94 25 86 16 77 90 53 38 24 63 27 6 59 16 5 46 85 26 88 51 33 35 75 36 55 85 27 85 68 89 6 34 7 70 97 81 13 89 25 22 45 26 34 7 69 22 44 92 35 68 78 76 17
77 41 14 80 28 30 31 53 30 90 18 44 94 74 62 72 52 71 97 95 0 60 44 45 13 89 53 44 40 37 79 1 86 70 6 64 33 40 43 63 98 18 1 27 73 5 15 54 44 99 48 46 53 97 8 10 88 73 11 59 34 16 84 24 37 62 42 72 45 28 78 42 88 64 49 22 76 4 73 50 13 35 46 15 36 52 85 31 73 44 27 8 42 89 82 78 41 78 95 41
77 96 67 99 0 67 74 7 50 2 6 2 80 96 26 38 17 40 30 81 69 82 29 70 57 13 39 29 63 61 7 31 92 66 87 24 44 90 0 88 35 22 86 46 90 11 19 35 5 46 31 18 88 10 83 84 27 0 59 23 34 80 20 24 82 4 2 65 25 59 48 25 27 4 71 66 81 12 62 19 67 44 44 64 72 13 47 81 56 83 96 60 29 44 57 32 21 13 2 43
77 44 84 30 55 92 8 35 19 15 15 57 89 21 47 24 55 22 74 60 37 45 2 85 23 63 16 16 49 14 77 17 6 62 59 94 34 24 96 71 28 12 79 55 30 15 52 78 48 63 31 51 94 43 39 98 67 0 16 59 18 8 9 77 30 47 39 38 55 80 27 8 23 1 69 14 8 5 8 56 25 41 34 46 94 23 95 43 14 85 68 43 24 43 41 24 79 0 5 18
22 13 0 30 72 88 86 10 71 59 47 62 69 8 84 61 8 71 75 1 82 98 70 54 30 51 95 11 44 20 89 80 9 60 7 33 76 35 75 95 32 32 34 31 51 15 4 24 10 8 74 68 38 85 36 40 73 49 22 38 22 84 66 59 84 34 65 11 14 83 81 87 30 85 46 67 28 58 52 64 36 26 53 88 33 47 48 90 86 69 42 66 98 78 42 100 32 24 94 36
75 35 69 42 4 94 82 25 76 34 86 11 97 25 20 97 19 19 96 94 83 19 18 29 49 89 47 74 65 73 7 91 98 54 93 50 18 73 5 73 77 0 73 100 80 49 72 40 62 93 44 16 35 29 33 19 5 17 20 87 36 5 71 41 36 38 81 3 56 99 38 3 85 82 33 15 81 82 70 38 18 71 30 26 48 68 67 2 7 22 11 61 76 83 91 59 79 1 97 57
