100 100
100 100 100 100 100 100 100 100 100 100 100 100 100 100 100 100 100 100 100 100 100 100 100 100 100 100 100 100 100 100 100 100 100 100 100 100 100 100 100 100 100 100 100 100 100 100 100 100 100 100 100 100 100 100 100 100 100 100 100 100 100 100 100 100 100 100 100 100 100 100 100 100 100 100 100 100 100 100 100 100 100 100 100 100 100 100 100 100 100 100 100 100 100 100 100 100 100 100 100 100
42 88 36 91 25 60 29 53 15 65 39 43 39 63 60 24 36 93 58 77 56 92 83 14 60 72 54 59 72 31 11 70 69 93 50 61 19 75 42 63 79 24 12 20 96 2 13 93 85 75 77 78 83 39 55 24 56 37 54 57 50 78 17 37 65 98 1 14 28 89 61 60 89 70 23 0 52 20 83 8 14 56 48 37 3 78 97 6 88 53 62 3 97 55 78 55 11 97 41 37
63 51 6 62 48 85 56 66 26 5 31 19 40 80 96 62 81 80 54 42 20 72 12 31 73 97 44 24 48 17 0 83 25 18 51 12 22 45 2 59 81 50 31 99 64 58 46 96 29 20 77 73 60 30 56 10 74 71 35 73 44 60 87 94 81 99 4 85 5 8 100 12 14 68 81 25 62 33 26 55 98 64 17 86 94 11 11 82 61 54 27 79 20 42 77 95 25 92 98 72
85 2 56 67 84 5 36 56 83 11 57 45 89 49 59 66 52 22 6 71 5 96 49 77 59 13 47 49 98 98 77 64 19 95 62 47 96 67 97 40 62 81 80 65 82 79 1 4 92 39 37 68 97 30 87 92 67 99 37 94 32 86 74 14 68 24 99 79 80 36 54 76 62 88 59 82 69 43 4 33 32 3 95 21 64 91 32 34 57 38 98 16 90 39 79 88 49 17 88 11
72 96 10 6 30 99 32 11 87 90 80 89 37 28 11 13 96 87 46 72 7 28 9 56 61 19 92 88 82 34 40 4 25 28 10 55 67 31 22 44 43 100 30 5 15 97 38 10 57 66 66 0 100 75 56 25 98 44 24 81 64 6 55 24 38 36 69 73 19 6 34 12 41 94 66 91 95 83 35 61 54 0 55 9 62 82 37 9 12 99 22 24 85 16 28 84 94 13 97 71
45 3 76 86 85 80 84 4 55 13 56 90 31 25 47 41 56 66 72 50 77 78 65 21 85 100 37 92 69 77 84 51 64 27 91 91 18 99 61 79 25 89 64 89 24 68 21 0 79 82 59 20 9 29 86 30 52 31 95 41 83 10 53 62 55 44 84 27 64 10 30 92 50 23 87 9 72 86 59 97 18 30 87 21 74 18 60 81 74 74 54 93 8 89 75 58 21 20 55 60
69 30 2 100 62 37 78 49 30 37 54 76 41 100 62 41 50 9 4 75 35 93 63 32 4 6 20 8 40 53 29 46 67 40 0 7 88 52 93 81 2 56 52 48 34 76 90 8 45 72 100 44 94 30 44 12 73 47 91 56 83 88 11 40 59 73 19 22 0 45 4 23 19 93 11 48 11 37 60 64 88 26 1 57 86 15 60 16 83 20 36 16 79 7 98 73 6 57 65 94
73 17 34 33 46 22 85 38 91 10 23 83 5 99 59 63 38 48 20 66 16 34 3 23 65 11 21 1 2 63 95 25 87 80 55 77 92 50 45 93 33 86 90 38 6 59 35 58 3 86 75 84 37 77 67 3 3 86 0 66 72 79 14 86 96 85 74 61 98 32 96 54 63 42 35 96 76 27 69 19 16 81 75 22 58 97 3 25 32 77 95 7 7 95 94 95 0 18 19 84
18 2 17 59 87 82 85 12 14 33 34 46 20 78 90 78 66 25 95 24 32 54 31 21 36 5 49 29 48 90 29 11 56 55 1 71 10 4 38 29 33 1 20 10 66 6 87 87 19 76 9 2 20 64 83 39 30 96 9 78 99 81 84 27 31 100 62 99 7 86 19 93 52 88 55 97 78 16 75 62 54 46 50 86 25 20 71 69 21 15 95 55 50 100 32 75 52 8 80 48
14 17 10 77 11 95 41 92 3 63 95 86 97 2 23 45 35 0 94 73 30 54 17 11 81 16 6 69 59 24 38 9 25 79 19 10 62 10 1 8 27 93 25 65 34 91 48 29 15 23 62 54 70 93 36 52 8 63 72 8 46 5 95 1 40 94 8 90 64 26 87 89 36 4 46 52 23 23 41 69 73 38 88 11 64 85 76 80 67 12 57 86 79 69 2 83 79 98 63 73
34 84 82 49 64 36 36 31 65 56 10 9 28 21 40 16 92 65 14 47 67 94 82 77 13 46 22 27 56 75 89 82 45 30 32 88 22 72 78 84 9 10 27 46 8 85 58 14 8 69 39 53 63 27 5 38 26 34 71 70 11 10 70 80 29 5 23 75 27 58 29 95 57 25 3 65 33 9 54 1 49 39 38 16 10 14 1 66 55 60 33 35 78 92 83 65 25 85 5 53
51 11 14 63 5 4 17 65 30 96 53 47 68 84 57 33 66 13 32 100 93 65 72 3 34 86 53 46 84 57 3 32 43 28 57 40 10 81 4 24 81 75 12 25 41 46 42 69 56 70 21 85 39 54 88 50 70 60 68 68 23 66 53 73 79 85 66 30 90 14 2 54 72 49 16 43 81 96 50 49 64 41 76 20 40 22 12 68 30 66 66 32 3 2 68 5 96 90 72 90
70 76 5 76 36 27 58 44 61 74 98 77 19 0 34 65 92 94 15 83 33 63 13 84 54 33 65 47 92 82 58 67 17 26 89 30 36 39 68 7 52 7 96 99 94 56 88 9 77 54 77 24 87 23 13 59 47 72 72 38 55 38 88 86 69 97 35 99 60 83 88 13 36 54 73 31 17 27 14 56 86 52 39 39 30 87 14 83 1 54 26 49 66 32 11 93 80 92 21 38
10 6 76 78 54 80 18 10 59 12 35 74 33 33 41 36 10 58 90 20 19 92 98 60 72 0 24 22 82 89 91 27 93 32 82 56 86 75 28 15 51 63 33 98 56 76 15 100 58 0 58 75 64 56 38 43 87 99 32 69 89 71 78 1 34 86 58 76 95 86 30 36 18 45 5 75 48 26 69 61 11 44 72 92 15 40 30 22 88 35 56 87 56 88 97 85 41 61 84 78
63 54 48 86 24 56 5 6 42 73 84 65 77 97 68 76 62 35 90 24 49 6 63 27 40 25 41 44 52 12 56 55 36 32 69 75 8 59 79 38 56 50 97 10 54 12 63 61 80 77 32 20 54 43 21 61 72 82 17 60 83 47 70 57 31 5 51 85 76 53 29 22 43 80 48 60 67 25 18 50 95 1 64 30 31 37 53 37 82 22 30 6 90 84 28 5 32 45 13 0
77 21 22 64 37 62 69 13 80 44 73 23 61 35 40 69 33 35 60 67 8 27 7 94 53 71 0 99 74 5 89 71 2 23 49 16 66 66 12 57 97 32 61 93 95 24 65 96 43 61 43 63 91 26 51 54 6 25 98 22 30 21 91 69 86 26 17 33 27 7 46 40 77 11 48 98 24 47 67 97 65 41 42 41 70 61 86 18 22 26 42 50 91 15 9 52 52 20 64 84
81 24 60 89 72 32 32 21 21 80 53 59 75 79 55 17 34 56 71 79 70 40 18 25 56 57 23 45 13 8 50 13 18 83 50 36 19 33 85 6 56 28 34 5 4 67 50 49 30 89 50 87 79 88 41 6 90 5 34 14 27 65 5 28 38 24 41 4 65 87 1 28 24 67 26 75 82 89 73 95 77 70 62 10 82 24 16 60 48 70 78 81 8 42 61 8 99 54 11 45
69 95 39 78 60 60 62 75 35 71 92 67 98 36 66 72 57 29 16 86 94 31 84 23 44 20 30 71 74 62 55 31 46 19 1 54 52 40 66 0 49 42 64 58 62 1 53 22 19 99 69 84 85 40 36 83 66 76 56 34 89 65 31 95 54 98 14 66 84 61 16 46 24 61 84 40 94 68 77 12 58 13 56 37 63 3 35 91 63 88 23 96 61 49 78 68 50 100 70 90
97 90 55 65 16 41 88 37 46 75 33 26 9 75 78 12 3 63 85 76 70 96 93 28 80 58 9 67 54 41 94 46 5 37 41 53 1 45 95 74 96 71 7 0 33 72 82 5 69 100 80 33 41 51 45 57 10 81 44 87 94 37 48 70 10 9 45 11 25 85 9 27 23 10 68 71 67 2 33 43 63 16 85 65 19 42 92 76 85 97 3 56 75 0 40 21 2 60 13 91
61 43 77 95 7 26 88 9 76 6 64 42 10 58 16 61 65 83 81 34 50 0 3 60 75 57 98 14 47 56 35 46 75 70 33 99 21 5 79 37 14 86 24 31 9 29 3 6 92 81 14 28 39 44 28 15 69 7 56 97 49 36 56 34 38 28 69 16 87 28 61 23 68 0 25 84 95 37 57 93 46 58 9 35 51 67 0 66 9 21 27 0 19 49 53 17 3 84 73 75
20 57 70 99 75 75 2 87 100 93 6 32 27 47 21 65 20 66 35 15 15 19 38 70 5 19 75 93 2 93 62 10 59 29 75 50 33 78 78 30 43 63 98 41 71 46 32 3 80 62 39 68 15 76 84 51 1 62 29 54 9 22 39 66 16 60 77 98 9 89 71 4 40 14 87 55 100 37 49 49 29 69 82 84 80 76 67 90 61 71 83 58 29 55 49 29 39 34 88 13
25 37 53 55 34 60 64 22 93 2 46 74 5 0 96 86 25 91 55 34 2 23 24 9 68 17 62 31 51 15 81 61 81 51 48 63 8 70 25 65 61 31 15 28 100 99 79 1 88 90 39 29 47 40 62 88 46 66 1 45 81 42 84 14 52 73 76 52 86 80 83 25 43 73 15 15 62 12 51 7 23 14 25 45 7 84 59 77 80 18 67 84 14 29 26 21 17 5 97 94
84 14 9 65 18 14 97 99 89 55 7 94 51 74 6 57 47 63 13 43 82 46 9 31 83 22 45 25 47 96 0 69 18 40 100 36 98 6 69 92 59 14 78 84 79 97 78 30 16 25 69 57 23 30 28 39 97 71 62 22 37 56 54 10 64 37 64 85 79 42 57 31 17 32 45 39 46 80 82 84 59 29 93 56 53 75 82 78 64 68 100 40 71 46 80 38 15 16 7 63
84 49 39 93 21 28 63 95 53 23 19 70 99 16 78 26 35 21 58 61 33 53 67 53 89 82 30 78 14 71 8 89 13 44 29 90 11 4 32 77 60 92 91 18 58 94 100 87 57 22 90 94 54 8 46 15 70 91 43 13 53 91 39 33 83 71 23 17 30 98 32 46 19 84 66 65 35 42 7 60 84 83 23 28 96 37 49 5 93 59 57 76 13 84 54 94 48 43 93 15
22 13 56 83 56 23 99 47 59 13 64 5 19 40 64 3 29 13 50 47 27 72 84 31 71 64 5 14 90 96 72 32 62 72 17 77 37 44 10 55 33 50 54 28 22 71 33 63 37 35 46 76 47 19 46 60 59 12 62 96 72 71 55 95 65 85 8 93 45 52 10 90 91 67 98 42 62 3 53 60 26 55 16 33 23 64 4 76 19 13 48 10 53 7 100 99 34 32 38 87
36 77 16 56 12 52 78 56 12 6 6 4 13 69 51 26 59 96 83 6 30 2 75 100 81 61 93 4 46 66 92 3 49 54 38 29 82 48 54 66 73 69 46 8 44 25 4 4 60 22 36 71 39 32 40 50 70 82 34 18 91 7 82 19 99 52 3 64 96 29 72 4 65 86 80 81 35 55 50 7 76 42 51 99 65 21 12 50 1 40 60 84 73 35 39 62 58 87 48 41
79 100 5 52 49 95 91 30 69 65 71 58 0 34 19 55 12 92 43 20 25 76 33 28 56 27 26 11 16 27 15 5 72 17 22 61 15 95 25 0 45 21 90 78 76 75 50 98 14 74 54 22 100 60 34 96 60 33 40 13 94 31 10 58 6 35 28 92 33 48 90 56 0 33 50 18 30 63 57 69 70 67 58 42 86 24 42 83 65 60 18 54 74 9 41 42 77 1 25 46
78 18 11 64 36 76 42 72 67 11 33 76 38 40 95 44 50 65 91 65 13 94 91 76 76 84 7 49 67 21 85 17 75 71 35 16 69 33 9 10 100 5 99 11 1 21 49 6 46 66 73 68 41 61 79 65 28 29 10 78 81 75 24 75 92 27 91 97 29 6 95 10 10 12 29 100 59 43 32 60 87 64 72 42 43 77 29 80 68 13 35 29 18 69 47 79 48 53 56 68
56 94 3 99 61 60 80 98 2 76 86 84 69 41 77 5 52 91 25 35 10 25 37 79 11 80 67 59 12 17 100 94 64 80 37 10 91 86 60 84 48 21 64 25 91 24 30 24 50 0 22 72 5 100 28 44 98 79 68 36 1 5 37 45 66 13 45 57 49 28 35 34 8 85 66 100 75 39 54 17 10 71 74 38 1 23 42 90 8 65 68 6 90 46 34 23 91 78 20 91
42 32 40 99 75 89 54 75 86 31 18 82 56 90 62 41 26 72 37 2 19 25 4 51 16 56 79 21 14 43 87 36 68 21 9 75 7 83 16 17 43 81 34 81 57 11 97 23 4 3 25 23 9 62 25 19 96 9 94 56 50 4 96 84 45 39 8 97 44 82 30 20 96 45 75 83 29 92 4 47 41 75 73 47 66 52 84 52 29 39 90 56 83 38 17 67 66 30 16 49
25 99 79 67 15 94 58 48 96 83 41 33 81 97 43 37 83 41 81 73 29 86 71 13 17 70 17 46 52 29 74 96 52 9 49 91 84 64 25 23 42 5 68 61 8 29 36 15 49 3 83 73 37 42 27 62 7 43 53 100 80 40 78 30 24 96 75 65 21 58 38 99 91 74 48 79 13 21 72 59 92 97 15 90 98 61 11 63 67 51 95 33 39 92 37 45 98 67 40 24
20 28 49 59 53 25 99 77 89 40 93 16 7 0 61 17 4 58 47 75 54 39 8 23 51 60 89 45 56 43 9 9 86 90 12 48 26 99 62 49 34 92 57 69 62 61 17 80 72 1 34 65 51 37 45 45 23 32 51 65 99 51 100 9 34 45 46 95 100 32 12 15 42 78 83 1 93 87 29 9 90 4 48 38 45 30 75 14 47 16 98 98 14 64 18 41 95 13 53 28
100 64 58 23 27 42 26 57 5 54 55 3 62 41 36 91 83 30 83 2 70 100 79 96 66 75 87 29 33 25 71 26 99 72 76 92 10 50 31 54 12 8 55 14 65 96 80 19 76 72 16 48 60 97 3 41 22 44 95 41 46 49 54 32 100 35 21 56 77 19 49 18 88 98 8 34 13 18 34 99 74 54 33 2 72 72 89 49 66 90 29 100 40 93 58 3 42 41 76 11
13 24 42 85 22 69 2 9 19 94 77 31 9 0 27 74 68 43 79 12 48 93 80 81 66 13 63 64 97 80 94 75 73 81 66 25 94 46 97 24 55 87 41 35 63 56 75 100 79 65 21 24 71 92 100 3 59 85 61 79 38 58 100 13 69 54 52 50 23 21 47 13 30 69 99 21 31 42 71 33 24 66 67 21 8 27 30 1 84 13 30 100 9 39 93 71 43 2 23 56
96 78 87 36 22 32 33 64 11 83 37 51 27 51 94 52 57 90 29 73 88 46 1 29 35 32 1 40 90 60 10 39 22 59 24 50 49 71 56 9 91 88 94 57 0 54 85 23 70 81 11 97 84 84 24 3 78 67 84 98 33 52 33 22 66 28 85 36 20 6 89 50 58 10 64 60 50 38 43 53 58 67 8 70 59 15 3 77 91 84 18 64 34 36 12 14 75 46 21 88
90 19 38 53 57 85 82 100 41 4 73 61 80 33 78 71 53 44 51 17 24 15 94 51 26 78 39 71 93 78 100 93 58 19 22 82 87 96 85 48 82 6 43 57 84 39 36 100 43 96 58 31 63 75 55 33 57 58 55 51 38 90 33 86 53 20 57 78 71 41 47 11 65 6 5 24 61 8 98 62 90 67 26 9 21 26 96 89 51 54 89 9 77 91 76 5 83 27 19 74
98 12 43 61 32 95 53 32 21 49 95 89 27 62 85 84 1 50 7 91 71 15 80 22 42 95 22 71 66 27 52 69 39 41 39 35 47 13 95 66 25 49 5 87 26 30 50 60 42 47 30 85 10 34 19 90 69 81 77 50 68 78 81 49 60 56 0 47 70 8 8 83 25 97 50 3 61 59 5 92 94 92 49 3 18 62 93 5 78 76 74 28 96 33 32 19 64 7 21 69
41 25 1 37 6 75 4 90 60 28 16 69 75 20 99 27 91 80 30 84 25 26 6 34 92 46 66 92 74 95 93 5 20 20 20 39 27 53 52 38 88 54 38 99 38 27 66 70 73 44 14 80 50 14 80 95 91 99 63 28 21 10 45 88 15 42 57 61 47 90 38 50 59 2 41 67 34 68 82 59 94 46 32 14 44 14 11 34 81 78 62 76 24 3 15 57 78 94 80 26
18 50 56 22 26 69 51 41 65 17 73 2 68 74 98 62 42 77 89 49 33 81 4 85 69 93 6 8 48 85 56 57 23 87 33 4 59 81 33 60 23 26 67 21 18 70 1 42 93 80 39 81 31 47 52 68 3 19 94 54 1 63 90 5 55 89 13 11 10 29 11 94 45 19 6 85 17 91 35 26 25 85 83 53 82 42 90 97 42 20 48 39 25 44 53 97 60 84 20 7
100 59 9 36 72 0 27 63 10 72 86 64 84 42 37 76 9 79 21 50 36 40 17 37 31 30 6 17 82 44 8 86 74 73 58 81 8 64 32 59 83 43 34 49 59 56 5 25 55 59 2 42 32 72 67 55 41 25 13 40 82 16 72 49 79 30 95 80 24 10 44 80 46 16 85 90 49 53 47 74 50 69 43 48 31 19 79 61 85 26 35 17 82 44 9 69 68 19 0 53
96 64 66 8 7 79 81 72 99 51 68 42 39 33 90 91 38 69 56 64 99 72 96 81 63 2 49 82 19 76 16 58 16 97 57 16 8 25 79 86 60 5 57 0 52 32 37 65 59 61 20 99 79 0 37 33 100 14 86 9 15 19 5 5 97 83 93 58 91 76 38 8 75 18 32 0 69 66 6 39 53 66 16 37 59 90 0 74 37 63 30 13 46 45 61 51 87 39 95 8
13 48 5 90 39 33 90 44 100 42 95 100 38 73 6 67 48 30 40 2 91 59 26 46 12 95 82 49 30 34 74 14 0 61 77 99 56 1 27 40 72 32 60 98 54 74 25 28 66 47 15 98 76 16 22 24 1 65 23 2 27 1 89 29 70 9 21 9 36 18 47 3 19 20 73 83 33 81 37 82 58 17 26 98 88 15 51 72 41 70 26 40 69 20 54 93 76 67 33 22
6 11 46 30 74 5 15 53 13 27 60 30 91 50 58 47 5 85 26 67 65 98 83 65 31 3 11 78 79 56 95 48 95 27 31 39 23 58 11 4 83 83 13 92 67 62 96 9 29 25 40 78 39 34 28 68 93 88 79 89 61 60 2 41 37 80 76 38 20 24 46 55 73 59 36 40 72 31 72 70 93 68 0 44 36 34 78 13 4 34 20 33 28 35 76 15 11 13 46 99
43 50 70 11 54 43 10 18 29 90 11 82 97 19 59 19 2 8 5 0 25 46 9 18 72 45 46 39 52 93 25 92 25 58 86 46 52 42 38 83 40 100 3 42 24 40 4 41 39 41 59 83 22 72 40 15 9 32 6 29 22 98 67 83 61 3 86 40 20 69 39 75 54 30 23 57 62 42 2 63 46 27 77 56 45 86 77 10 36 84 53 66 6 83 40 2 35 40 9 98
88 46 15 1 50 91 85 89 39 24 51 56 30 87 86 30 80 86 16 7 74 39 30 45 54 100 74 68 52 29 53 5 31 16 11 97 68 69 99 82 17 74 67 41 8 56 90 24 35 78 44 11 66 5 48 17 37 93 75 89 67 92 12 46 81 26 99 3 91 19 17 43 77 92 9 28 77 57 44 93 21 96 19 66 78 63 60 47 11 79 26 99 67 100 1 34 9 9 39 49
85 25 10 12 85 11 96 80 4 77 82 68 83 89 11 73 68 92 53 70 78 26 53 3 90 2 49 25 10 85 68 40 4 36 2 11 29 74 22 77 9 62 67 0 61 99 76 8 71 77 93 72 83 34 26 71 73 4 39 56 74 75 47 96 67 48 25 28 98 57 24 62 14 54 81 66 33 87 41 91 33 27 29 9 99 93 98 86 28 84 32 7 48 75 54 82 6 38 43 85
65 62 67 32 94 34 78 37 75 76 87 37 53 68 19 60 59 4 24 80 45 77 7 46 31 96 13 97 77 42 68 82 85 31 64 34 87 29 59 95 97 41 51 82 25 56 15 7 76 91 96 25 55 13 69 62 72 57 3 49 93 34 58 30 92 85 10 0 64 46 100 94 98 57 78 20 73 36 2 3 16 8 77 57 57 73 63 73 38 96 57 38 64 41 19 20 90 100 60 66
90 54 52 71 5 60 45 37 92 14 35 13 23 78 37 71 95 44 47 84 36 25 7 26 88 17 21 95 36 31 87 3 72 14 26 78 91 85 81 4 34 38 79 16 13 3 28 99 69 24 21 35 96 6 31 22 28 5 86 13 84 30 52 56 36 66 45 49 88 87 59 56 31 31 42 94 30 66 47 98 81 91 35 86 83 59 78 70 62 11 33 58 22 0 27 73 64 57 97 56
23 33 13 7 92 4 43 77 36 45 45 34 62 18 27 23 13 64 38 8 32 99 79 97 32 44 42 36 52 16 90 15 31 39 0 3 74 89 15 27 75 92 4 25 21 53 69 76 86 23 41 72 80 72 89 90 40 65 86 28 67 64 64 13 63 14 20 63 60 18 79 6 93 54 74 33 78 65 79 0 88 77 0 99 27 54 31 91 20 55 1 79 40 92 49 8 48 86 5 34
46 68 35 23 74 70 27 13 40 32 97 43 18 27 12 64 76 91 1 15 28 61 85 51 45 38 23 65 99 67 84 87 36 29 98 62 97 93 16 58 86 20 11 19 39 27 23 9 36 53 28 17 4 46 89 18 64 15 33 76 16 29 47 92 51 9 75 20 5 14 22 23 91 13 29 82 0 83 51 15 78 54 69 31 8 70 23 56 88 76 60 41 32 97 36 87 91 18 51 46
52 1 92 55 49 27 66 35 94 31 33 5 15 45 64 53 12 27 1 83 23 97 62 86 66 80 67 36 35 42 20 78 100 0 99 71 93 16 30 6 49 57 66 32 26 29 8 12 74 50 4 42 75 88 15 75 41 69 43 8 24 36 44 40 25 57 59 56 63 30 41 43 46 37 23 85 4 74 33 18 58 0 68 53 7 4 92 42 60 10 100 81 44 4 48 98 4 64 94 93
97 82 60 62 86 8 90 58 17 85 51 88 61 44 98 18 6 7 18 44 66 67 12 69 9 24 97 83 75 56 40 2 11 87 13 42 78 28 23 60 8 8 91 68 61 90 19 94 84 90 31 52 80 40 46 60 50 15 75 42 80 22 11 38 37 0 79 66 43 66 29 31 98 41 4 32 32 91 4 40 69 73 47 4 70 89 35 84 27 100 13 86 82 41 82 59 88 39 41 85
15 41 89 24 73 13 97 24 78 1 54 91 47 68 43 54 29 32 74 73 66 95 90 14 70 54 41 21 67 48 64 48 60 24 3 32 91 0 95 94 79 91 78 65 1 46 73 15 72 100 29 42 34 64 65 85 34 32 48 12 91 20 13 29 18 63 38 0 31 67 31 52 85 29 47 96 51 100 8 79 99 57 61 85 84 98 4 44 40 21 24 42 75 16 23 81 93 41 21 70
9 5 18 19 82 80 79 45 52 31 2 12 25 8 64 43 10 58 75 5 99 69 1 92 42 96 71 2 27 46 100 83 59 0 40 22 56 79 5 20 17 46 56 97 96 33 92 4 99 97 19 64 78 98 83 87 87 34 87 13 11 36 18 2 68 27 20 1 46 80 29 20 8 83 80 25 85 60 62 43 23 69 93 41 13 0 18 8 21 29 70 65 25 11 4 46 52 92 99 7
42 10 100 37 74 66 17 7 53 21 18 34 14 98 60 88 64 48 10 31 34 17 48 45 81 54 20 79 39 36 58 33 16 32 4 12 45 81 42 36 61 6 74 98 52 48 62 90 3 1 71 37 59 13 4 14 62 3 11 58 11 10 23 82 100 76 79 50 73 73 51 31 62 3 2 38 78 85 11 72 57 19 7 89 51 31 52 58 3 99 71 34 80 92 51 72 63 31 70 75
24 18 71 11 70 14 47 93 34 38 57 6 86 44 71 49 96 40 47 49 0 45 58 83 84 85 55 18 21 91 72 76 91 97 8 43 60 19 72 88 32 73 79 56 31 14 96 32 90 33 42 98 42 53 47 4 97 41 26 13 66 64 47 12 61 86 23 86 46 78 52 76 0 84 7 19 84 25 25 91 70 68 9 5 83 94 76 56 77 94 55 88 92 39 38 69 25 84 74 41
81 22 100 28 100 34 76 21 82 24 27 29 80 45 79 43 84 6 8 87 19 55 98 21 78 97 49 61 40 22 62 51 17 9 81 43 30 68 45 98 88 27 18 44 68 10 99 4 0 73 75 68 26 94 1 94 85 32 78 74 6 24 51 11 0 11 79 56 22 92 87 91 72 99 38 63 35 54 76 43 13 90 66 16 20 61 54 19 16 14 25 1 33 43 27 22 82 11 74 13
44 33 83 38 60 42 62 11 77 3 5 57 81 39 44 8 49 9 11 16 17 10 31 97 49 54 0 90 61 94 89 51 1 69 35 20 10 51 62 66 83 8 1 15 32 9 57 60 31 9 89 45 4 63 5 66 13 89 58 4 42 1 92 82 43 0 68 20 68 28 37 63 99 20 25 61 44 98 67 37 63 40 8 25 65 35 51 24 82 19 19 22 57 72 43 49 43 32 95 95
40 2 40 63 98 11 81 72 23 20 32 21 65 56 32 100 54 65 58 27 34 43 87 30 35 49 4 23 27 27 0 46 77 74 8 71 63 96 56 99 16 57 73 70 20 90 60 19 19 46 73 39 70 62 89 47 53 26 82 11 50 20 14 40 38 48 28 26 44 74 11 50 70 54 67 58 18 1 61 76 100 57 4 92 1 24 49 17 65 64 17 47 51 41 57 17 40 80 71 41
62 64 96 21 77 48 63 81 48 70 40 9 7 9 22 50 10 50 74 80 80 93 18 9 23 55 37 49 84 21 98 21 27 59 27 26 52 6 39 48 65 64 49 21 41 96 90 3 58 54 87 59 60 59 74 93 88 15 8 34 22 58 15 2 50 12 61 67 52 88 64 21 29 48 94 81 0 62 53 74 23 73 19 92 91 20 17 61 88 74 13 94 93 18 63 69 51 28 17 27
49 89 59 95 70 25 23 72 52 80 86 18 67 8 59 10 92 47 70 96 78 90 92 49 56 90 17 40 8 85 92 62 66 30 98 5 45 94 62 3 76 63 6 11 33 47 57 68 82 77 51 31 27 69 36 22 46 63 99 35 45 68 18 96 61 49 52 84 17 36 7 67 30 81 9 48 12 17 77 16 88 94 69 27 17 96 62 30 23 100 82 95 64 70 98 76 65 99 23 51
96 58 65 72 51 88 93 36 31 50 49 39 14 25 1 10 76 57 23 68 43 47 64 45 80 53 82 72 89 5 100 87 90 32 46 62 70 35 42 30 21 80 49 7 46 20 11 66 94 80 66 68 11 62 52 11 31 84 46 25 2 45 67 23 97 74 84 70 64 13 22 70 44 13 88 40 36 83 6 70 78 90 19 55 69 77 62 91 60 18 96 63 85 7 5 72 90 47 77 74
100 86 14 49 46 13 85 8 98 46 93 99 50 95 10 89 87 19 22 23 18 16 22 32 45 97 47 26 35 7 81 67 97 45 24 95 20 100 65 77 34 41 34 88 17 53 85 98 2 54 30 55 97 23 48 0 90 58 62 6 70 83 48 95 35 63 78 71 59 1 52 14 78 20 89 45 83 63 13 54 36 56 68 82 10 4 39 99 96 76 26 30 56 53 66 55 39 37 49 39
24 48 20 19 58 100 43 95 98 11 5 91 88 79 32 7 82 62 4 65 27 34 31 48 68 75 52 100 45 59 62 72 7 23 74 66 13 1 20 0 13 13 70 67 2 59 41 5 45 93 96 83 0 91 26 41 3 92 81 21 70 78 46 80 89 84 58 98 71 3 65 11 46 1 99 0 90 69 84 95 32 68 10 64 82 84 72 89 47 32 6 87 100 37 70 28 35 75 44 98
28 53 83 58 15 94 61 50 21 97 85 24 73 99 7 46 100 36 71 67 19 7 12 47 2 46 3 97 75 47 89 35 87 63 34 77 64 57 27 69 62 3 6 55 88 3 19 57 57 20 25 17 51 58 34 17 89 87 5 59 48 94 25 99 15 74 68 15 41 60 48 93 32 54 26 93 62 3 45 93 12 23 52 45 59 42 77 30 26 25 82 96 67 79 21 80 70 41 22 58
97 3 44 64 3 45 41 98 29 88 4 90 15 61 62 85 84 80 41 66 40 83 24 82 81 100 50 75 7 58 95 26 8 70 13 7 4 80 64 64 45 56 44 51 8 6 55 47 74 14 75 88 48 74 91 33 92 80 59 33 30 26 41 81 27 79 72 40 40 73 52 59 80 14 14 61 3 73 81 90 37 97 91 17 46 85 83 66 34 39 21 58 54 71 56 4 12 12 78 57
98 5 0 84 22 68 91 74 92 9 98 88 82 93 96 51 99 83 49 19 53 87 31 0 73 20 30 100 51 48 92 8 87 12 95 4 6 12 80 14 51 36 79 41 74 59 68 73 96 12 69 76 35 6 85 18 92 100 80 13 80 29 12 14 14 92 72 78 58 57 82 48 23 60 27 31 59 81 95 3 51 14 69 19 63 36 64 77 48 60 0 31 38 91 41 7 89 45 66 80
0 30 77 87 72 96 68 1 31 75 62 9 92 24 31 9 51 65 62 96 52 9 0 63 76 63 32 59 14 17 37 35 85 72 51 30 16 56 91 85 90 52 45 25 44 92 14 35 26 69 0 73 61 2 5 56 57 81 48 44 52 22 95 80 75 83 93 63 76 66 17 65 82 31 30 44 92 90 63 19 9 33 80 18 59 71 0 23 12 21 72 56 39 38 42 76 17 68 27 91
3 15 3 80 64 80 66 75 12 69 71 19 46 65 1 22 66 14 75 55 87 19 41 97 27 32 27 100 100 74 73 86 63 42 86 100 90 71 89 97 37 98 50 28 13 96 5 39 11 57 44 19 61 18 99 65 22 63 85 19 37 12 96 52 12 39 46 80 82 43 47 42 89 4 13 16 99 28 66 94 66 89 88 70 20 67 18 20 22 14 64 49 1 9 8 0 71 64 80 14
61 90 90 26 35 98 58 32 86 1 30 28 41 20 21 63 64 49 0 12 70 86 0 17 56 77 70 99 43 24 61 34 84 83 89 53 36 13 71 91 55 80 93 40 99 31 2 6 5 47 66 47 41 99 93 91 79 68 13 41 58 36 15 82 3 21 62 39 46 43 20 96 24 35 29 60 98 9 16 60 29 50 8 95 77 76 93 29 84 45 1 29 64 89 2 69 47 2 90 99
37 84 55 74 86 97 36 88 77 15 94 14 67 41 78 84 58 17 84 26 27 39 18 28 20 4 71 49 47 25 84 11 87 61 80 43 81 25 88 49 82 4 43 34 84 36 75 10 46 58 68 78 57 20 38 97 64 6 47 11 50 84 32 8 47 43 87 42 70 47 29 48 54 64 51 94 8 89 9 55 21 30 65 83 51 79 54 79 77 66 88 77 100 54 10 43 72 17 96 33
89 35 43 65 71 92 58 94 11 28 23 27 22 76 56 56 53 72 79 50 51 75 39 40 12 76 38 68 48 21 86 1 38 67 55 24 29 67 25 14 18 79 63 78 94 26 92 36 14 15 98 66 91 5 76 17 22 55 26 82 60 100 18 82 54 63 100 10 42 54 64 91 91 9 47 75 65 21 66 2 100 73 41 44 61 46 100 83 33 40 42 64 22 34 21 44 39 38 37 61
70 5 45 3 85 54 93 89 11 36 19 27 55 44 72 65 76 41 38 44 44 13 5 76 69 24 46 39 58 39 80 63 56 4 72 67 16 62 25 18 92 30 17 51 22 70 53 6 15 93 8 2 22 93 17 23 100 75 84 24 10 61 78 9 77 56 83 23 48 60 74 10 13 28 84 48 84 94 28 20 71 14 22 0 73 30 71 10 67 42 41 61 98 68 91 97 77 84 99 76
92 58 62 96 15 32 18 11 85 83 54 23 14 14 59 91 67 99 71 64 48 51 18 19 41 13 22 54 3 77 54 50 14 50 28 76 10 100 37 18 31 12 45 43 1 73 82 51 77 71 85 52 32 61 60 68 34 31 86 95 71 25 95 31 96 38 53 83 53 65 100 73 96 56 12 79 30 86 80 54 3 16 32 14 74 29 8 86 68 95 87 75 47 76 36 33 74 55 100 56
45 87 86 17 97 94 41 3 5 66 52 94 40 67 47 8 1 53 71 60 79 9 1 42 90 92 57 63 19 92 82 42 0 89 58 32 29 8 17 29 20 40 79 1 16 0 74 78 60 36 5 95 17 73 10 16 35 63 32 88 59 92 35 21 34 57 4 95 67 46 14 0 83 28 75 23 38 61 34 41 93 13 97 42 44 66 77 30 96 82 64 74 75 10 10 88 38 75 5 91
55 49 67 34 16 83 62 96 45 54 8 49 44 49 10 13 68 95 1 22 67 11 38 4 70 96 67 89 84 60 48 86 45 89 48 11 97 95 46 2 51 75 66 100 95 9 23 65 47 96 3 88 80 90 8 39 77 86 48 25 7 43 83 54 4 9 41 58 82 35 63 42 40 38 76 55 64 48 74 25 12 9 29 41 84 33 9 49 96 36 13 70 24 89 87 53 14 91 11 48
7 60 41 31 56 93 88 73 54 94 41 35 57 42 50 93 38 21 20 18 41 56 30 64 83 7 98 22 67 22 11 50 7 33 17 0 40 67 97 66 20 16 22 82 83 76 30 73 67 40 39 48 96 9 62 94 19 90 76 70 35 34 48 51 50 22 87 70 100 79 76 82 99 82 57 83 51 12 44 81 83 76 47 58 92 30 24 24 100 37 6 26 20 13 87 55 39 65 81 34
6 60 21 99 31 30 80 59 30 72 71 68 63 28 57 19 83 67 51 75 56 25 100 82 40 66 10 76 16 62 69 98 50 40 21 80 93 38 52 89 100 60 61 77 43 70 58 6 9 18 38 58 94 3 62 95 43 50 66 59 76 44 11 55 26 63 10 27 68 94 19 14 62 32 73 35 57 97 3 40 45 78 56 9 61 44 71 10 72 98 13 15 32 1 72 3 38 32 12 34
12 18 27 99 58 68 2 10 44 48 12 80 41 94 89 15 15 0 47 49 86 76 93 28 47 44 73 31 21 5 17 54 29 13 22 69 16 85 40 71 53 88 49 57 50 24 19 94 54 69 76 97 25 13 63 29 22 63 80 74 18 68 37 84 72 89 57 86 17 49 71 25 84 8 97 36 7 79 80 61 62 12 47 0 33 73 21 24 96 93 22 67 94 95 98 40 47 80 92 1
2 22 74 98 93 10 28 40 35 97 87 43 70 25 30 38 37 48 15 14 63 83 80 34 10 32 29 6 34 62 0 3 23 81 52 66 51 72 48 35 16 18 66 78 41 50 7 66 35 13 84 68 92 33 30 3 21 26 73 90 93 56 82 74 35 49 32 6 18 93 22 34 29 88 49 26 55 31 46 62 49 92 25 40 100 83 31 52 34 65 14 56 55 41 6 20 56 31 68 85
85 88 90 3 52 40 24 79 15 83 75 71 63 65 49 65 45 100 47 51 5 7 73 33 95 67 19 20 44 84 81 90 30 60 2 86 0 37 90 55 37 20 88 41 59 70 51 80 28 60 46 16 30 39 69 33 98 22 2 17 39 61 12 58 68 7 77 26 48 11 20 25 10 7 34 60 11 55 33 0 87 75 32 87 1 34 47 82 89 28 49 71 34 70 68 10 95 23 74 12
83 65 71 15 70 99 34 55 92 39 53 70 48 59 90 56 82 96 92 48 50 53 71 69 58 70 40 1 79 24 17 83 94 91 51 58 14 46 87 73 93 17 15 18 38 14 32 3 3 88 88 67 9 32 77 80 38 62 36 44 24 6 3 34 7 7 75 84 10 22 16 46 20 60 5 36 40 99 39 87 93 66 25 41 78 68 55 11 14 33 98 46 57 52 21 57 83 98 44 51
56 71 33 30 97 97 0 62 53 44 29 57 60 90 13 36 31 77 81 66 61 47 28 52 56 52 95 3 22 36 25 30 77 36 23 54 99 21 15 7 92 52 74 100 97 49 82 87 2 33 39 48 14 67 78 40 8 82 97 72 23 58 20 88 31 10 77 14 64 36 60 1 81 79 24 18 34 44 89 56 18 9 32 55 91 41 74 19 86 84 72 67 57 78 36 83 66 63 29 61
35 86 0 95 45 28 51 38 77 95 11 42 73 14 45 27 45 15 32 73 48 5 1 24 73 64 56 56 100 68 42 44 30 0 30 80 6 53 79 63 80 86 26 65 36 33 85 18 34 43 9 24 49 17 25 3 29 23 100 85 53 21 51 84 81 93 75 74 37 13 72 53 63 54 27 24 53 26 86 82 3 92 3 7 46 66 15 19 57 52 33 78 0 6 71 16 43 62 10 5
18 48 64 84 90 10 85 98 71 32 69 36 73 32 87 24 84 40 9 86 16 65 4 63 72 5 22 89 12 16 14 15 10 46 27 8 98 18 70 20 50 97 43 23 82 85 48 35 84 93 9 74 58 27 81 43 12 64 27 73 56 42 35 46 42 66 75 97 20 51 48 68 58 65 35 8 57 76 75 43 35 96 26 14 94 35 74 81 26 76 58 62 7 43 13 47 83 51 33 54
27 73 63 77 78 7 93 86 76 48 1 65 25 42 84 14 88 77 100 13 16 24 3 61 73 23 54 12 86 67 66 14 76 54 89 31 77 37 68 24 94 40 9 86 54 8 5 61 80 31 72 70 54 89 50 25 16 8 11 6 62 51 84 96 8 77 0 92 99 24 62 70 53 77 61 65 65 71 18 92 53 46 22 34 57 93 57 89 94 2 62 94 6 60 4 23 87 21 51 66
49 64 17 31 66 100 14 33 68 55 73 54 62 55 42 86 72 47 10 86 25 12 19 20 71 94 1 7 63 73 71 24 89 77 36 9 99 15 74 50 90 75 33 58 3 24 4 41 82 14 62 67 0 32 56 20 15 92 62 26 69 52 5 25 50 61 36 62 22 53 93 52 64 27 90 2 49 4 52 100 89 10 88 42 18 29 15 68 38 5 20 66 0 55 34 70 22 45 65 10
16 46 82 5 19 38 29 73 77 6 69 0 11 5 59 13 62 97 82 56 61 22 69 6 74 4 27 44 72 45 66 62 66 23 78 55 25 4 75 65 75 59 31 36 58 76 38 74 66 79 34 44 76 60 26 92 46 65 7 26 29 56 16 36 3 13 49 92 52 15 48 3 58 48 75 63 28 41 78 47 9 21 13 25 76 26 42 11 59 50 80 63 84 15 71 5 73 96 29 86
100 24 51 73 10 77 66 35 63 12 13 24 68 82 33 67 84 80 58 32 83 34 50 46 48 81 88 57 37 12 30 40 37 39 66 30 79 91 97 5 80 64 87 70 11 52 14 51 34 73 23 54 66 53 55 14 15 81 43 89 25 35 15 73 11 72 18 56 46 57 30 94 21 77 34 2 32 59 61 21 72 5 94 48 28 4 12 89 28 75 60 90 52 70 31 27 35 23 38 36
86 70 68 78 5 48 72 45 67 17 18 12 99 35 96 83 39 8 7 60 85 96 3 70 43 37 13 96 10 88 37 60 3 17 23 23 25 61 26 45 84 43 4 4 98 22 35 44 81 52 82 13 31 72 65 89 36 11 94 55 1 66 20 25 17 1 77 57 56 13 15 97 63 66 84 38 95 24 30 71 97 3 48 22 36 76 80 91 81 71 38 87 39 8 35 77 74 59 41 80
20 12 19 34 19 100 7 56 40 39 25 81 46 49 41 63 77 58 82 69 77 37 76 100 18 0 71 68 94 47 9 59 87 68 27 71 51 42 19 86 90 11 91 29 19 87 15 44 0 95 41 22 87 82 58 89 3 24 42 20 77 2 11 22 100 11 55 24 70 82 32 31 28 66 21 42 68 47 40 88 94 48 70 26 83 11 75 54 62 73 11 30 74 39 14 68 91 47 19 89
82 93 45 51 24 88 67 18 56 8 83 98 59 45 76 53 67 43 88 98 65 60 53 40 52 97 16 92 77 20 97 72 46 45 26 55 69 8 32 44 77 41 18 53 73 92 22 5 72 32 16 72 19 9 44 14 34 98 66 45 49 94 84 14 90 7 1 9 23 85 11 34 21 99 86 41 86 95 91 42 23 20 87 17 53 1 32 35 83 63 4 26 92 15 2 24 1 83 44 18
100 87 13 3 9 21 3 74 98 53 19 31 47 61 23 19 98 16 58 8 60 39 73 65 60 0 16 97 28 68 4 18 79 41 95 95 17 10 59 22 25 8 1 16 76 54 83 29 45 51 99 8 76 47 77 15 0 43 68 84 16 9 29 69 47 54 62 19 90 64 61 36 53 19 39 2 43 81 89 87 74 75 6 21 84 45 6 64 52 27 34 31 28 8 72 68 81 3 58 78
62 66 82 39 28 35 70 99 40 2 87 77 13 66 30 81 53 5 54 52 76 99 17 78 32 70 73 75 25 59 2 61 64 26 49 63 89 23 93 13 63 84 86 76 36 62 6 26 83 6 90 42 51 92 95 96 1 24 56 23 33 93 61 59 72 33 46 13 58 83 58 20 99 72 54 88 52 49 97 0 32 71 78 91 66 11 33 59 80 51 90 6 57 33 60 30 15 69 62 52
56 83 38 94 29 12 28 69 56 72 96 25 21 67 72 6 47 0 40 2 83 81 28 46 31 91 30 18 24 5 100 77 79 99 12 49 9 29 55 9 41 82 58 1 7 98 47 10 64 53 28 100 65 86 2 49 65 52 43 91 46 48 23 92 41 17 50 82 78 90 86 37 91 21 83 89 47 97 37 63 71 25 70 53 67 50 81 92 0 26 69 64 96 24 91 26 70 50 53 92
59 43 96 35 97 51 27 96 11 77 90 15 57 99 3 16 35 13 50 18 62 100 32 26 100 56 71 78 84 70 22 89 31 18 64 54 5 93 73 22 51 91 54 93 55 96 48 10 19 54 19 29 76 34 18 51 92 43 56 22 21 85 53 48 100 0 91 71 24 87 0 18 12 5 59 0 60 52 29 94 81 46 88 18 38 19 21 6 23 91 9 16 93 46 53 28 40 58 43 61
0 36 8 15 37 86 64 94 16 2 25 99 91 79 10 0 67 46 68 54 2 23 53 56 58 91 15 39 86 35 56 84 36 84 10 30 98 85 17 54 51 77 31 49 5 11 2 88 88 44 67 64 58 0 67 27 49 86 91 62 83 85 80 58 72 45 21 98 55 72 68 39 42 78 57 99 93 86 4 32 8 100 88 99 64 21 98 73 9 14 16 11 31 72 51 15 77 38 18 52
26 0 3 51 90 75 91 54 94 85 71 77 37 64 49 20 92 14 74 6 16 34 71 56 61 85 92 53 74 74 92 42 42 58 82 79 81 60 15 86 73 98 52 82 32 40 14 80 91 35 90 72 90 32 3 60 42 29 52 7 50 74 12 16 27 99 11 66 39 16 99 77 61 83 2 89 100 8 23 27 50 71 10 60 83 70 4 77 27 100 27 83 97 44 47 30 61 20 64 51
74 98 58 59 98 13 20 99 80 68 21 1 41 34 0 19 68 25 16 28 99 63 38 13 64 70 59 100 72 54 55 22 47 52 58 50 68 60 25 87 64 40 60 77 74 33 67 75 25 22 57 64 58 45 5 29 20 83 24 56 4 95 63 90 45 16 54 99 21 49 4 71 88 10 61 0 40 90 91 24 13 69 51 65 54 3 3 25 14 3 22 75 53 31 32 81 50 88 89 3
39 80 45 92 25 76 22 64 66 33 98 61 38 66 6 75 62 75 65 32 87 58 68 83 99 65 15 30 56 14 93 82 31 12 22 24 51 3 57 48 45 86 55 23 40 21 67 100 99 0 77 87 80 1 5 12 90 75 29 4 16 79 56 62 98 37 57 23 12 30 92 29 86 26 52 39 5 85 57 39 35 85 22 61 15 83 37 31 73 61 89 59 20 40 70 88 90 19 9 32
61 99 74 75 93 90 57 47 38 55 6 43 34 18 59 29 47 48 82 100 26 32 23 13 3 57 62 5 90 81 16 70 52 4 95 31 99 76 16 1 64 40 19 40 89 70 99 71 70 75 80 70 77 36 57 9 50 5 64 27 1 14 84 67 42 3 6 94 22 22 83 60 23 95 13 71 65 13 20 7 4 73 20 93 97 46 37 39 52 11 38 91 9 100 61 22 72 95 0 26
