100 100
100 100 100 100 100 100 100 100 100 100 100 100 100 100 100 100 100 100 100 100 100 100 100 100 100 100 100 100 100 100 100 100 100 100 100 100 100 100 100 100 100 100 100 100 100 100 100 100 100 100 100 100 100 100 100 100 100 100 100 100 100 100 100 100 100 100 100 100 100 100 100 100 100 100 100 100 100 100 100 100 100 100 100 100 100 100 100 100 100 100 100 100 100 100 100 100 100 100 100 100
46 69 73 77 47 25 70 100 41 96 12 59 58 8 54 44 14 92 46 57 50 98 83 86 53 9 4 71 17 31 100 67 63 49 30 87 47 71 78 30 10 95 65 68 91 52 78 21 69 49 100 54 33 75 68 55 54 72 5 90 55 72 26 47 48 86 38 10 1 68 22 46 42 36 91 47 40 47 47 87 75 26 18 91 63 61 32 3 43 85 4 85 35 61 5 39 89 96 99 18
59 87 20 56 56 99 93 42 69 26 8 86 20 48 84 71 1 46 63 33 91 14 40 70 77 27 28 16 98 36 82 59 14 91 35 67 24 64 72 38 52 13 37 26 56 3 93 27 63 12 67 39 67 17 89 98 84 60 77 31 6 54 94 30 60 54 61 98 88 50 34 51 29 30 78 7 92 9 29 0 70 51 39 12 9 30 69 94 73 90 47 99 3 41 87 13 76 15 67 2
47 97 15 50 25 10 90 41 10 94 33 11 88 44 62 81 51 40 48 70 85 52 43 3 76 78 36 24 23 57 28 35 1 68 39 45 69 100 18 76 24 17 40 16 97 95 83 50 43 27 44 45 45 1 75 23 100 14 92 4 1 26 70 89 13 44 84 66 16 88 98 52 43 69 40 46 19 93 84 65 41 68 46 96 89 17 89 58 78 89 80 86 75 9 40 60 1 81 69 85
48 38 69 0 63 24 3 11 88 84 94 36 88 72 17 2 27 100 54 34 68 67 96 12 55 78 100 50 84 0 31 79 72 31 21 100 30 66 38 5 37 39 68 32 36 15 53 31 96 83 22 68 43 64 14 43 8 69 38 53 34 74 34 31 51 22 11 56 6 27 69 56 97 29 88 90 71 28 33 58 66 93 86 26 8 34 78 73 89 31 93 1 88 26 59 42 60 50 30 15
18 17 32 71 45 37 1 73 53 13 6 87 96 68 28 62 62 55 100 17 33 14 17 40 81 54 23 73 57 73 68 100 66 84 48 70 96 2 92 5 49 2 10 67 41 22 93 79 31 67 27 61 75 41 13 74 84 4 49 25 54 61 45 21 6 9 20 55 98 68 66 99 49 89 21 88 24 26 23 14 75 64 12 4 91 8 53 98 84 58 28 90 30 64 76 17 54 59 21 87
37 20 64 71 32 77 51 55 73 52 8 37 32 96 63 88 89 74 85 58 83 25 66 64 36 38 53 35 82 26 79 67 36 71 67 22 59 87 78 99 66 17 47 44 55 60 81 1 90 19 36 24 40 55 8 30 59 76 41 59 11 9 45 49 2 62 53 15 62 56 72 23 16 3 86 64 14 8 20 20 38 94 84 97 1 60 83 25 5 62 72 20 64 95 72 36 51 48 1 79
61 4 65 48 39 17 84 27 100 96 93 96 17 24 68 78 27 0 14 98 18 42 36 74 83 54 70 18 0 78 5 54 13 58 64 73 86 29 57 28 43 13 92 97 79 94 87 80 96 99 64 63 8 94 4 98 86 90 23 97 51 94 43 74 11 85 29 68 23 41 94 88 78 53 57 64 4 88 17 78 91 4 22 42 42 59 22 85 18 66 88 80 99 73 64 97 9 46 3 5
76 23 71 50 83 95 32 46 2 29 96 28 57 31 70 32 16 93 54 12 18 48 3 11 26 71 65 62 54 7 60 96 48 1 67 55 17 21 64 21 94 84 44 54 52 7 30 10 1 6 38 37 47 50 76 75 50 88 66 16 71 74 79 16 87 96 79 10 21 75 80 54 56 20 18 94 23 74 25 47 87 30 22 8 57 83 100 39 29 89 60 81 41 44 65 64 78 41 8 18
47 54 1 63 85 13 34 47 71 37 10 100 27 42 34 62 61 54 57 38 100 61 41 2 42 2 7 92 74 93 40 71 34 7 93 72 18 79 2 58 97 93 9 50 25 79 91 85 82 0 86 3 83 71 79 42 74 58 92 51 18 55 97 44 96 18 40 40 61 93 93 30 7 66 5 49 2 33 21 90 77 43 91 12 13 43 81 74 50 40 54 34 63 43 1 71 100 66 53 78
43 26 21 17 34 47 70 46 99 2 38 44 20 3 21 35 84 45 91 93 25 48 55 94 43 17 71 74 98 30 20 90 16 32 38 100 82 26 52 68 65 12 96 34 68 67 13 13 19 71 16 29 86 68 9 13 17 76 83 45 5 34 3 32 74 42 58 88 66 95 77 24 46 60 7 56 82 85 92 62 67 75 74 60 65 26 92 82 55 27 56 59 57 6 17 32 33 31 52 26
41 15 20 92 2 47 34 0 26 65 30 64 98 95 99 100 84 91 17 77 7 62 22 53 9 57 68 51 9 47 88 61 70 13 40 73 35 68 93 39 96 16 75 61 33 92 76 93 35 59 42 22 60 36 100 18 36 46 22 61 60 76 10 82 78 5 75 38 3 7 45 87 59 12 80 52 13 69 46 37 0 22 28 71 74 25 78 3 34 18 51 46 43 70 68 53 29 82 6 58
58 82 1 26 64 85 36 18 100 1 73 86 2 85 5 40 90 52 33 82 35 50 31 33 38 53 19 42 71 15 27 47 87 82 64 14 97 63 21 13 61 78 63 88 66 65 10 75 66 99 35 74 9 22 3 24 89 9 62 53 91 51 8 42 16 70 55 51 13 10 30 43 90 62 22 23 1 60 67 87 66 66 41 47 99 90 80 79 24 76 92 27 22 11 71 23 64 64 44 79
89 89 57 80 47 16 21 98 82 35 58 25 62 28 81 50 21 63 52 73 16 66 54 39 75 41 19 1 75 66 14 1 3 13 54 23 69 38 45 54 15 62 73 97 49 35 4 76 42 75 2 77 1 58 76 71 99 6 22 7 83 44 28 20 100 30 11 84 40 97 14 97 81 63 6 45 36 42 36 73 2 26 49 19 86 82 26 40 13 50 2 5 94 78 22 38 98 92 70 53
20 17 62 81 61 26 66 37 84 90 19 29 92 73 68 66 96 49 94 22 56 97 13 66 24 64 51 90 63 6 57 25 35 80 5 78 45 6 23 74 85 20 51 83 79 4 19 30 91 2 15 26 29 14 67 94 39 82 33 81 21 65 72 67 47 43 0 52 21 24 2 27 78 10 32 47 17 98 5 64 29 9 41 93 66 46 83 34 3 81 58 90 47 42 5 60 96 48 78 75
43 14 9 13 64 66 32 99 7 11 52 1 76 43 3 18 84 5 88 52 21 11 22 53 57 26 61 8 72 33 63 37 68 26 58 82 77 14 51 21 89 43 3 21 40 71 37 73 58 59 90 22 50 64 26 52 88 11 17 75 14 25 12 69 79 100 34 23 47 9 52 40 37 73 100 47 56 49 35 58 77 56 99 91 45 8 35 6 40 59 13 81 79 61 44 33 70 15 58 95
11 73 34 98 36 4 53 74 12 94 97 26 30 82 18 78 20 83 0 6 96 14 69 52 8 64 84 66 69 44 69 53 17 50 16 96 100 51 1 25 48 44 58 59 28 72 4 33 38 36 32 28 41 39 14 83 66 10 84 59 75 62 31 47 42 4 86 39 61 33 83 5 55 43 81 89 65 17 9 90 43 34 40 98 53 0 76 80 83 73 71 23 83 69 62 18 24 31 48 44
25 80 98 86 59 64 53 10 3 82 19 51 63 92 51 19 82 63 60 13 16 71 58 37 7 43 21 62 52 46 21 39 20 26 10 40 59 31 95 60 16 80 47 68 45 19 94 31 58 96 65 75 24 91 79 1 42 82 62 63 7 2 2 61 43 30 17 75 83 45 2 23 5 95 55 72 81 26 19 24 11 87 71 77 56 27 4 33 97 67 0 19 22 73 71 0 31 79 50 80
11 44 11 64 54 93 89 12 36 46 8 18 64 32 69 27 97 67 59 6 71 22 36 74 37 89 20 45 68 6 26 80 4 16 49 94 24 30 23 28 75 98 22 88 54 74 93 62 90 92 51 66 77 95 82 42 57 51 3 47 49 74 12 71 54 99 53 31 81 91 65 67 37 76 75 75 11 43 9 21 84 64 92 17 4 86 52 49 59 18 92 92 85 25 72 31 52 100 63 6
65 93 45 22 36 36 46 73 37 27 29 53 52 93 12 51 81 25 25 12 23 47 89 55 75 13 11 92 11 20 67 13 48 26 0 89 28 27 50 62 67 67 25 6 98 11 69 23 18 93 15 25 41 50 98 50 38 36 93 68 18 17 13 36 53 0 30 6 89 77 74 29 41 13 34 6 62 94 63 25 46 13 83 50 79 91 39 72 87 70 84 88 100 98 4 74 90 50 20 46
22 33 88 68 41 22 42 17 39 16 16 27 57 66 62 25 92 64 26 6 28 64 9 36 64 65 85 64 21 18 37 69 92 25 97 17 25 84 26 37 82 1 74 8 60 61 22 85 72 82 28 35 86 67 94 8 32 51 53 35 21 28 55 21 43 27 33 38 89 39 70 15 7 26 26 42 62 60 12 75 35 80 65 60 100 26 64 6 88 21 29 5 73 80 55 5 6 4 22 5
22 0 6 26 34 80 56 72 18 61 99 68 25 79 79 36 31 44 69 39 92 87 3 86 94 35 15 7 80 21 2 3 33 33 54 23 55 46 34 98 13 52 1 11 90 53 2 6 76 10 27 16 79 8 10 79 69 3 90 1 51 96 72 54 77 13 9 21 50 20 89 28 73 44 23 45 97 34 93 17 31 38 30 20 82 34 4 89 78 73 15 13 12 38 0 49 38 64 51 12
74 10 1 87 16 26 13 57 47 0 100 83 9 64 97 5 52 91 38 50 82 93 41 66 58 46 65 45 30 24 75 7 85 42 57 54 93 33 42 74 58 70 83 50 26 78 55 0 5 19 89 79 27 99 40 41 82 49 66 86 88 8 90 64 21 2 56 12 3 7 76 90 95 11 77 32 12 18 24 85 79 16 60 55 83 2 70 70 50 26 10 81 90 49 48 27 90 17 35 26
66 92 6 65 56 33 52 99 41 58 65 85 15 76 72 25 43 20 95 5 69 39 65 11 46 60 65 69 94 67 19 25 19 81 38 5 47 81 67 97 95 66 19 9 44 89 53 71 38 83 99 79 50 86 27 30 6 15 9 3 49 11 70 12 52 69 9 36 71 47 46 21 49 96 77 88 28 5 41 75 40 27 8 55 75 2 6 76 50 39 100 37 4 22 73 86 90 40 16 59
9 99 1 60 37 75 12 79 81 18 14 7 30 72 68 72 70 59 85 47 74 19 24 19 93 47 20 27 15 19 5 25 27 95 69 38 59 17 54 26 23 59 84 98 37 13 61 44 50 40 47 36 71 7 70 61 15 74 57 37 42 20 76 11 34 36 61 34 90 84 66 40 39 97 68 1 74 4 96 82 0 88 16 46 73 31 9 84 31 64 67 25 45 10 49 4 8 0 83 92
45 20 26 11 91 10 15 77 72 68 91 88 32 70 93 5 36 34 86 20 77 77 86 90 39 77 77 9 92 62 49 17 66 99 92 12 16 23 40 73 23 87 82 40 42 33 16 29 47 57 52 80 45 65 70 1 100 52 61 27 37 43 6 5 69 68 22 90 72 32 74 97 55 37 77 14 20 33 13 93 39 68 85 61 31 48 43 79 94 11 66 49 40 47 19 26 71 91 87 51
99 51 74 36 38 34 4 10 32 31 93 61 6 88 5 46 19 79 30 6 71 38 97 7 56 42 96 34 12 6 9 21 56 4 22 62 54 97 92 57 91 26 24 34 94 15 75 7 61 20 69 31 22 57 77 79 62 61 54 62 92 11 40 22 27 94 94 8 34 23 2 82 62 50 96 62 64 79 6 70 63 10 54 53 29 29 80 70 92 40 72 91 37 49 82 48 80 75 72 22
79 60 32 44 28 44 13 52 8 43 95 29 23 92 31 9 64 72 84 7 1 82 20 15 41 35 64 2 46 66 59 91 85 3 33 39 65 46 10 73 100 58 10 89 38 10 22 27 91 96 43 13 27 92 65 45 98 45 8 49 38 92 48 0 29 24 96 13 80 100 38 24 33 46 11 84 58 79 89 12 80 93 48 6 100 41 95 82 92 25 31 24 100 61 72 96 41 72 81 49
48 90 21 34 31 83 28 74 66 54 18 44 92 80 50 54 32 38 56 66 16 21 40 98 79 88 75 90 58 34 32 80 42 84 52 8 100 66 13 91 97 6 86 28 2 28 6 73 30 40 6 83 94 14 35 40 54 91 0 97 39 56 62 89 5 73 83 96 59 94 99 11 64 83 83 60 71 6 76 92 94 35 14 94 91 65 5 95 100 2 23 39 49 100 58 48 16 43 97 87
61 95 56 38 73 67 1 43 52 13 100 38 62 45 78 72 23 13 36 32 5 98 77 21 63 24 12 33 96 10 15 34 22 27 33 21 89 37 62 7 74 99 45 52 52 84 55 6 36 65 83 59 18 18 18 72 83 4 29 0 23 3 83 19 53 33 33 6 63 71 84 58 21 88 60 11 21 74 29 4 91 45 31 100 18 79 85 31 25 6 48 9 10 92 93 2 77 24 4 6
8 57 27 5 87 89 78 97 97 29 54 93 22 48 37 1 32 75 5 52 91 63 85 47 70 96 33 42 10 52 93 52 33 61 89 92 33 55 65 70 11 33 96 81 55 13 6 100 50 24 39 17 64 7 29 55 30 0 32 63 68 14 21 13 36 6 23 25 86 45 46 54 41 73 98 89 2 81 57 84 91 100 53 15 66 64 67 3 58 70 1 81 14 12 5 57 71 85 44 44
15 0 92 16 89 4 92 84 12 49 29 12 58 76 70 99 25 72 21 39 76 3 95 2 55 17 83 1 66 88 67 68 49 20 63 2 11 50 0 28 98 0 63 84 31 5 38 51 5 94 48 80 10 18 41 5 21 95 84 7 11 65 3 83 79 96 67 61 46 74 79 67 68 59 65 64 91 95 91 71 90 95 9 92 41 71 8 52 27 49 48 54 38 31 89 47 100 81 48 26
44 62 32 8 77 36 94 17 49 1 68 44 12 51 31 31 1 71 89 5 41 57 62 95 20 35 35 39 68 84 35 43 52 88 93 16 15 6 21 70 59 57 98 20 2 98 48 4 89 51 58 38 54 36 28 97 37 75 51 23 68 25 62 38 62 36 49 49 45 84 45 6 48 14 65 24 43 39 87 23 50 17 19 23 63 32 6 66 13 40 43 38 29 59 38 0 74 24 78 4
91 87 22 61 83 96 42 76 32 25 97 70 51 29 35 77 73 28 66 50 27 4 50 89 57 14 80 29 49 44 51 87 27 77 16 22 51 27 75 19 0 42 52 61 15 61 19 45 35 68 60 54 80 84 70 0 92 85 67 66 30 20 69 54 71 94 58 77 64 93 85 57 8 28 26 36 15 78 46 19 51 21 33 30 75 67 56 55 89 65 24 3 76 33 12 51 81 98 48 89
38 88 60 88 98 2 57 56 25 59 53 26 12 99 88 3 17 0 77 72 98 52 14 67 88 62 50 27 92 45 28 91 50 98 78 5 19 25 32 23 67 55 54 7 79 6 93 6 24 36 32 24 10 96 29 92 9 69 3 3 35 40 33 43 7 6 5 23 44 5 5 46 69 29 83 84 41 48 56 74 99 19 27 80 91 17 51 90 11 94 50 66 19 25 46 22 67 19 49 90
7 47 23 76 53 27 82 10 37 6 38 99 88 8 18 82 74 47 24 63 92 38 85 23 97 60 10 54 80 27 3 78 2 64 61 30 33 11 10 81 65 21 80 60 27 61 75 48 26 11 90 82 41 89 46 18 42 38 29 3 36 99 13 44 29 44 48 73 23 32 44 9 18 2 0 74 58 34 11 22 100 40 94 20 61 64 95 47 71 10 24 90 23 95 85 70 85 35 22 32
84 51 19 53 66 79 81 54 93 38 40 42 86 32 46 40 20 53 83 66 64 8 52 17 76 43 93 23 38 19 18 54 79 19 1 38 70 62 58 63 13 37 24 81 43 6 50 97 47 65 22 63 88 13 79 86 8 9 18 54 67 14 7 10 60 25 93 58 29 54 21 88 42 80 10 95 54 9 96 90 50 6 82 70 81 68 22 85 40 34 74 45 75 13 15 47 15 79 82 80
46 4 100 35 27 78 68 6 39 65 8 65 32 77 82 4 21 44 80 52 59 12 25 78 31 27 100 25 89 40 79 58 20 35 74 57 91 29 94 54 63 15 95 60 21 100 68 17 8 91 38 26 12 48 56 74 29 28 49 60 78 6 35 92 6 98 52 84 41 53 10 10 68 47 81 9 15 38 28 43 19 39 1 25 74 93 27 90 5 75 39 96 86 69 95 38 47 44 2 11
68 55 89 44 56 40 98 26 41 1 54 59 17 45 32 47 14 58 97 72 78 10 31 84 99 65 23 1 54 64 72 32 7 83 29 53 89 84 92 60 63 47 67 53 79 64 92 33 14 19 17 97 18 33 46 14 88 60 28 42 91 59 75 20 61 67 95 29 90 24 80 34 22 50 17 43 81 4 43 11 5 20 71 25 72 43 59 78 55 29 57 9 86 9 13 60 92 47 92 0
61 91 88 99 86 95 57 27 46 84 98 29 53 92 76 10 55 2 77 82 2 84 70 31 3 4 9 71 5 32 96 20 29 37 57 1 7 62 73 75 71 96 90 63 43 19 54 62 67 20 3 48 63 74 25 42 2 79 18 98 56 13 7 59 93 2 67 18 39 43 12 54 98 41 96 97 64 77 70 9 54 65 20 36 21 95 18 67 45 6 83 77 5 6 100 35 24 10 89 11
42 1 4 65 50 56 89 1 53 36 40 70 12 8 15 15 17 7 58 77 58 2 65 15 62 63 76 75 6 3 37 88 26 72 78 10 81 12 17 3 66 86 19 76 59 84 48 80 17 4 33 64 68 42 39 97 84 58 98 56 60 47 36 82 29 41 40 72 74 72 14 55 60 32 10 58 47 60 79 17 14 47 5 86 26 32 31 52 3 85 42 17 91 27 35 7 91 76 83 52
12 70 97 39 68 61 40 95 33 93 82 70 88 69 65 74 86 15 40 51 27 90 13 96 45 11 43 66 18 52 32 66 23 26 2 90 77 72 35 34 47 56 99 48 22 73 97 32 76 12 20 76 51 24 63 53 99 31 48 30 7 16 71 12 84 60 97 44 43 6 52 53 82 38 36 9 62 86 62 87 88 78 75 34 86 38 41 48 48 52 57 67 80 35 14 23 53 59 7 58
76 85 21 5 44 80 80 18 5 83 40 60 73 31 53 82 47 25 93 22 12 10 27 9 32 16 26 97 71 66 46 7 71 63 1 64 24 97 70 46 18 3 71 91 38 59 15 4 12 44 32 46 19 81 85 53 86 64 20 80 20 29 41 77 70 88 11 18 52 18 62 65 28 73 96 32 56 76 89 67 25 45 8 70 84 55 75 87 17 47 98 80 76 78 10 56 10 55 29 82
63 4 51 6 7 60 45 22 74 52 8 62 26 45 72 48 7 13 55 60 87 80 79 44 24 37 31 29 3 59 21 63 48 11 96 45 44 32 60 3 98 1 96 17 36 72 22 80 5 36 86 9 68 10 3 60 34 18 82 42 78 89 91 94 1 19 99 99 39 79 67 44 85 34 53 38 11 21 72 38 74 88 52 72 14 32 95 59 82 52 51 15 92 48 13 84 69 13 24 91
49 95 66 22 21 36 66 46 63 51 56 95 83 74 56 30 99 9 68 25 32 28 26 75 6 57 30 98 55 17 61 27 3 82 29 41 64 1 91 75 43 25 40 40 8 50 81 92 96 80 73 89 40 0 25 60 37 76 51 86 35 70 39 65 38 96 83 77 98 94 35 32 28 1 83 79 66 92 32 14 57 93 70 2 94 42 62 98 19 80 21 59 75 80 26 37 62 61 40 49
40 80 99 73 85 11 80 38 76 47 15 54 92 66 85 89 70 90 8 89 95 89 45 51 98 31 51 48 2 66 28 98 47 40 44 58 11 41 95 4 15 60 10 73 83 24 69 18 50 75 85 25 49 13 59 6 56 82 30 60 58 24 25 63 53 71 15 72 43 84 2 26 55 16 10 78 48 14 74 10 45 84 86 19 81 52 46 97 17 52 70 13 18 41 18 44 9 42 6 55
48 23 23 36 29 94 91 50 73 22 78 44 74 93 32 96 74 35 87 95 99 34 12 94 92 63 20 38 3 9 52 20 83 56 10 59 3 59 20 88 71 32 39 54 24 59 28 89 29 6 45 0 35 82 97 42 20 22 44 28 93 41 10 43 99 96 12 62 9 78 93 75 19 42 38 5 17 61 64 70 6 65 20 93 46 58 31 62 39 47 18 8 33 67 15 38 13 78 16 93
21 85 64 92 65 8 13 86 89 0 42 44 20 0 6 48 50 37 3 72 81 38 49 62 11 89 23 76 52 75 96 9 71 28 92 20 54 57 31 13 48 5 95 57 52 54 57 9 2 48 8 34 81 58 56 13 99 18 3 43 35 44 12 55 82 39 6 27 71 64 38 84 45 81 37 40 79 9 88 6 48 40 43 91 24 30 60 52 100 86 40 35 21 63 85 60 2 46 98 22
28 88 29 5 79 26 7 64 65 31 75 60 73 69 65 34 38 73 2 15 93 94 50 41 67 37 74 21 20 73 89 22 40 3 78 45 85 100 63 91 51 31 100 37 45 79 66 57 94 94 2 88 76 4 93 63 59 24 27 68 5 90 76 67 36 90 10 82 63 51 17 66 18 70 95 27 62 34 80 30 69 4 15 20 90 86 7 79 47 45 18 39 54 97 63 85 17 85 19 58
71 80 2 39 57 97 41 27 38 95 31 3 97 36 42 2 77 85 86 46 13 98 64 5 49 20 5 55 18 70 60 88 96 50 27 50 14 72 83 53 57 85 60 46 11 94 3 28 50 42 81 49 26 81 25 60 83 79 78 79 10 43 63 46 8 81 48 92 71 12 55 40 36 20 10 49 54 55 80 76 80 80 1 96 11 97 53 3 33 33 15 79 9 10 1 44 81 17 44 93
89 23 72 65 100 47 78 8 16 23 74 76 100 72 20 13 80 63 54 8 72 73 2 89 50 94 45 74 60 54 96 44 42 43 19 75 97 29 56 65 47 25 38 50 15 51 60 8 5 16 84 46 42 46 50 27 30 42 74 13 27 34 43 9 71 9 8 76 2 47 21 17 99 83 13 96 29 6 27 40 54 62 63 37 24 18 45 63 80 20 29 82 12 3 41 72 62 40 17 82
47 11 31 17 1 92 17 88 88 55 48 70 16 25 92 61 32 74 77 44 5 14 65 78 24 68 36 22 20 76 33 93 9 28 33 25 2 69 22 14 39 84 45 52 14 1 26 73 46 30 72 19 22 91 34 82 63 45 80 49 24 38 84 85 20 44 12 20 0 100 95 43 17 97 55 74 3 0 57 0 97 16 68 62 45 55 67 60 96 28 35 44 51 66 77 93 61 72 42 26
26 34 95 64 12 45 30 41 66 34 82 58 87 73 91 17 37 70 26 97 28 25 60 96 80 66 7 87 62 42 73 37 57 65 58 24 63 52 10 2 11 89 73 8 83 24 79 56 22 65 72 44 71 33 81 95 80 34 39 71 71 74 48 28 9 48 13 67 47 85 81 55 14 41 53 93 35 51 38 27 77 89 24 48 51 2 50 39 18 42 61 13 27 25 71 99 75 96 3 55
59 2 87 43 10 45 90 76 81 31 15 92 4 3 97 42 2 25 74 86 50 16 47 33 40 100 74 11 36 7 22 2 86 54 6 56 6 46 13 57 20 31 29 72 12 34 82 70 24 34 96 34 77 52 9 78 55 23 40 4 86 55 85 53 97 29 6 84 94 33 55 83 80 70 51 74 24 85 91 23 27 56 56 17 66 33 94 18 49 40 54 31 9 71 21 0 41 71 14 29
64 82 88 15 83 94 34 0 87 1 48 82 3 40 35 100 99 8 87 51 68 81 33 54 36 57 79 64 100 35 99 57 23 11 86 57 98 90 91 26 27 66 23 13 59 29 31 60 14 53 31 14 47 87 55 27 70 35 89 62 78 26 48 69 66 57 21 83 95 73 75 12 57 13 30 58 51 29 53 64 18 91 74 50 36 75 43 100 71 73 23 2 67 31 27 65 69 62 28 19
95 32 69 97 73 20 85 64 76 20 42 18 18 79 61 24 5 6 57 17 94 51 63 75 26 18 7 1 24 14 63 15 88 65 60 48 97 89 97 23 38 26 84 53 8 18 53 67 99 96 52 65 0 50 29 17 75 19 43 80 58 5 69 87 27 75 94 62 47 32 18 58 66 89 97 32 20 13 48 82 6 18 7 17 84 34 65 2 58 99 15 52 53 4 29 17 2 92 79 25
80 14 3 57 60 23 15 85 24 53 56 44 85 33 19 64 47 38 75 55 87 16 40 9 61 20 82 9 42 63 16 68 68 93 79 66 92 34 44 28 29 36 2 54 85 49 71 78 14 57 42 34 3 26 77 69 67 54 83 42 40 7 23 81 52 92 74 50 38 84 74 0 1 85 19 3 68 87 100 85 99 8 23 100 55 38 59 24 46 16 1 34 39 15 11 63 91 42 55 74
6 11 91 100 6 68 51 83 19 62 42 12 21 92 23 16 2 15 23 97 60 43 8 10 2 23 81 48 63 25 93 17 93 79 42 1 76 23 99 88 89 58 55 3 45 62 62 50 81 10 64 70 96 97 100 16 83 44 99 48 3 19 54 93 67 33 86 11 77 95 20 70 90 55 75 5 33 1 10 32 22 2 22 15 80 37 52 19 41 20 69 57 82 66 45 84 14 20 49 97
82 39 81 9 5 83 28 38 13 86 74 37 1 48 97 22 22 91 26 20 60 68 11 93 20 14 87 36 66 39 14 91 35 77 35 39 16 60 67 7 92 93 23 56 86 84 20 30 80 67 62 80 51 87 49 46 55 43 85 5 34 19 9 10 47 21 1 54 64 50 77 75 37 36 42 50 68 23 19 68 13 21 85 94 79 5 62 70 15 53 1 41 0 32 15 91 31 68 65 41
84 38 49 60 20 31 22 12 64 89 93 23 92 28 3 60 31 9 31 55 72 9 4 9 100 68 22 26 64 2 34 22 94 38 35 39 91 5 32 65 21 24 42 49 7 21 33 79 95 75 37 97 15 86 83 21 13 39 0 82 23 20 25 82 23 42 79 34 21 2 46 99 43 51 49 61 51 12 1 15 28 30 86 18 57 40 18 9 52 43 38 71 83 82 87 26 80 92 27 15
14 18 1 50 33 90 35 8 6 88 41 0 38 86 68 27 31 16 82 40 6 88 17 57 24 84 52 34 83 9 27 84 89 69 28 4 98 28 3 48 6 8 86 25 62 18 82 5 71 29 75 41 78 66 71 19 11 93 33 64 69 55 45 97 13 31 64 26 17 9 75 12 38 47 71 74 94 12 100 38 56 19 60 87 45 78 60 22 27 91 97 28 4 1 73 95 20 64 24 90
18 58 92 56 64 69 89 58 88 96 2 2 69 11 87 28 19 53 41 63 15 78 14 92 41 25 18 3 80 7 63 43 82 11 25 99 39 1 95 38 70 17 29 93 90 23 17 5 98 5 75 98 75 3 24 30 56 78 55 5 74 37 31 50 15 23 43 6 69 78 5 19 7 66 66 0 73 53 97 71 25 98 84 39 70 15 91 45 57 22 73 39 55 87 15 60 9 36 29 1
3 3 0 29 10 61 88 68 2 44 97 26 5 55 96 42 74 53 5 63 95 48 33 78 35 4 4 11 60 66 100 21 36 3 15 92 96 0 88 78 54 45 37 84 60 51 33 7 42 64 54 4 6 72 24 14 19 97 75 37 35 41 82 13 26 9 32 82 82 9 28 27 63 82 6 35 50 39 21 62 26 39 9 57 53 28 0 97 87 12 12 92 75 100 72 86 63 95 17 8
30 68 73 96 44 28 13 95 14 72 25 60 5 2 95 91 100 16 6 93 91 18 73 29 2 6 16 77 44 69 68 49 83 25 7 81 60 74 25 98 9 75 80 37 8 72 61 17 87 71 11 2 51 24 37 27 10 17 0 61 98 56 23 10 78 81 55 48 18 32 51 64 3 3 51 26 27 97 83 97 32 10 93 4 91 89 76 13 54 1 43 66 1 10 46 59 51 73 88 61
30 47 22 13 50 94 96 80 67 74 37 2 64 51 95 72 84 76 60 18 84 87 13 0 15 1 29 93 8 9 92 32 49 20 42 7 72 38 27 72 56 34 52 62 16 68 89 66 23 34 21 22 98 14 42 6 92 43 85 33 89 50 21 97 26 63 65 98 5 11 55 56 32 2 36 93 91 2 63 65 83 57 39 57 2 98 54 21 21 86 61 71 46 97 35 13 6 90 92 15
32 2 32 25 12 81 31 61 14 71 12 70 1 14 27 68 56 13 75 69 90 1 22 90 11 64 89 23 38 54 91 41 85 85 15 56 24 84 14 36 89 98 27 97 6 6 12 0 43 46 91 94 56 73 55 26 92 48 76 93 59 54 19 37 73 66 50 45 87 64 49 21 58 9 92 30 59 91 42 87 28 99 47 30 19 20 29 72 31 94 89 25 15 66 14 37 80 57 20 39
2 16 96 84 17 10 62 20 85 12 34 14 86 58 31 97 8 20 13 63 93 92 70 45 53 24 2 98 60 9 21 54 80 33 38 95 18 45 54 74 75 45 36 40 24 86 4 62 76 78 82 98 95 15 28 77 70 42 9 76 50 66 47 44 32 18 92 12 84 82 99 33 12 94 25 47 83 74 9 93 34 13 4 19 16 34 88 58 1 77 98 39 12 10 16 82 81 43 75 93
88 83 94 20 21 77 80 74 32 8 16 80 26 37 0 62 31 99 74 66 48 65 88 50 71 63 94 24 25 47 33 4 56 29 1 83 16 24 47 23 65 13 53 0 55 36 8 96 94 5 70 85 15 58 12 91 78 26 84 21 19 26 8 57 38 16 76 55 95 28 13 50 14 26 35 54 42 85 34 7 35 79 7 74 32 61 19 80 27 91 50 34 94 38 93 51 71 3 41 19
23 39 66 95 58 58 99 74 24 67 80 76 26 97 54 37 2 25 52 100 0 59 21 88 32 91 78 92 97 12 18 78 29 42 27 64 82 14 62 90 48 63 94 45 92 90 83 45 76 27 17 31 56 73 60 60 2 70 4 48 18 4 34 30 35 2 26 50 84 3 52 12 72 10 34 72 26 85 93 11 1 39 41 73 29 10 5 98 63 22 54 78 6 60 3 22 18 89 41 67
7 7 54 41 3 87 69 54 80 15 18 99 73 34 15 60 9 78 79 8 40 60 92 56 74 8 49 95 58 29 50 63 32 58 65 35 45 96 93 37 21 2 9 64 94 96 37 45 95 33 45 23 25 54 14 45 31 13 3 89 83 32 44 74 30 28 36 56 14 62 100 78 27 42 19 36 28 37 60 30 69 82 22 62 21 94 45 29 70 34 89 74 37 25 45 97 5 91 44 51
61 44 20 16 63 68 3 62 15 6 51 80 43 97 27 76 25 88 11 8 21 20 82 18 47 91 89 3 48 80 60 28 52 7 69 3 75 63 93 24 93 59 69 23 84 96 21 47 14 64 68 99 28 45 22 83 20 11 20 64 62 29 13 39 22 37 27 58 10 66 65 29 1 66 47 9 8 31 81 5 12 87 77 95 95 54 86 4 42 10 56 73 84 70 23 70 14 36 81 23
23 60 96 50 2 7 27 68 82 49 67 86 76 76 68 89 72 43 58 74 47 95 87 71 61 28 76 42 64 90 40 90 46 62 46 54 71 65 43 10 1 48 21 2 66 27 4 85 75 83 40 77 65 80 53 9 35 18 25 73 22 16 66 1 61 68 73 92 21 34 69 78 100 100 55 58 17 45 74 1 97 58 47 83 20 18 44 41 41 39 41 13 39 89 66 56 0 23 60 88
40 16 86 51 25 6 12 26 65 5 46 59 63 61 26 33 82 56 77 61 8 71 37 55 18 18 40 47 85 66 65 40 3 40 93 16 99 37 83 7 84 67 3 60 62 76 75 35 59 90 5 6 19 41 6 51 96 49 39 63 65 93 69 43 76 5 96 69 58 97 56 24 16 69 8 81 47 52 84 34 49 16 37 69 40 40 72 98 29 20 60 93 29 21 16 21 50 20 59 10
28 9 56 81 79 17 100 95 93 21 60 66 0 90 49 75 69 74 84 58 34 94 24 87 58 55 73 35 74 84 37 3 0 51 53 68 15 54 19 23 29 24 9 56 9 32 55 69 2 6 86 92 7 32 99 63 17 2 80 62 53 26 3 11 40 86 8 85 51 60 43 47 78 75 4 12 47 27 87 83 95 21 68 62 100 48 61 55 45 83 8 25 95 83 75 12 26 13 5 90
3 28 69 79 70 9 83 94 43 41 74 17 90 6 37 37 35 10 19 89 44 54 38 79 98 1 95 15 39 27 32 80 31 90 1 63 100 77 76 26 50 41 37 87 78 2 31 20 50 43 96 63 79 13 13 38 89 44 21 8 57 86 48 60 22 98 17 18 11 79 86 65 0 93 82 28 92 43 50 76 95 100 11 74 63 92 94 18 26 18 95 47 15 53 79 27 1 76 91 39
82 38 30 64 29 97 10 74 68 89 76 54 63 38 99 71 98 56 24 38 59 92 22 5 72 14 93 40 70 60 64 40 3 77 71 13 12 8 80 28 75 99 75 62 96 69 75 86 89 64 5 70 63 71 66 51 67 31 47 81 1 75 56 30 69 33 33 41 8 71 47 31 31 59 94 28 97 57 79 46 38 14 38 81 64 87 70 75 1 21 10 58 35 70 79 4 35 23 17 87
75 90 0 41 37 2 62 41 48 1 5 21 28 7 73 67 41 18 27 20 64 4 71 53 26 80 87 86 5 59 18 22 28 31 78 18 97 83 16 49 33 87 99 95 68 69 8 43 60 28 34 39 58 2 96 78 57 89 72 72 50 68 4 87 33 90 87 34 94 51 76 53 21 9 90 17 92 25 52 100 74 65 7 27 43 50 37 30 57 84 10 71 100 20 87 60 60 88 96 7
57 67 96 29 3 89 62 88 23 88 35 92 8 0 76 40 89 77 65 72 19 32 15 50 2 3 35 37 75 99 97 7 14 95 64 44 19 85 13 59 34 34 39 88 58 48 93 28 60 43 8 0 1 13 25 54 30 69 30 1 87 89 15 29 90 69 60 88 26 75 1 79 82 40 19 77 63 60 62 81 59 20 49 67 60 92 42 77 43 78 74 75 31 8 13 91 78 32 74 36
49 14 1 1 93 34 6 16 1 62 66 100 33 88 79 29 89 40 67 68 66 50 7 4 76 61 11 45 88 83 94 74 42 94 57 59 8 81 30 90 95 44 8 56 82 95 23 31 77 45 77 7 65 18 73 74 14 39 81 54 35 41 73 51 12 27 81 31 99 81 11 75 4 47 43 29 86 19 64 75 23 53 65 72 73 23 87 67 69 98 36 90 13 46 83 82 63 15 42 10
64 87 77 32 94 98 7 73 73 38 76 64 21 34 49 39 54 92 16 16 94 70 100 60 52 56 69 13 44 59 27 2 28 27 59 71 4 65 76 55 82 88 90 15 90 41 96 11 0 1 59 48 87 6 26 68 73 76 20 5 53 31 100 94 59 1 75 24 34 38 85 62 12 34 69 75 75 28 5 7 46 78 41 59 72 71 57 66 39 20 61 58 60 94 25 42 48 39 3 30
58 70 11 97 62 70 21 17 43 81 37 30 84 32 93 3 78 87 54 48 42 48 46 67 58 96 10 36 11 28 95 44 79 91 31 50 23 12 86 54 61 83 64 17 22 33 20 52 25 14 3 57 75 12 97 93 64 78 27 21 13 43 34 79 13 52 56 91 2 2 10 19 77 53 29 54 99 33 80 59 72 23 34 50 44 28 67 21 2 4 12 45 89 99 21 49 35 31 76 46
80 98 71 57 7 14 31 48 6 99 12 96 18 50 7 54 1 29 85 51 5 4 55 62 12 51 81 54 98 97 99 22 70 74 74 13 35 99 98 88 6 2 94 42 92 24 68 97 52 79 70 23 61 54 93 23 3 75 76 43 21 72 0 67 38 20 69 37 23 39 44 100 58 44 91 89 10 85 100 55 37 2 40 22 91 65 26 66 66 45 8 21 85 43 81 97 82 7 58 41
27 72 23 39 2 49 52 89 83 92 28 23 47 5 61 65 79 56 13 53 63 60 56 61 79 69 96 9 31 69 79 9 84 5 57 63 96 65 77 13 7 13 53 71 81 70 17 96 56 25 13 10 79 82 73 100 37 79 72 93 21 14 78 7 28 62 35 65 56 95 97 99 44 32 3 1 28 15 20 95 39 13 80 79 40 86 65 99 61 24 88 51 88 32 76 43 15 68 25 88
43 72 99 78 76 86 42 19 46 9 30 33 35 95 60 18 51 18 29 66 41 92 73 85 42 12 95 72 43 37 92 88 35 22 74 25 36 51 67 13 31 1 24 96 22 44 56 51 47 0 75 68 88 16 41 65 6 65 5 73 3 34 4 30 24 19 69 34 30 56 26 67 72 13 32 54 90 52 45 94 95 8 14 6 38 14 53 65 17 9 41 47 84 67 42 86 19 30 77 97
32 47 75 37 4 18 41 40 100 43 45 20 46 16 65 95 41 95 36 66 28 92 43 90 56 69 83 93 37 47 26 15 8 11 27 26 2 67 82 86 5 13 57 93 92 35 84 83 35 40 33 98 59 15 5 74 22 35 20 17 5 47 31 2 64 89 0 28 46 76 53 9 66 51 25 4 39 85 64 92 86 32 39 28 23 73 37 49 58 16 5 91 46 34 54 51 75 26 14 23
55 44 11 71 97 82 42 26 90 7 3 65 6 17 12 97 95 28 19 47 66 0 69 61 32 74 14 99 30 82 72 50 79 72 76 54 42 84 3 92 52 54 76 12 88 59 74 38 30 22 58 49 70 79 43 36 4 60 10 43 57 78 11 26 26 65 80 89 75 27 74 50 58 75 84 71 80 27 26 38 20 90 69 96 15 93 59 29 30 91 38 54 84 22 27 64 88 97 18 34
30 91 42 0 94 82 42 1 48 78 14 22 75 69 18 26 75 61 72 95 57 25 4 37 60 86 45 67 4 56 51 55 98 58 45 91 37 55 92 49 72 66 73 19 78 92 79 46 97 82 80 57 40 19 42 44 92 6 95 5 31 12 91 87 72 64 21 94 52 67 62 59 25 88 24 28 61 70 55 85 16 23 33 15 99 12 26 67 9 71 56 95 58 24 43 53 2 73 17 37
6 68 84 29 36 4 34 38 84 61 12 1 63 54 3 75 5 40 31 83 13 25 59 32 27 96 91 97 33 5 79 9 31 73 52 61 88 7 47 38 94 46 25 10 86 62 94 50 0 63 39 38 90 50 72 15 17 4 56 3 94 47 88 43 60 43 72 43 65 100 85 34 42 35 55 31 42 6 30 52 45 48 100 27 47 62 45 78 47 39 33 31 39 5 43 76 28 74 60 74
2 67 74 50 100 36 5 96 41 80 57 84 81 47 66 48 6 27 74 35 25 8 37 82 61 70 60 11 99 25 38 53 71 90 86 32 85 49 21 52 46 39 98 46 18 42 26 67 93 39 54 30 89 97 24 16 38 56 49 25 94 73 1 29 17 49 53 49 95 57 31 57 71 44 90 53 8 56 37 55 43 81 9 64 98 12 21 16 19 97 91 54 31 88 48 60 26 50 91 85
83 47 91 70 92 61 15 33 18 83 69 9 31 87 44 88 74 45 66 79 44 55 0 53 70 4 100 86 26 60 53 47 22 14 59 40 23 90 83 33 42 10 83 42 15 17 77 78 36 84 77 81 97 81 40 46 18 31 65 89 2 56 79 39 9 0 58 57 64 88 90 76 67 14 46 4 86 89 74 21 93 19 87 81 59 75 81 11 33 40 90 31 22 52 64 24 60 78 46 70
35 63 63 25 7 84 11 95 46 64 97 14 84 44 53 77 98 57 89 79 15 90 41 68 43 90 8 88 88 47 72 2 99 85 50 62 84 88 29 78 33 6 53 72 70 43 55 34 92 10 83 90 82 60 65 59 12 20 43 47 65 47 59 41 6 63 82 94 53 21 85 72 41 0 54 34 84 98 45 97 93 30 58 5 16 26 5 9 60 87 93 53 92 19 62 57 28 93 43 53
15 83 93 88 86 54 51 53 9 86 44 69 76 58 22 5 95 44 60 73 43 95 12 11 39 60 30 89 86 21 86 86 71 83 45 13 78 17 43 67 69 89 48 35 43 16 69 22 74 83 4 8 43 74 43 83 46 89 61 44 69 85 28 11 88 61 0 56 40 83 41 56 80 19 25 29 24 18 17 91 84 73 90 29 74 42 86 47 89 83 31 71 91 9 94 91 87 50 58 43
37 53 30 26 26 55 97 51 36 82 89 97 6 1 91 24 78 57 47 78 82 5 49 87 26 25 8 81 14 91 93 76 63 59 88 91 68 80 79 88 5 52 3 10 6 83 7 30 30 56 62 99 4 30 27 58 45 62 5 79 4 98 35 34 69 58 94 83 45 71 3 81 38 8 68 31 60 26 89 72 51 48 87 51 14 28 41 18 87 56 14 53 41 37 78 51 93 64 45 59
33 39 71 19 24 100 32 96 26 54 69 91 36 44 72 55 10 13 10 34 91 44 22 94 30 15 82 47 57 9 5 14 6 83 21 15 0 23 28 73 53 3 27 74 93 62 89 47 98 28 81 62 20 93 74 54 70 49 10 57 9 25 21 12 83 65 82 28 41 79 98 32 72 10 82 92 66 74 71 6 26 68 42 65 67 59 34 46 44 83 82 90 79 10 74 4 87 72 61 53
99 74 75 83 24 100 1 84 7 55 100 38 15 68 10 5 7 55 82 19 23 91 14 85 68 26 38 77 91 81 84 79 81 81 52 91 26 94 43 29 46 26 23 38 57 87 66 48 20 69 44 14 44 66 12 82 88 47 33 57 80 67 30 21 51 25 9 13 12 22 53 19 42 43 49 98 80 97 44 29 30 91 93 76 48 96 63 72 14 7 70 42 5 43 60 10 19 40 28 62
71 54 22 30 3 4 84 82 13 20 81 43 25 8 82 66 61 100 35 73 8 68 79 81 60 73 65 84 33 0 93 38 96 59 36 63 3 36 41 98 28 57 11 29 87 25 34 46 47 60 15 38 11 24 31 31 95 90 100 58 53 11 41 37 21 84 79 53 38 57 30 71 2 66 73 23 34 42 52 38 3 9 62 10 45 97 83 6 83 69 8 64 64 79 2 90 77 58 67 21
35 79 99 49 96 8 27 31 62 6 63 75 39 4 25 33 72 56 92 26 54 47 61 17 91 49 61 22 83 63 99 10 24 70 37 37 52 40 50 20 20 99 12 10 49 98 52 48 35 84 79 21 60 70 48 58 50 48 12 52 51 12 91 59 79 78 0 37 56 89 2 13 82 93 69 72 93 0 48 32 49 84 82 78 48 34 18 56 54 29 93 39 97 11 84 85 89 11 54 23
36 72 0 46 57 37 75 20 63 36 44 47 94 88 36 17 63 66 77 67 83 41 38 15 52 35 75 58 79 46 62 11 87 23 7 47 50 67 40 44 59 44 68 39 89 76 86 44 27 64 2 91 62 56 65 69 49 47 41 42 92 13 35 76 67 80 90 33 98 90 20 95 62 4 6 69 3 62 28 57 39 47 44 46 45 84 59 84 44 54 66 50 15 0 99 97 6 97 96 18
81 38 14 40 46 69 99 54 39 49 16 8 58 53 27 4 58 49 17 50 80 100 95 18 69 38 31 38 90 60 93 7 81 95 7 5 36 65 3 83 55 70 44 37 4 13 27 94 22 35 85 41 69 14 66 86 94 5 58 72 54 51 41 78 84 93 30 53 29 46 74 95 2 26 68 78 75 28 2 21 97 88 85 74 50 94 83 86 19 24 27 54 73 52 48 56 91 94 71 86
12 39 80 7 15 70 58 53 99 95 100 18 33 11 36 92 30 29 72 22 8 21 98 70 38 49 10 35 52 39 10 71 48 62 59 87 5 9 95 20 36 30 73 82 93 82 92 81 72 43 51 99 71 29 18 88 33 53 78 87 76 19 49 79 38 30 24 94 43 8 60 85 91 17 42 96 82 44 89 90 3 18 92 9 12 17 87 5 34 69 81 78 12 48 76 68 22 23 53 45
95 66 5 32 82 40 67 74 42 15 10 70 37 63 38 73 32 80 24 42 30 21 26 41 55 98 96 48 93 45 98 97 16 78 59 56 2 1 83 27 30 95 100 89 62 6 72 15 79 96 58 18 61 13 60 49 5 3 68 11 91 63 47 39 82 17 6 69 9 25 84 87 37 25 23 70 11 62 0 64 89 69 62 87 38 51 57 61 80 0 71 74 4 96 72 3 66 7 31 80
