100 100
100 100 100 100 100 100 100 100 100 100 100 100 100 100 100 100 100 100 100 100 100 100 100 100 100 100 100 100 100 100 100 100 100 100 100 100 100 100 100 100 100 100 100 100 100 100 100 100 100 100 100 100 100 100 100 100 100 100 100 100 100 100 100 100 100 100 100 100 100 100 100 100 100 100 100 100 100 100 100 100 100 100 100 100 100 100 100 100 100 100 100 100 100 100 100 100 100 100 100 100
33 39 98 16 99 23 82 4 58 12 88 93 84 20 91 34 4 83 72 18 19 88 86 4 65 53 30 19 15 37 60 7 2 16 79 7 32 36 78 39 8 51 100 42 72 93 80 59 88 68 46 33 31 30 56 37 12 38 87 6 5 56 2 58 61 80 54 80 100 68 84 67 54 72 89 11 5 40 54 46 40 77 4 17 14 67 1 41 52 38 4 70 44 22 63 92 96 53 5 19
46 56 85 36 99 62 8 61 8 59 95 40 99 15 19 71 7 55 24 97 45 91 73 39 70 29 67 29 95 68 3 70 61 95 15 53 81 62 86 39 63 46 9 44 15 63 48 35 93 87 19 28 90 94 99 42 1 42 13 64 25 76 20 3 70 26 57 91 17 17 48 89 47 92 4 67 73 81 12 16 15 16 44 70 64 30 76 42 100 29 49 66 99 5 59 69 68 87 35 100
32 74 62 22 85 78 90 77 60 51 35 30 30 93 5 52 96 15 51 74 50 85 56 81 17 81 17 43 6 59 44 38 28 49 95 9 10 22 9 34 5 69 91 73 17 17 26 11 27 66 100 25 4 81 56 52 2 32 74 81 45 10 33 92 16 74 47 53 4 0 89 5 74 52 76 75 59 100 92 88 98 14 70 26 78 38 100 69 5 98 85 23 35 67 89 17 70 8 26 24
30 47 66 88 64 48 3 0 61 1 67 69 15 35 91 15 24 42 79 49 1 8 40 6 19 68 22 37 38 5 1 41 47 23 71 18 66 55 89 85 10 72 52 45 45 3 85 25 78 15 66 60 81 62 93 65 38 93 1 94 84 81 33 17 89 45 71 29 52 13 51 22 99 52 20 81 38 86 47 75 46 20 83 45 80 59 92 3 21 100 64 22 52 38 55 57 44 6 61 15
63 62 41 19 53 5 35 49 21 91 74 16 76 1 49 24 81 5 29 8 56 22 64 39 1 10 18 63 84 70 70 16 90 78 37 83 86 29 22 49 56 40 74 44 94 18 89 36 99 18 91 1 61 63 43 93 3 18 32 86 25 15 38 73 32 22 98 57 12 37 72 79 42 60 48 68 10 84 48 35 37 21 85 86 6 35 13 38 35 23 66 45 45 79 7 15 33 44 49 64
38 89 78 73 18 35 94 1 46 63 30 95 39 89 56 39 3 64 91 17 2 8 88 33 27 85 4 41 60 10 84 64 94 40 84 16 6 57 29 79 81 93 80 22 24 0 71 27 92 79 27 45 13 63 8 53 66 26 62 49 55 74 50 44 80 34 21 16 12 39 74 12 64 43 72 34 46 78 54 94 8 95 23 24 68 12 1 3 92 37 84 68 72 77 54 23 30 37 96 58
26 55 38 78 63 6 36 14 53 91 86 7 52 55 40 34 58 73 30 23 99 35 9 80 53 32 86 100 29 92 72 17 100 62 11 18 39 84 29 86 45 27 5 54 47 47 69 31 47 12 36 59 58 64 1 49 39 48 92 27 4 24 52 63 51 41 16 92 9 30 42 27 55 20 48 32 6 1 81 31 94 41 88 77 51 64 92 53 73 5 44 13 100 7 7 64 53 2 13 66
10 85 20 16 57 75 9 84 11 86 85 54 42 99 50 33 24 42 38 45 97 36 90 69 77 42 1 38 55 15 81 58 99 77 76 33 76 90 4 45 94 49 19 99 37 11 86 55 70 82 77 52 59 30 24 57 94 100 21 37 4 20 1 33 16 46 73 9 5 17 6 56 19 99 70 33 89 55 97 26 73 6 93 5 55 72 56 44 79 93 30 30 43 34 58 47 6 82 48 17
30 98 8 77 25 10 100 19 73 11 69 37 41 99 78 33 84 79 8 88 35 74 90 75 42 28 51 73 16 34 8 93 96 2 21 34 13 97 79 80 8 89 15 30 86 31 89 35 66 96 67 60 16 40 1 94 65 98 88 13 10 73 10 89 14 54 77 12 81 66 100 64 66 45 66 10 92 85 36 69 78 18 32 21 40 87 87 91 16 95 100 65 49 33 61 52 66 26 38 39
85 45 59 30 93 2 95 17 70 8 72 38 44 84 24 69 68 63 40 31 68 59 44 46 28 39 61 14 9 73 74 59 87 78 20 87 25 96 42 34 36 52 92 80 35 16 99 1 66 8 38 49 6 84 33 10 7 43 19 8 11 10 70 96 35 16 91 100 31 81 35 8 26 73 96 53 14 10 20 76 59 62 92 82 36 35 90 94 94 82 78 62 54 64 82 31 92 96 97 24
14 15 69 65 25 86 57 19 9 43 12 58 12 25 35 11 45 82 76 99 91 98 63 54 31 72 44 93 35 67 59 76 63 97 80 30 20 23 17 52 52 6 8 27 29 35 98 91 81 19 21 68 11 49 66 86 20 29 29 35 57 82 51 79 2 32 67 57 96 68 58 97 25 79 45 23 32 20 29 43 74 54 75 90 17 100 70 36 79 34 28 23 99 9 70 48 59 34 85 35
73 29 60 87 67 6 60 32 87 43 9 12 8 16 29 42 49 74 87 4 63 77 49 1 13 11 54 10 14 48 37 84 42 98 18 97 93 3 35 43 40 36 75 97 56 1 26 15 47 0 26 20 40 30 7 40 92 63 93 46 20 92 95 66 51 63 2 78 19 29 62 30 51 49 42 89 28 5 91 84 32 11 12 73 63 13 56 28 82 0 94 34 95 29 69 85 10 53 3 94
37 11 82 46 74 42 36 39 90 91 6 6 22 82 51 3 17 21 48 6 84 86 14 56 83 70 86 0 67 31 6 70 8 62 36 50 42 77 16 88 61 88 34 42 68 74 31 13 51 30 11 53 91 16 27 0 81 53 5 38 85 98 3 72 88 51 17 44 51 40 5 78 15 76 30 95 19 35 45 33 81 23 13 99 62 70 43 21 6 2 84 52 73 82 65 52 18 49 12 70
91 84 91 74 21 51 34 27 26 98 66 36 27 67 34 45 46 9 35 20 74 27 32 96 66 53 83 77 88 69 71 36 13 91 24 59 68 68 49 37 62 70 15 8 17 66 59 33 14 12 59 83 30 0 87 0 45 74 84 86 99 77 9 99 12 43 29 37 4 97 25 29 86 75 80 32 19 80 19 4 33 37 66 63 70 16 99 51 44 48 93 28 11 16 1 78 82 81 63 100
6 45 39 93 81 54 31 60 97 34 69 64 73 22 99 85 77 88 68 48 64 29 86 74 66 14 0 30 68 45 48 5 60 12 49 79 2 24 89 70 92 58 46 3 89 64 90 46 81 10 99 34 16 51 44 0 41 37 92 70 17 39 77 47 16 10 75 83 73 99 58 57 25 79 78 80 87 49 3 9 80 4 41 39 51 71 3 8 9 17 30 19 56 14 87 82 87 87 96 32
0 18 41 22 99 81 54 27 31 75 82 56 49 88 45 0 70 90 10 5 38 92 59 10 70 29 3 22 8 17 24 70 48 52 53 87 39 80 5 24 52 15 5 94 33 41 63 46 31 98 8 97 54 12 15 6 92 58 30 74 42 37 61 27 59 67 100 16 1 53 40 91 14 55 94 58 97 72 33 47 62 45 13 10 89 90 43 0 52 73 14 99 86 73 54 98 74 6 43 53
54 90 8 28 56 20 38 28 91 55 62 55 27 32 15 10 69 70 77 99 30 48 68 17 99 65 47 8 23 73 30 39 5 72 89 3 34 41 79 30 81 92 83 67 25 41 3 42 91 65 36 27 81 0 100 6 8 35 80 10 44 4 11 45 75 81 87 60 3 47 89 20 41 93 33 83 2 57 24 15 55 99 2 32 54 12 39 100 17 67 31 3 68 16 13 7 4 61 49 74
41 87 28 54 66 73 12 5 5 78 89 47 11 61 12 54 4 56 96 92 54 41 32 86 26 9 65 26 54 31 34 68 11 62 16 52 49 53 65 30 93 93 43 12 5 55 18 50 36 90 23 43 29 81 51 31 81 49 0 36 64 45 50 21 11 93 24 3 70 62 90 73 91 85 36 95 60 34 40 100 43 30 17 73 55 0 26 9 72 88 98 93 28 83 53 74 72 8 72 47
65 85 26 9 56 2 72 45 50 93 91 47 75 82 94 30 57 46 7 69 89 27 87 11 20 96 23 60 55 99 5 51 11 63 34 86 53 96 95 65 60 2 8 10 60 93 60 34 90 49 25 19 53 31 29 72 17 45 72 67 74 18 83 12 23 73 52 17 45 27 86 93 61 41 34 84 95 10 54 3 84 59 14 51 34 74 74 50 56 61 98 77 7 7 1 32 96 49 32 94
8 91 11 95 86 59 44 52 30 97 35 54 86 44 43 10 45 61 3 48 28 100 29 45 65 87 93 34 73 75 77 23 42 10 24 90 27 40 29 70 76 0 41 12 56 90 90 6 28 1 96 88 97 45 43 32 9 50 50 79 43 99 44 22 9 86 78 68 76 19 38 39 4 50 47 77 0 61 21 41 73 11 51 15 92 50 18 4 50 96 86 72 94 56 6 77 84 73 63 93
31 86 3 86 58 20 7 52 66 19 89 85 100 54 10 29 31 8 86 72 87 36 29 18 79 45 63 64 39 66 28 6 22 57 59 97 23 53 54 63 3 42 97 93 0 21 9 41 95 3 86 94 54 93 63 26 92 82 83 45 61 31 10 77 93 12 12 93 16 21 34 26 0 64 65 33 15 19 62 20 55 36 25 70 12 95 82 67 38 68 24 2 66 89 56 13 40 65 87 6
72 83 30 6 16 56 58 92 42 25 92 62 76 66 100 50 57 96 14 12 67 17 38 70 58 33 58 67 15 63 78 58 86 44 97 72 28 39 61 89 43 10 92 97 83 13 55 21 60 1 20 8 43 36 47 75 16 80 13 35 47 44 97 45 35 17 99 43 62 7 54 62 85 53 56 14 2 18 60 18 14 10 13 95 65 92 16 70 16 36 56 63 24 55 6 100 91 67 55 1
30 45 2 39 83 11 88 88 63 40 37 7 54 38 13 43 52 93 11 27 0 94 57 21 46 55 22 57 91 52 48 7 69 13 3 28 30 59 8 90 30 78 58 72 51 12 94 21 92 100 19 24 42 98 90 42 92 37 53 48 96 84 46 49 96 65 89 99 28 54 6 52 19 25 40 12 38 27 68 64 40 76 31 60 14 79 91 64 36 83 17 25 54 92 22 93 96 24 10 83
50 99 57 11 26 14 72 84 94 97 26 80 58 49 60 11 61 92 70 3 0 20 17 40 48 33 27 22 73 30 13 77 50 92 62 4 19 82 81 52 94 48 76 61 47 45 64 45 82 75 21 37 75 38 37 81 31 100 59 80 84 37 25 69 32 82 86 39 7 51 35 14 98 43 32 79 24 28 96 43 24 35 30 53 67 40 12 94 48 75 14 68 62 15 76 11 50 46 86 32
32 69 58 8 45 33 30 0 34 5 29 11 18 97 96 12 34 51 98 4 62 86 21 36 7 43 70 29 73 95 39 88 60 38 86 81 89 49 22 66 23 38 60 98 72 100 19 81 0 24 22 71 95 71 44 11 93 88 96 8 63 9 6 10 13 3 37 96 77 88 45 95 4 27 53 33 1 43 92 5 68 58 94 59 56 49 38 65 80 97 43 62 94 18 74 4 8 87 78 43
81 47 3 0 4 62 12 91 76 9 99 10 82 63 73 85 44 64 66 26 29 40 50 84 37 49 37 87 10 40 50 85 21 51 56 62 31 32 18 7 81 6 68 27 89 48 61 32 17 78 44 19 82 51 98 41 71 51 14 89 70 40 99 55 68 50 65 56 93 38 80 77 78 9 82 8 8 99 69 32 86 97 82 59 14 61 32 68 51 11 27 31 24 54 81 87 80 37 91 60
56 86 49 46 86 75 86 92 35 24 57 4 94 34 6 34 2 6 6 70 28 12 85 54 46 80 28 33 75 12 68 31 1 60 9 0 27 99 84 19 96 76 52 16 19 37 56 42 3 7 58 20 35 87 53 46 74 53 19 31 94 8 28 64 61 75 57 42 28 43 7 10 65 0 92 83 36 6 58 29 22 74 57 72 26 5 97 17 9 88 34 0 26 38 39 98 53 72 42 60
66 69 79 3 17 77 1 71 94 22 36 83 59 14 15 15 77 79 43 15 67 83 58 70 80 64 13 36 61 67 93 47 16 28 58 43 96 26 10 60 4 78 19 92 2 55 57 7 68 26 0 15 45 58 37 87 77 39 79 88 74 49 0 23 19 82 0 43 100 49 94 33 52 92 22 49 60 33 24 88 42 2 85 98 51 36 86 63 87 7 55 30 85 11 44 76 88 83 15 29
39 50 93 81 19 96 76 60 40 72 79 48 31 87 49 81 9 15 54 35 23 23 19 81 23 6 76 36 49 43 13 9 48 10 94 75 91 73 14 43 49 67 50 88 75 80 54 52 10 5 97 40 92 97 55 56 31 9 35 46 70 13 6 73 8 71 88 3 46 97 24 42 55 71 4 15 60 62 62 40 95 20 37 75 72 5 0 59 13 4 76 16 83 57 84 34 79 89 77 61
3 94 14 89 40 52 69 49 85 41 72 1 13 20 100 77 20 77 67 12 5 79 43 82 73 83 9 29 94 53 31 74 21 12 9 95 61 24 11 21 86 0 72 5 8 62 100 86 93 43 100 86 11 61 22 45 50 12 58 26 18 59 96 66 98 55 19 84 48 76 27 44 53 100 46 95 48 61 88 36 99 65 7 48 2 98 66 53 17 68 0 86 72 70 81 25 59 91 49 62
4 74 50 64 63 92 90 72 44 85 23 53 2 10 68 14 84 16 30 51 62 77 66 48 2 74 25 93 70 79 100 26 30 20 93 19 48 61 11 32 49 34 31 96 68 7 1 80 73 38 80 100 41 100 75 71 85 6 42 17 66 80 58 66 78 27 3 19 69 21 26 25 60 22 83 42 54 6 66 30 81 12 3 10 53 98 43 81 77 81 98 57 42 20 26 25 63 11 53 24
46 16 6 23 39 20 58 29 20 10 67 40 50 5 30 78 98 75 42 79 60 10 89 40 61 35 64 64 45 63 7 91 30 79 47 18 43 0 74 34 37 88 84 19 34 56 84 46 60 49 85 72 91 1 96 74 78 72 78 17 10 0 71 84 63 56 45 40 56 38 77 87 36 60 78 50 12 26 90 49 24 1 53 62 42 88 7 20 83 55 13 94 51 89 18 18 97 83 65 30
25 16 82 13 3 95 30 50 58 64 24 23 80 73 87 29 54 35 80 10 89 14 5 27 53 17 93 59 4 86 81 33 5 34 59 20 99 72 42 38 81 9 58 11 62 85 60 4 66 41 3 61 52 59 88 76 19 33 8 98 43 79 54 43 41 13 72 59 2 54 39 19 15 76 7 9 3 18 22 81 41 88 91 30 11 43 87 16 55 4 66 12 89 28 41 50 38 75 94 3
66 46 74 69 33 44 71 49 12 97 22 27 75 3 71 93 38 17 86 32 27 58 99 51 9 3 89 89 33 42 10 49 97 3 27 48 94 55 81 27 60 48 58 12 21 98 86 1 87 88 19 58 51 9 42 33 12 20 31 12 8 82 49 30 43 5 96 13 37 52 56 98 88 22 87 45 24 54 56 100 78 88 37 76 77 18 40 40 55 75 65 99 29 90 57 96 5 3 24 43
92 63 44 28 96 6 16 96 49 0 55 1 28 2 90 60 88 36 46 95 15 37 55 84 61 36 34 63 42 97 57 97 72 38 6 35 2 65 29 8 53 42 1 18 89 1 58 79 100 30 89 86 57 69 49 95 18 80 83 76 6 0 78 63 83 38 83 37 48 8 7 54 6 5 98 66 68 12 86 35 85 30 27 14 96 100 33 66 16 10 44 41 99 36 40 75 53 10 53 62
22 54 62 59 45 65 46 59 95 69 85 48 89 62 85 47 50 56 62 70 2 78 11 62 83 82 0 46 6 95 5 3 17 59 83 42 68 10 34 53 55 5 100 41 13 76 2 7 86 20 42 42 3 92 68 11 65 66 66 89 68 40 12 56 65 40 45 97 35 0 54 96 86 52 24 55 4 71 32 77 76 75 40 53 63 64 40 26 88 65 54 7 35 28 94 2 82 28 85 10
43 5 30 69 48 83 92 46 6 51 60 40 34 7 28 39 62 93 40 12 31 70 93 28 72 28 44 65 4 18 50 77 89 76 64 60 70 25 2 98 17 12 94 73 88 49 72 17 32 38 4 5 75 38 5 19 96 51 59 61 59 12 80 29 39 34 40 65 2 83 100 46 37 47 83 96 21 50 98 58 55 84 57 41 23 25 33 66 1 34 10 22 0 67 12 52 98 18 63 64
86 55 2 19 16 29 37 54 1 11 58 22 9 77 74 31 49 53 56 77 80 16 48 59 76 17 4 37 74 50 0 65 53 92 51 19 2 35 16 90 57 65 60 59 32 31 46 100 6 42 72 39 86 25 19 79 27 79 5 27 13 58 40 95 80 23 48 10 18 37 86 1 61 26 7 49 71 15 90 86 26 88 30 87 28 76 76 25 92 69 3 8 10 65 15 37 37 68 28 14
54 88 10 73 84 94 65 80 98 56 82 63 10 33 41 99 35 30 27 84 5 76 1 8 40 92 20 49 67 66 59 1 65 54 15 11 56 100 14 41 33 54 8 62 60 69 75 43 100 10 9 85 79 30 59 77 4 19 22 98 39 28 10 45 83 18 61 46 64 82 84 72 36 45 0 9 62 3 93 27 78 72 61 49 28 33 28 66 77 9 58 23 11 39 62 23 46 86 77 36
31 11 51 53 94 74 58 68 90 6 52 46 72 98 100 6 27 65 27 49 75 46 57 87 56 89 5 6 65 69 27 37 60 94 11 64 10 60 57 11 33 77 58 49 30 54 69 53 54 75 60 17 24 73 77 57 18 75 79 58 73 9 5 5 83 67 22 37 68 96 18 50 50 92 14 81 17 55 98 31 87 94 74 3 80 41 73 45 6 25 69 86 80 15 48 22 83 59 64 16
74 22 52 98 93 39 65 25 75 59 24 70 72 76 71 14 17 51 10 86 21 87 69 45 21 74 31 97 75 32 81 25 84 7 80 98 13 8 83 93 14 0 23 52 80 81 33 57 80 68 63 62 52 31 56 61 69 35 99 81 97 4 15 53 74 45 90 22 94 95 97 51 77 48 43 27 70 19 73 45 36 70 66 44 71 50 20 40 54 63 85 44 67 75 77 97 92 36 0 73
23 70 22 67 76 75 82 3 55 18 15 28 30 61 41 83 88 90 60 100 61 61 16 50 98 33 31 30 79 67 26 72 79 45 63 15 25 81 89 84 57 34 70 86 45 80 100 15 70 11 30 63 17 67 1 11 8 53 8 31 21 23 89 30 61 97 13 11 37 51 12 83 51 15 19 75 98 67 50 57 29 81 74 49 11 16 81 85 24 88 14 44 18 27 58 71 88 73 46 44
47 96 28 13 31 87 100 32 28 38 94 44 32 48 73 42 26 12 28 17 93 89 80 17 88 8 63 92 41 28 83 9 6 90 3 12 69 48 9 26 3 33 84 88 25 50 62 86 100 16 26 33 90 51 42 37 76 57 91 77 15 43 91 36 42 90 85 94 36 97 87 58 70 94 88 16 16 33 97 64 21 29 23 8 22 42 45 71 90 80 35 64 17 6 4 48 89 94 84 82
17 71 70 40 18 55 14 16 89 12 66 88 95 9 13 95 93 19 88 45 30 94 68 24 72 2 78 60 96 56 35 53 81 65 58 37 85 36 47 97 30 6 97 80 16 70 3 5 89 62 10 73 78 13 18 57 54 77 34 37 9 99 87 3 30 35 50 100 40 58 33 46 23 8 11 33 9 74 92 71 25 5 10 64 1 4 22 37 74 71 39 75 95 21 50 22 78 32 90 69
1 94 20 79 72 45 90 78 4 27 27 13 76 71 45 56 8 27 39 64 53 75 56 57 37 76 40 63 76 32 8 18 96 87 95 81 17 1 56 52 50 13 16 61 25 53 41 12 58 71 68 48 71 26 5 24 25 32 31 58 61 2 25 57 4 42 81 1 86 68 16 45 19 64 4 46 76 98 38 38 61 92 52 24 70 72 84 24 90 64 9 71 85 36 77 97 88 48 93 96
98 10 8 36 36 46 71 39 27 54 92 11 28 0 24 23 94 95 28 80 28 67 34 41 98 24 13 55 49 59 31 52 13 36 40 47 64 74 46 72 30 1 89 59 31 75 1 94 56 93 9 74 82 53 45 2 7 41 47 87 43 100 42 38 67 9 91 74 68 95 22 66 17 47 20 55 51 32 42 25 14 20 46 40 0 66 63 95 44 90 99 83 16 82 44 67 1 6 17 88
97 62 99 76 1 83 81 73 43 71 81 81 48 52 93 41 16 57 24 91 27 2 92 15 33 22 96 78 63 61 87 56 85 88 14 97 24 35 95 73 11 82 74 14 90 95 53 63 36 95 39 64 25 31 97 88 43 25 3 67 13 64 13 93 23 90 17 15 37 2 24 9 76 47 90 73 20 63 66 28 59 21 61 7 3 85 22 25 29 38 8 83 96 55 76 12 15 70 11 25
81 13 53 0 8 53 27 73 12 32 53 12 53 14 100 20 7 8 95 24 60 82 14 50 48 15 13 55 86 84 69 55 92 5 95 71 13 80 77 6 28 90 99 54 21 74 36 97 29 48 70 34 31 88 22 62 14 23 13 74 97 83 91 46 67 22 88 47 99 47 36 61 78 20 60 78 11 57 32 77 2 31 97 45 36 81 68 9 97 15 99 64 46 18 4 97 97 11 4 2
79 36 1 76 81 63 33 60 50 52 3 63 7 87 24 23 51 98 87 33 3 71 90 9 17 7 31 76 69 64 93 30 23 80 40 24 28 49 66 2 80 67 57 29 24 2 17 17 11 86 82 13 6 99 92 38 33 69 62 85 73 99 66 24 27 50 79 47 28 85 24 92 35 54 63 75 62 7 94 41 20 8 79 11 10 93 59 37 97 30 100 38 13 15 5 73 47 56 37 83
59 11 100 32 17 87 16 20 60 44 66 84 35 79 63 64 86 94 70 73 1 96 38 4 0 22 13 8 59 43 55 65 8 15 3 62 49 69 19 28 89 53 11 91 13 27 7 78 37 99 95 74 49 10 30 1 31 19 79 63 0 100 35 41 42 93 74 8 81 7 61 82 53 67 94 96 42 20 99 49 73 22 6 66 36 88 82 41 44 58 99 7 23 64 96 82 65 91 90 55
24 25 71 74 64 62 36 56 34 53 4 93 22 49 91 88 35 26 64 57 40 88 61 51 92 82 60 67 80 91 5 77 31 32 99 75 60 73 29 60 78 54 72 40 95 84 96 23 76 23 3 96 2 0 85 66 81 48 100 23 55 72 12 16 4 49 54 66 9 39 93 87 19 38 74 6 75 78 17 7 68 4 24 24 43 39 65 81 86 59 6 34 1 79 34 11 73 20 23 29
50 53 6 34 80 91 67 19 90 68 91 30 74 36 50 59 100 89 96 98 43 17 9 88 51 2 59 21 100 26 81 100 16 42 95 32 31 11 93 28 59 64 61 6 87 15 80 15 77 46 75 56 56 93 0 56 62 12 79 38 11 48 87 28 0 18 32 8 51 28 77 37 29 38 15 95 3 36 56 82 7 65 52 99 92 70 27 44 58 23 0 61 83 62 90 47 79 45 92 18
44 28 32 17 1 97 18 23 60 12 81 94 73 25 27 84 23 3 19 61 49 22 93 95 23 31 26 74 1 14 33 45 97 29 33 97 5 47 43 3 86 52 6 5 51 10 91 27 25 98 33 83 54 28 37 81 14 45 36 56 28 43 58 4 25 68 57 12 1 4 68 37 20 36 37 55 44 25 81 4 89 18 85 78 29 3 82 49 65 88 86 85 17 57 99 8 13 74 65 15
1 49 92 14 23 34 83 80 81 49 39 35 59 4 36 96 81 26 32 85 66 81 59 73 72 90 5 77 80 10 22 64 64 28 27 16 1 67 74 36 6 67 58 72 51 95 6 20 81 41 78 19 40 78 46 43 7 44 43 4 45 17 71 61 94 90 84 48 34 3 77 38 85 59 7 89 28 50 67 91 93 58 76 64 22 83 34 48 37 22 48 26 42 21 35 47 58 97 99 64
66 27 38 21 71 83 59 88 91 35 86 87 21 12 46 84 40 43 46 68 4 91 41 59 10 86 79 13 93 10 73 30 65 75 81 98 49 58 36 32 10 10 79 14 82 53 41 19 30 84 32 73 12 74 31 13 100 77 11 25 88 46 0 83 73 19 42 8 19 6 21 98 77 1 28 48 75 19 81 27 17 91 65 64 99 58 6 73 51 65 89 76 64 28 27 94 25 35 29 24
4 19 8 48 96 71 52 12 8 21 53 57 30 32 80 32 1 31 38 99 66 36 41 24 69 94 57 97 56 53 16 46 35 73 77 71 7 70 81 9 24 90 39 40 47 60 20 44 92 91 69 53 0 59 81 93 19 4 41 38 83 94 92 39 93 28 60 21 32 52 85 36 53 29 94 32 56 44 21 44 62 27 53 31 75 14 43 0 97 51 33 86 2 2 78 4 46 35 74 92
21 54 34 1 11 45 45 95 3 6 65 7 58 4 58 73 46 49 73 47 37 36 71 23 10 37 9 51 38 18 35 73 100 72 88 11 20 31 94 15 67 25 60 75 73 62 1 1 69 98 83 55 2 28 53 67 87 16 94 78 18 31 20 5 24 15 80 66 73 92 48 65 63 50 4 81 86 3 77 23 5 80 29 88 33 93 87 84 70 55 86 48 15 11 60 95 31 52 29 62
95 68 50 65 1 9 1 55 45 40 85 0 9 95 74 66 27 53 40 15 86 6 32 17 79 12 83 40 67 40 91 88 68 72 81 7 15 77 73 48 63 0 0 36 100 22 35 27 6 13 16 70 25 32 35 16 71 86 78 85 100 62 17 17 28 51 89 42 78 78 93 9 88 74 38 54 96 72 83 58 91 76 57 73 72 56 90 83 54 2 13 14 79 75 53 83 1 17 98 78
13 47 96 15 90 85 53 44 1 26 9 75 32 55 48 38 90 3 38 44 80 89 2 94 52 38 10 86 91 48 57 71 21 70 55 46 67 12 29 9 44 85 6 96 75 50 57 19 99 50 93 40 70 39 67 15 47 96 24 99 48 92 13 5 87 65 77 9 74 39 57 27 28 84 91 38 98 15 13 58 28 37 69 74 71 19 48 41 34 60 75 90 47 60 63 91 67 62 56 38
40 5 49 17 32 86 58 20 22 97 97 67 39 86 10 81 71 0 2 79 8 93 50 66 50 45 27 95 98 24 9 57 65 27 61 94 97 69 71 77 32 58 0 6 39 7 94 92 67 44 30 35 2 9 1 43 76 98 73 52 19 40 21 5 15 17 94 35 75 85 75 89 91 62 99 13 66 86 57 95 53 37 16 88 94 96 23 80 65 99 78 4 57 28 67 100 15 93 10 38
7 21 90 71 35 26 7 90 52 29 60 70 84 72 19 36 3 31 95 88 67 35 0 13 88 59 3 9 80 65 62 28 35 84 17 82 6 42 59 56 4 56 95 48 30 40 78 97 29 18 20 99 92 55 85 56 58 36 65 29 71 72 90 34 48 71 49 52 41 27 25 89 45 92 24 97 90 73 5 66 1 45 47 59 59 5 97 5 45 11 46 16 80 37 72 80 78 48 24 62
54 2 54 82 57 72 80 38 39 28 23 75 49 89 17 60 0 85 0 73 41 59 43 15 21 91 60 54 45 31 43 68 99 67 98 62 75 38 21 68 85 48 61 47 79 22 58 92 43 4 42 84 97 53 92 5 100 14 69 9 70 97 94 58 24 22 42 38 14 64 0 54 17 11 56 35 94 23 4 26 87 97 11 43 23 63 30 52 68 10 45 3 42 67 81 51 87 54 90 2
81 39 98 69 12 77 100 99 89 12 69 66 74 32 26 59 56 0 19 57 75 43 85 16 13 47 13 40 54 2 66 21 83 11 62 66 77 14 26 2 36 22 82 27 67 28 19 22 93 32 100 22 56 70 78 100 96 24 74 82 62 95 23 47 83 84 25 8 52 72 53 83 58 57 79 77 30 89 90 61 80 61 27 25 82 88 23 91 78 60 22 3 18 15 42 42 99 62 27 52
36 48 3 8 56 15 74 76 1 6 24 77 24 56 17 34 6 97 58 24 15 48 65 21 45 68 99 66 91 58 54 20 3 79 88 92 56 86 20 0 15 13 54 24 56 66 15 66 45 45 28 35 2 47 70 98 89 45 74 4 52 86 39 44 66 4 13 50 49 51 94 60 26 15 0 53 19 36 45 17 51 97 72 58 38 76 45 20 61 52 61 22 88 69 91 74 77 86 26 30
11 60 29 85 55 64 86 88 21 38 0 53 65 43 53 36 48 5 21 20 17 40 51 3 1 18 40 60 30 4 53 51 86 12 7 71 80 99 44 56 93 35 54 0 68 35 70 32 58 26 75 1 76 51 64 60 32 57 3 68 72 80 58 2 3 81 98 13 25 11 95 13 87 4 39 39 68 33 52 42 40 70 13 16 11 14 74 85 9 82 60 75 50 97 22 90 68 65 78 18
56 57 31 50 35 8 69 92 33 54 67 96 33 96 79 76 3 54 22 49 11 32 84 91 36 40 58 16 67 73 0 64 53 7 68 53 72 97 80 7 19 11 35 95 26 91 78 84 73 8 11 30 74 24 93 28 89 10 3 60 93 39 90 78 97 77 56 88 18 6 12 59 49 31 55 87 11 57 1 85 17 5 43 95 40 47 14 76 28 15 63 38 31 98 6 45 47 14 38 59
78 49 0 64 40 75 97 22 26 37 74 17 100 89 98 4 63 29 75 63 99 80 96 44 53 74 24 82 65 41 88 35 86 62 75 74 4 94 44 77 17 53 42 44 36 100 83 81 53 25 91 28 17 8 89 60 38 88 89 53 48 74 84 83 39 33 19 55 76 0 80 5 24 53 46 32 34 72 58 94 79 89 31 82 38 9 79 9 1 51 64 41 71 82 15 55 42 80 79 50
32 1 4 92 11 64 27 41 85 52 2 87 19 94 40 59 29 47 47 90 100 21 53 88 23 25 93 12 31 38 73 61 67 85 59 72 69 43 0 48 53 84 20 47 30 50 13 63 20 96 32 69 18 93 61 59 11 82 53 18 49 7 64 16 32 43 81 16 3 20 92 5 90 32 42 4 44 93 21 87 69 51 84 65 19 88 98 59 2 26 30 94 68 19 95 84 33 56 93 91
84 29 92 90 20 10 75 80 7 70 41 74 60 24 9 66 95 89 2 10 5 9 13 86 75 80 40 40 55 1 59 41 70 10 83 88 22 90 60 83 48 32 31 55 62 28 49 23 59 13 46 91 51 61 12 13 85 13 6 13 60 92 40 29 20 28 44 33 43 57 56 99 22 23 71 22 84 93 70 26 86 50 50 50 0 97 59 5 99 18 32 32 100 9 15 13 5 70 33 100
37 59 42 20 53 43 36 40 83 65 25 12 59 1 67 85 37 12 20 5 80 47 35 48 26 81 76 59 43 15 77 73 74 77 1 80 73 64 20 66 65 48 32 36 53 93 55 11 85 67 44 37 0 7 74 63 59 8 78 87 38 17 86 6 97 67 14 57 95 68 45 42 76 17 1 91 76 100 31 97 71 69 15 51 81 56 22 4 47 25 3 83 68 99 9 67 70 10 41 35
46 75 19 56 67 83 7 78 96 83 58 3 16 88 63 67 49 61 74 49 61 46 5 95 89 9 96 89 72 71 0 29 39 97 71 90 94 0 70 96 36 28 28 22 4 45 65 35 37 73 64 49 96 84 34 35 34 78 14 47 6 36 34 18 85 71 92 80 38 51 82 9 98 61 82 68 99 42 2 65 8 92 68 19 45 37 47 8 50 84 99 81 50 56 96 85 6 93 89 9
36 47 77 26 34 59 60 47 9 40 11 59 14 78 66 92 62 79 12 33 59 30 37 26 61 60 74 82 84 57 30 70 48 91 40 15 99 98 57 84 9 25 77 10 69 100 26 33 21 18 75 17 92 42 67 9 81 29 67 76 95 24 17 88 27 33 22 77 99 97 88 92 74 8 41 10 30 59 65 21 97 89 77 38 39 78 62 27 3 99 77 6 14 9 28 39 62 8 42 10
72 77 23 52 9 39 46 66 22 81 18 7 90 78 66 67 78 60 95 6 0 100 21 37 92 60 40 45 95 12 69 2 67 39 39 81 41 71 67 3 77 52 14 59 89 24 73 54 87 89 40 71 13 100 36 22 12 30 50 5 5 3 78 23 36 8 21 69 74 38 2 6 6 91 55 3 6 32 53 99 97 86 39 64 71 7 32 57 85 58 99 96 80 39 61 71 99 34 89 16
82 75 73 79 6 58 93 28 4 19 92 45 48 75 97 49 6 40 45 96 88 66 36 31 95 80 2 10 37 81 3 95 71 63 40 35 8 71 46 61 59 96 81 60 35 11 83 66 80 45 87 55 66 4 27 90 99 6 95 53 9 75 52 28 6 75 70 49 67 58 1 48 84 55 20 64 5 32 24 28 83 61 31 15 91 22 34 5 61 95 74 70 98 99 84 94 84 45 19 19
7 59 41 51 52 57 30 55 55 38 57 31 39 83 60 96 40 92 28 100 26 53 24 40 4 19 20 28 72 59 98 80 87 87 32 77 91 89 72 6 52 16 39 42 5 81 80 29 95 18 57 60 67 32 11 34 41 8 47 79 16 11 68 4 91 79 51 48 87 56 63 76 45 70 49 55 73 82 3 3 33 24 68 41 69 79 22 89 19 69 83 35 60 76 40 0 11 88 49 77
73 13 30 48 85 62 15 82 16 2 7 23 82 57 28 92 73 30 47 24 76 37 53 43 6 88 39 29 43 8 30 62 51 96 11 29 32 48 94 86 100 65 46 39 42 52 47 84 51 35 45 18 72 30 72 13 12 25 17 63 54 18 67 0 36 3 90 35 9 78 66 2 16 22 83 0 54 11 53 23 61 75 71 89 96 17 75 48 30 20 45 81 36 91 63 61 39 86 4 49
93 57 41 32 95 21 72 98 92 57 83 58 65 57 6 91 84 13 69 51 96 52 14 54 8 83 52 11 36 48 96 91 71 12 45 79 19 41 44 64 47 46 0 5 25 1 24 66 38 44 42 66 27 46 11 28 14 29 69 90 96 23 34 4 14 1 26 40 15 81 19 22 66 46 38 7 25 23 58 54 90 33 2 74 60 9 67 30 43 96 92 53 17 40 1 13 84 54 39 2
83 20 100 4 11 65 84 59 76 39 78 28 44 75 61 56 25 43 3 15 73 83 14 17 30 2 5 44 57 31 86 51 7 38 39 53 84 59 78 58 21 66 25 69 63 96 24 72 34 90 78 74 62 96 10 18 38 18 19 62 55 79 95 56 50 2 84 56 68 22 46 85 92 86 98 24 95 29 88 13 74 65 92 36 19 74 88 38 50 57 14 98 49 78 3 92 91 25 26 60
26 60 44 31 19 71 93 91 69 43 68 23 92 13 13 33 26 26 67 6 69 84 84 19 73 44 4 43 62 83 79 84 87 52 88 75 19 58 24 65 60 39 47 68 36 3 97 93 21 86 85 56 61 8 70 93 78 52 47 61 98 57 48 50 28 29 91 60 48 18 93 77 53 33 22 97 34 61 99 93 21 50 36 13 29 73 72 77 23 80 84 35 96 87 42 43 49 95 79 67
44 54 7 11 54 58 52 87 42 21 29 44 24 33 54 10 15 93 13 8 49 30 37 53 78 88 39 69 91 84 15 12 92 59 17 89 23 2 21 92 79 100 42 18 86 4 66 35 10 9 2 20 59 41 90 94 22 0 45 45 4 56 48 37 80 69 48 79 43 46 24 88 53 17 84 46 55 93 29 6 79 8 11 80 3 97 20 63 53 1 29 34 68 25 85 3 32 40 75 40
24 5 82 82 93 3 40 63 8 73 40 62 37 56 51 56 50 75 88 55 62 60 7 18 66 100 79 87 15 44 21 52 91 22 96 53 9 20 93 14 100 38 47 69 83 49 19 79 48 26 11 10 70 13 38 78 14 1 22 65 13 79 35 56 85 4 46 35 67 5 96 94 70 62 24 5 8 90 83 77 28 90 63 87 92 30 53 47 52 89 38 44 49 24 68 45 62 46 87 51
99 24 42 96 98 19 67 81 74 95 39 2 71 19 84 14 60 60 12 5 59 24 22 91 42 97 45 44 71 89 42 93 50 83 11 16 68 88 6 51 31 57 67 67 30 8 0 50 44 5 65 45 85 46 89 75 24 64 96 4 37 51 4 6 31 52 17 69 27 17 56 80 60 94 15 37 39 35 62 42 52 38 56 2 92 79 72 51 30 68 48 97 10 78 30 21 94 59 70 15
100 39 42 62 53 81 97 67 62 55 46 50 73 77 63 12 97 74 96 50 80 58 25 37 59 10 94 65 0 46 10 56 47 88 65 41 12 11 33 82 1 98 75 82 20 43 84 32 56 55 64 31 18 99 18 64 34 97 93 6 12 22 52 30 25 46 73 75 31 100 99 94 51 10 46 20 81 45 43 89 86 1 99 70 32 63 88 86 70 60 34 45 99 48 90 68 35 70 93 3
73 63 56 81 27 71 30 6 35 49 93 43 57 33 84 20 25 27 81 93 0 4 55 10 88 11 25 49 46 28 83 55 2 20 11 43 62 41 50 60 82 73 58 39 5 41 99 76 1 1 47 92 46 92 86 90 73 45 14 7 47 42 11 83 96 99 49 74 57 42 22 40 8 48 31 99 89 74 62 18 34 52 59 27 75 45 95 83 96 7 71 6 85 35 39 93 83 21 62 27
51 2 3 23 58 19 92 68 79 43 85 30 51 24 29 88 93 77 56 38 27 36 95 99 18 25 77 0 22 27 81 68 61 22 53 94 48 19 9 23 42 67 26 85 100 92 70 90 73 75 74 74 56 59 73 86 17 9 74 4 4 20 41 72 56 13 16 82 23 44 3 54 9 82 16 97 8 57 17 76 61 39 1 33 54 12 6 29 63 38 32 61 42 52 0 1 93 94 77 76
4 34 82 33 46 70 27 53 55 14 97 37 44 11 27 90 56 66 21 63 48 74 36 60 39 30 72 97 10 21 55 54 24 59 32 66 56 20 58 94 44 58 93 5 13 66 14 36 44 97 35 28 45 8 66 42 82 4 8 91 95 35 84 10 28 87 76 91 16 97 90 10 65 78 84 100 42 48 84 46 50 15 75 15 0 51 22 69 59 19 64 89 10 4 24 23 73 88 28 66
68 90 52 3 85 38 62 74 56 59 29 90 20 20 9 50 80 97 37 25 43 53 94 61 20 57 64 18 37 28 0 60 69 28 6 86 67 30 46 22 62 26 64 38 64 15 51 37 88 79 89 76 77 76 97 66 68 87 79 16 28 71 5 98 46 67 0 2 76 34 41 36 35 16 6 84 97 72 50 7 61 95 92 25 86 77 41 94 52 84 14 86 96 30 92 87 60 76 30 11
91 8 20 48 0 15 47 81 81 78 1 69 69 72 59 94 9 17 28 99 84 63 66 11 39 62 14 1 51 41 66 38 6 41 21 19 28 95 54 4 92 62 67 56 0 12 77 31 5 14 86 63 42 8 91 93 58 42 36 3 63 33 8 73 0 7 21 96 86 42 43 8 83 81 29 89 70 85 7 0 95 25 83 90 15 48 19 90 1 42 99 23 88 42 25 40 62 82 85 32
81 94 24 58 53 58 60 21 16 52 13 86 14 100 100 96 71 12 75 51 16 11 0 77 64 72 2 48 89 23 57 91 8 85 29 95 8 29 72 49 68 93 57 71 64 44 54 13 1 63 76 61 22 20 95 45 16 60 37 31 39 6 5 38 14 22 96 49 99 47 99 91 26 21 22 8 45 87 73 90 16 82 90 80 37 74 76 48 3 62 97 97 55 7 87 95 63 10 89 95
64 38 68 20 44 45 33 65 78 92 19 100 95 0 97 50 95 49 32 80 8 18 10 34 70 8 32 31 0 15 25 68 88 69 42 5 15 91 71 73 88 5 91 23 30 71 39 96 51 28 15 45 1 68 13 97 89 55 21 86 0 96 6 0 1 16 14 42 49 76 96 11 57 97 59 13 44 28 52 15 54 47 48 56 52 8 77 74 83 39 7 85 9 33 68 60 42 21 29 33
34 42 60 19 70 93 76 6 11 39 27 12 26 48 34 61 79 56 29 15 4 9 44 32 80 81 35 47 59 24 31 38 59 80 57 93 62 35 75 57 17 75 14 8 7 43 12 24 40 9 90 27 78 16 27 81 30 77 71 48 55 28 3 72 91 47 59 20 24 92 75 60 89 22 43 98 91 2 88 76 45 74 29 100 92 32 81 14 1 26 67 4 67 24 71 86 11 28 58 55
70 49 99 58 96 7 54 77 31 35 29 45 4 98 77 59 53 48 26 100 6 54 23 96 53 59 81 21 51 3 78 24 98 59 20 6 15 46 83 85 98 50 61 92 59 93 99 17 73 54 61 30 18 15 17 58 65 89 72 66 11 27 3 84 79 17 77 56 59 98 39 54 28 93 80 65 35 57 16 18 28 0 14 7 100 7 82 60 99 92 51 19 81 27 32 38 32 2 48 39
33 3 60 74 10 7 26 95 64 34 56 59 7 95 28 99 98 62 96 39 22 31 53 61 63 27 91 48 89 92 85 44 98 37 2 74 34 42 2 13 33 7 51 79 24 24 11 25 16 43 100 99 74 7 83 43 92 3 54 19 96 61 63 82 85 95 80 26 21 89 79 56 89 86 24 60 85 78 46 82 97 19 43 87 7 0 15 39 2 70 54 31 95 30 18 41 88 91 20 22
96 74 4 3 4 22 71 68 18 35 68 81 83 13 72 54 68 37 12 23 15 5 95 82 68 44 76 23 91 45 16 29 81 80 2 92 83 45 79 44 96 0 6 100 9 8 29 44 97 50 12 66 58 89 47 75 17 38 5 63 16 60 32 88 68 19 79 34 61 15 16 97 68 44 70 59 92 52 25 81 68 50 99 39 45 49 76 90 11 48 67 96 13 51 74 58 50 65 54 59
89 35 63 99 41 1 44 94 54 96 67 49 7 16 70 65 46 62 6 28 40 85 98 62 14 97 13 1 41 84 92 58 74 100 12 58 72 80 54 90 78 35 88 37 53 63 22 82 5 60 98 97 82 90 100 92 86 46 11 37 92 40 13 78 36 70 41 38 2 22 11 25 92 44 92 34 87 61 14 85 31 37 26 17 65 73 84 45 94 45 34 35 36 67 79 52 48 50 88 22
43 41 98 51 54 55 71 99 37 66 56 88 94 14 15 39 98 17 56 38 85 10 57 70 55 47 92 2 37 26 37 44 88 82 83 67 33 53 28 33 12 59 56 18 50 13 52 58 82 65 77 30 57 76 10 79 41 63 56 58 50 49 91 27 84 95 10 6 99 99 38 82 88 15 41 25 29 42 71 5 47 67 71 31 16 88 69 82 77 48 29 55 88 7 81 16 67 92 15 6
99 76 83 18 50 85 97 42 33 84 88 87 38 78 59 41 8 91 23 20 27 16 88 13 84 81 95 85 59 47 84 21 73 70 69 86 11 63 68 32 5 14 52 44 1 67 16 97 69 3 24 55 8 9 36 3 82 60 95 71 21 64 30 53 37 93 93 58 69 5 9 57 97 16 28 14 45 43 99 98 43 82 67 53 75 1 88 9 45 93 9 22 36 9 57 2 74 53 67 55
58 62 33 86 34 67 78 83 60 83 57 34 60 24 76 15 96 97 30 37 99 29 41 67 99 28 16 78 89 5 31 77 72 35 83 15 17 92 14 25 20 43 72 57 98 58 41 90 9 38 49 57 11 5 19 6 38 87 29 68 83 80 90 81 89 93 93 100 21 71 35 83 70 83 26 50 25 54 26 91 62 52 46 37 82 74 74 48 28 99 36 69 68 87 34 89 66 28 96 89
48 82 74 95 52 2 68 96 81 49 78 59 13 91 0 33 66 57 73 48 23 32 97 71 76 3 51 1 9 89 60 31 12 28 69 2 42 37 62 39 100 98 31 12 73 66 62 83 86 89 100 44 91 50 8 7 61 10 31 27 94 22 37 38 69 99 30 91 49 64 74 82 99 7 95 68 69 0 5 81 11 89 93 72 41 47 61 11 86 28 87 18 39 33 59 1 69 88 44 77
56 40 54 44 79 70 81 49 94 92 95 19 95 68 1 91 20 34 50 49 7 26 100 65 87 4 4 46 89 70 32 14 97 99 33 5 22 34 29 66 59 30 56 42 53 28 6 43 71 14 31 25 53 62 66 41 84 33 31 98 48 15 65 79 61 12 83 21 28 8 6 96 27 59 93 11 52 21 13 30 94 85 1 48 39 16 34 23 85 63 33 50 61 69 46 25 27 67 100 7
