100 100
100 100 100 100 100 100 100 100 100 100 100 100 100 100 100 100 100 100 100 100 100 100 100 100 100 100 100 100 100 100 100 100 100 100 100 100 100 100 100 100 100 100 100 100 100 100 100 100 100 100 100 100 100 100 100 100 100 100 100 100 100 100 100 100 100 100 100 100 100 100 100 100 100 100 100 100 100 100 100 100 100 100 100 100 100 100 100 100 100 100 100 100 100 100 100 100 100 100 100 100
10 30 36 57 28 12 41 76 78 98 62 98 90 94 34 80 17 54 79 49 19 50 64 1 92 69 62 70 84 6 57 87 75 10 59 81 54 76 85 21 11 0 16 62 18 3 39 38 76 65 56 5 47 33 54 90 80 82 39 46 26 12 96 57 79 32 85 68 78 50 4 44 83 69 73 42 77 65 93 23 9 28 40 7 94 83 12 50 53 78 30 90 100 98 1 48 92 76 43 61
62 81 89 94 41 52 89 36 66 6 22 97 12 41 61 45 76 79 10 93 39 78 63 12 12 93 94 77 47 59 53 51 16 43 48 99 32 76 1 99 57 82 30 56 61 43 90 77 35 70 76 91 82 37 11 79 83 63 23 1 86 28 58 72 8 65 21 74 11 39 76 68 77 88 12 71 91 89 58 11 41 91 79 46 53 1 90 98 67 32 81 9 50 37 74 63 4 54 5 62
19 57 67 50 43 23 6 76 41 28 71 70 67 28 22 14 64 94 51 52 97 79 95 13 11 77 89 69 12 90 2 9 27 62 65 88 68 98 44 8 16 65 95 43 44 67 45 76 81 87 19 76 46 78 54 7 62 94 16 40 1 37 71 71 5 22 96 11 32 21 66 23 73 48 54 85 34 48 10 43 95 39 65 47 38 87 14 0 96 24 36 84 2 46 82 75 85 67 45 66
29 46 47 99 18 32 46 65 86 18 97 18 47 88 54 80 87 98 70 27 2 54 77 31 66 99 76 38 6 21 80 75 37 16 7 49 8 83 71 57 96 86 45 50 85 8 83 86 23 33 25 70 68 67 55 53 53 88 80 88 10 72 64 44 46 6 59 48 13 58 21 14 100 47 31 40 23 8 65 39 40 96 85 38 70 15 32 92 80 7 30 71 60 36 91 29 70 93 84 30
61 15 97 66 22 6 16 13 58 44 41 41 29 66 79 100 16 52 74 21 38 38 96 14 67 31 87 99 8 71 76 60 19 71 20 83 21 8 16 90 25 93 1 57 25 29 67 4 21 59 2 53 62 35 42 5 91 26 18 17 3 28 95 59 62 2 27 62 44 34 29 11 8 39 78 81 81 100 61 65 73 98 89 46 17 45 80 24 72 44 70 94 86 18 99 34 18 42 10 62
92 11 25 48 20 70 6 27 42 42 70 9 59 51 9 5 11 33 57 19 97 26 14 61 41 99 51 35 66 67 10 5 0 47 77 11 58 96 3 74 0 38 67 31 25 68 86 16 90 86 11 71 67 95 65 8 80 69 66 48 76 34 61 61 9 20 59 16 36 90 46 74 42 18 99 95 46 4 31 13 45 93 5 0 89 72 100 64 16 75 58 5 7 23 81 54 57 72 13 78
5 72 40 78 26 17 51 58 6 58 41 67 40 73 23 9 63 7 74 28 76 36 72 7 18 35 34 85 20 14 7 95 76 32 95 54 54 11 75 2 15 77 66 92 47 39 59 3 50 59 56 83 88 35 98 53 62 35 12 90 53 61 61 18 6 48 57 89 85 70 65 75 74 8 56 98 43 73 88 86 82 76 48 73 78 58 66 22 31 8 15 65 13 21 19 30 7 42 32 25
5 78 25 9 98 58 100 34 62 72 0 47 72 22 95 29 65 6 4 0 12 23 63 6 90 35 57 64 23 69 71 56 27 50 25 31 45 34 59 83 75 65 20 72 24 0 45 93 65 29 24 26 2 80 58 58 77 83 49 35 40 79 72 6 90 0 14 72 44 30 32 45 33 80 4 100 91 53 90 6 26 100 66 79 39 3 87 11 13 96 46 90 50 73 66 0 42 45 19 81
92 57 33 16 42 69 8 40 54 7 13 18 77 64 15 96 6 57 37 11 46 4 57 15 100 86 57 91 96 73 35 62 1 8 12 26 82 22 55 15 47 1 43 51 81 97 27 83 39 81 97 73 55 43 68 10 77 26 72 66 0 67 86 94 35 32 10 51 87 38 96 28 11 58 91 63 59 77 6 15 15 20 35 81 14 70 61 74 25 40 38 45 85 39 0 10 75 19 87 59
72 40 71 62 44 83 34 8 2 80 33 53 69 99 80 65 60 61 96 6 16 95 58 90 12 84 52 85 60 53 57 29 29 13 69 80 73 97 48 68 27 74 53 74 80 33 100 94 76 35 40 24 93 50 53 13 86 33 83 38 5 41 83 20 44 99 70 32 34 78 36 52 91 0 71 31 95 37 7 58 6 75 13 72 81 86 39 76 44 53 4 100 37 81 33 33 60 40 73 63
1 59 10 99 55 62 17 0 74 99 43 53 33 78 82 0 63 17 48 62 65 22 95 5 57 76 99 75 42 30 75 18 35 2 84 5 20 26 60 70 88 36 26 61 76 43 12 89 98 38 35 94 65 68 21 82 95 66 57 4 99 22 99 96 9 67 11 89 16 10 14 90 89 99 45 55 3 3 22 75 56 78 38 58 18 81 85 55 10 8 7 93 4 53 44 91 51 86 41 14
36 41 40 31 48 3 44 51 77 12 50 28 31 22 23 6 5 73 60 94 57 75 85 82 1 2 74 54 75 43 80 46 74 78 26 49 50 88 80 50 60 99 66 74 27 73 48 76 13 5 65 57 6 74 39 78 96 45 44 89 70 91 45 73 90 86 50 43 14 12 28 46 85 27 7 45 87 34 18 33 51 56 87 18 90 42 0 26 34 100 98 41 3 45 33 6 4 6 7 52
67 94 82 73 59 97 24 62 46 55 39 21 36 3 14 33 40 20 94 96 23 3 14 4 27 89 5 11 14 70 81 68 56 36 23 74 22 35 23 63 30 87 63 30 30 5 100 17 7 2 64 51 68 94 39 91 69 9 4 23 43 63 58 34 43 31 50 33 13 0 1 10 24 24 7 65 18 95 90 72 66 80 40 23 98 13 71 38 86 12 43 15 59 32 15 82 41 78 93 36
38 73 97 85 82 71 93 28 90 80 85 53 7 61 72 6 98 47 61 67 25 83 60 63 26 58 87 73 28 59 94 43 49 34 83 11 36 76 4 52 77 92 15 78 57 87 50 4 67 12 33 46 8 14 0 67 22 15 29 15 1 38 81 36 60 52 5 35 66 19 98 84 84 6 55 57 85 39 93 83 83 70 21 1 87 30 57 44 0 85 96 16 38 11 100 43 14 43 33 70
49 56 96 8 87 29 90 57 16 21 52 21 26 75 18 74 2 83 31 25 32 72 20 62 12 13 24 62 87 72 80 53 21 93 40 5 37 36 68 15 55 26 67 46 70 98 53 58 33 61 64 84 9 100 47 49 86 12 34 55 69 5 59 66 18 6 93 36 98 0 64 4 89 17 46 95 59 35 17 58 15 41 99 26 10 16 46 76 25 71 59 18 67 11 2 26 70 61 80 30
31 12 68 87 45 86 42 93 13 40 35 39 56 82 49 77 29 87 49 14 95 73 15 38 73 51 45 3 45 57 32 67 89 4 74 84 9 36 76 66 21 1 32 22 26 69 97 22 21 43 22 44 42 93 36 19 55 89 28 78 74 62 20 83 44 67 64 81 27 68 17 78 25 42 28 85 76 33 79 90 10 83 80 43 63 43 33 39 91 94 53 36 80 0 64 70 41 29 4 55
86 35 14 80 44 54 24 91 40 14 15 64 63 87 96 57 26 31 78 17 1 59 98 100 91 4 99 22 35 32 77 11 6 78 54 21 0 46 49 80 98 61 8 7 21 52 68 15 41 23 35 1 40 51 6 95 48 96 25 79 17 41 49 44 49 33 57 36 59 45 85 77 96 28 13 92 38 9 41 98 87 11 59 69 23 88 73 47 72 37 55 92 29 78 58 3 3 21 74 85
100 59 38 49 14 49 12 26 34 89 44 12 83 21 44 46 65 51 10 69 25 50 32 33 61 49 52 90 6 97 20 30 73 62 54 20 0 94 66 28 80 13 53 42 65 27 25 98 13 87 16 80 76 57 90 21 93 94 26 74 6 54 56 4 34 17 69 10 67 74 88 51 35 24 63 52 98 0 72 13 100 33 2 75 46 86 58 35 46 100 70 48 81 77 5 76 68 25 95 92
38 37 1 48 96 53 48 68 42 28 18 49 13 36 80 42 26 24 11 19 5 56 28 50 35 77 45 21 40 51 61 72 80 36 45 64 56 17 86 76 41 10 17 20 85 2 58 43 81 87 55 89 33 82 24 85 33 14 33 91 65 2 86 31 42 43 32 0 39 77 58 90 10 28 71 22 7 84 71 32 78 11 87 88 86 59 65 3 62 57 31 92 38 44 5 6 70 31 51 38
70 18 81 35 99 68 91 97 53 77 98 89 31 72 22 5 32 98 25 75 0 45 52 40 61 90 89 4 67 10 75 22 30 99 1 63 39 64 60 22 76 5 0 15 56 97 29 4 100 26 47 99 22 6 20 33 46 52 59 55 35 91 69 99 57 45 63 6 87 38 35 24 22 7 34 66 27 44 29 99 36 57 83 67 90 69 67 26 92 66 7 54 23 46 71 58 92 85 61 12
65 23 27 7 45 10 33 42 6 16 57 14 48 13 40 11 81 19 96 1 70 5 6 55 6 90 1 7 30 41 37 34 20 98 95 67 90 42 97 8 70 60 97 67 81 50 78 32 43 19 61 68 67 67 39 57 39 0 57 54 50 18 38 12 4 5 88 93 35 62 12 4 92 44 70 87 53 58 62 24 38 34 76 17 15 33 62 75 66 32 85 52 75 7 44 56 94 32 14 73
86 62 5 35 73 96 48 88 68 27 67 67 87 4 72 63 38 100 73 7 44 56 35 38 56 83 98 10 73 97 47 72 27 28 87 24 88 84 93 48 90 5 79 79 58 63 84 49 80 84 85 7 53 50 27 29 37 51 85 56 87 72 96 43 62 90 64 79 87 0 22 11 31 72 91 29 31 14 5 56 97 59 21 89 25 13 90 40 54 50 18 49 5 62 32 39 61 23 89 55
62 41 39 65 73 58 72 4 77 78 81 64 42 73 31 56 83 5 36 28 59 89 5 63 21 99 93 5 0 8 61 15 45 65 64 4 0 64 16 27 48 54 9 85 46 71 26 79 53 17 74 46 67 64 17 55 95 41 7 12 74 48 60 33 72 55 15 40 29 89 64 100 64 13 81 32 98 14 87 45 41 77 16 61 94 18 88 32 26 12 29 28 51 23 65 60 44 64 33 97
47 44 9 20 92 40 30 17 6 62 34 35 40 33 44 88 49 58 42 2 81 37 46 12 87 45 76 10 95 100 53 96 12 33 79 9 84 24 47 86 68 18 95 60 38 58 58 90 54 95 77 69 93 52 64 64 38 93 92 12 57 47 40 38 40 67 2 53 46 16 58 30 33 92 66 25 97 58 16 62 83 92 26 73 35 87 77 73 2 10 50 2 70 72 93 26 42 83 100 57
55 100 69 16 58 73 79 32 66 16 90 46 59 82 97 100 99 17 73 13 81 13 91 79 19 92 74 82 14 81 94 59 4 57 36 55 39 14 64 13 38 38 32 10 70 8 8 5 11 39 91 76 96 73 16 28 27 6 100 76 49 10 65 32 14 40 32 48 22 4 94 67 50 18 77 28 100 39 88 3 43 46 92 56 70 51 68 67 55 20 1 77 82 82 15 8 86 65 70 9
75 70 61 15 87 25 12 64 78 13 6 43 55 0 56 60 78 86 30 28 44 78 38 49 31 2 66 13 67 63 83 79 8 78 0 86 13 97 51 44 100 96 79 2 63 26 24 42 94 70 79 29 71 97 58 82 5 48 66 80 21 73 43 100 87 60 10 2 12 19 6 68 48 42 85 12 89 40 93 46 39 19 100 27 0 5 10 58 38 58 67 26 23 3 46 74 86 11 96 29
31 39 14 34 91 1 87 29 77 74 47 14 92 98 70 93 31 12 11 68 37 35 71 22 82 55 63 76 40 49 41 12 3 42 32 65 37 11 23 37 45 45 15 50 46 93 38 78 25 28 56 62 65 67 7 70 89 26 50 69 85 62 83 45 97 10 65 6 61 53 15 15 12 76 87 58 54 11 20 89 33 76 69 2 65 65 88 81 72 60 40 68 70 12 11 6 93 32 82 61
82 83 13 8 15 92 28 8 17 84 72 93 82 26 78 26 51 21 59 79 54 0 38 11 27 40 66 54 87 27 92 63 9 27 37 22 10 81 24 95 45 71 34 63 50 29 88 83 46 2 2 45 39 77 15 34 51 34 7 20 47 92 83 31 51 81 64 85 24 56 24 57 93 94 90 55 90 83 56 14 49 0 95 90 76 30 23 63 22 51 5 59 60 1 1 57 24 78 74 59
29 43 58 58 76 69 96 27 88 5 63 42 14 99 5 84 99 17 79 51 65 18 29 75 21 20 48 63 98 71 34 73 7 77 46 91 92 4 25 4 51 34 18 66 89 12 85 62 56 71 82 70 61 71 67 23 43 38 79 31 77 75 68 26 65 72 29 66 19 84 9 69 87 27 58 0 86 63 36 37 14 57 39 91 0 70 95 100 24 64 92 62 15 63 38 70 100 77 32 94
64 90 74 94 46 23 65 70 68 81 14 70 97 81 46 67 51 72 61 82 84 32 71 85 0 17 88 43 62 36 82 91 23 71 57 95 70 78 46 67 78 23 3 55 93 83 47 53 84 38 85 4 75 50 40 77 75 46 76 69 91 38 70 97 16 100 80 60 61 53 43 90 95 27 10 1 44 57 93 52 3 88 12 18 55 91 47 10 36 45 65 63 54 55 79 6 34 22 34 1
49 32 58 83 92 22 23 53 59 2 20 5 40 60 15 64 40 76 91 58 77 60 10 99 36 46 74 3 96 81 57 6 20 23 84 8 43 80 92 6 93 53 35 92 30 39 23 18 42 58 17 26 97 90 50 28 63 84 4 22 44 58 39 88 71 67 29 26 76 61 52 47 47 38 9 85 57 87 48 86 42 96 52 79 79 97 98 54 95 4 15 35 99 14 72 98 81 47 81 90
3 40 43 47 69 64 91 58 40 82 26 37 11 47 69 10 99 68 38 43 95 83 13 21 19 71 1 2 84 37 48 58 54 60 50 31 36 72 58 78 60 84 1 93 100 49 37 68 56 62 38 20 84 82 51 69 3 84 11 73 61 95 80 100 58 39 20 12 26 15 54 83 76 80 26 8 4 92 95 77 20 0 91 4 96 75 39 14 93 97 4 32 97 43 47 64 76 28 69 71
79 72 6 44 47 6 46 7 95 67 36 7 98 17 34 71 24 36 93 72 23 88 17 34 14 84 89 41 10 27 100 55 50 9 50 22 81 18 89 78 84 82 17 5 87 82 99 14 22 73 29 16 14 72 41 77 97 5 87 12 93 74 62 30 75 80 10 2 57 44 89 85 74 48 45 98 10 7 97 30 17 62 82 50 74 22 35 85 2 79 96 43 64 37 58 100 19 58 47 10
6 98 25 1 68 51 4 79 62 97 14 8 5 85 66 2 81 9 38 53 95 76 64 1 67 6 91 39 21 84 4 36 68 91 43 10 56 96 52 96 47 35 56 26 66 47 21 54 97 38 74 5 53 68 38 24 24 70 20 76 96 56 72 73 71 94 20 93 97 41 52 84 61 55 29 22 51 55 2 52 28 50 6 49 69 22 39 5 40 98 16 72 21 32 70 1 95 24 73 92
62 1 93 18 21 87 31 79 6 31 10 39 78 82 14 78 80 25 22 1 26 18 78 39 13 15 85 4 26 10 92 51 19 82 46 41 48 26 57 57 64 85 29 79 69 46 68 60 66 12 1 83 46 31 35 3 85 51 71 9 90 6 34 71 51 7 60 46 40 84 13 43 27 71 0 26 47 18 0 52 57 34 91 2 63 81 65 25 1 91 91 60 79 69 8 21 10 73 96 18
66 35 14 41 53 48 50 81 26 99 48 80 30 95 30 76 100 4 57 44 80 51 36 3 80 28 76 43 75 6 28 28 81 29 19 86 96 48 29 17 3 31 97 14 0 4 76 30 74 64 92 65 71 25 74 27 32 72 70 24 1 28 48 7 30 62 15 10 89 84 60 36 53 97 48 48 40 79 72 89 18 12 63 51 21 48 45 22 87 18 45 50 63 19 38 53 60 10 30 0
48 48 25 0 21 83 50 73 12 21 41 27 45 10 8 79 37 25 4 43 24 60 9 81 45 49 34 73 11 92 55 47 54 100 33 21 41 33 95 85 15 43 95 24 32 24 30 51 58 66 38 4 63 99 78 10 38 29 81 91 47 17 59 2 10 86 100 53 77 98 67 28 2 54 1 3 0 4 32 44 23 10 47 66 58 75 96 56 2 80 63 100 4 31 38 19 37 34 15 42
74 25 96 72 66 87 83 61 98 74 96 45 36 22 37 50 91 98 32 29 12 71 80 12 27 0 8 94 75 17 96 49 31 24 83 39 9 42 13 44 21 6 27 76 75 83 69 90 68 50 21 0 30 8 74 45 40 93 17 92 79 56 62 6 2 43 90 0 64 89 84 20 24 88 67 10 23 96 55 70 58 34 59 79 30 83 10 70 36 60 61 100 43 60 60 31 97 50 46 8
39 53 60 9 27 75 81 22 20 30 78 73 100 96 23 63 19 59 45 85 19 87 77 51 58 57 0 56 20 41 79 73 17 20 55 49 70 2 36 80 78 30 62 55 5 96 18 4 59 9 1 85 2 61 58 44 76 17 45 92 14 90 69 19 68 44 20 91 26 10 32 68 13 83 90 9 8 41 73 37 5 59 15 20 44 48 0 60 17 99 55 23 72 30 77 22 47 71 59 67
40 77 72 30 45 66 38 46 72 74 87 87 25 84 88 37 70 38 93 32 66 20 32 6 89 71 50 85 24 80 96 31 57 6 62 95 72 85 29 77 11 73 81 80 43 56 18 46 34 59 69 62 67 12 22 90 31 3 84 71 42 67 37 13 79 68 47 19 80 80 99 91 90 98 0 97 76 63 86 91 29 100 45 48 55 46 90 59 64 65 61 31 19 63 62 85 40 8 84 14
20 8 42 53 9 36 31 59 73 49 47 10 38 58 43 75 4 83 81 64 8 90 100 40 56 68 87 68 2 58 63 46 11 48 92 53 37 51 28 97 13 22 11 18 84 34 16 98 39 54 97 72 35 65 22 13 58 79 49 44 31 59 88 49 46 17 74 31 40 12 37 53 46 81 36 75 23 49 19 11 73 15 8 64 66 54 7 96 91 43 22 51 55 16 50 12 51 54 12 14
16 63 25 62 49 27 40 7 52 93 98 92 0 6 69 13 75 83 53 80 16 57 32 7 92 86 35 23 72 85 35 41 42 85 99 4 64 33 75 49 94 91 84 16 29 13 48 20 84 9 15 23 7 15 8 77 17 49 60 70 93 28 11 72 6 77 44 28 86 91 3 63 27 14 52 62 73 8 87 99 89 73 73 12 37 99 75 22 83 45 37 56 33 39 46 13 12 66 46 15
86 48 82 97 9 51 1 9 43 84 34 21 59 79 64 63 68 93 73 58 94 49 79 65 14 85 5 30 0 37 77 21 0 59 21 96 31 42 65 49 24 88 28 49 0 59 44 78 7 58 37 50 83 2 11 11 6 69 37 69 15 50 4 59 60 13 77 86 36 90 39 34 73 45 64 15 54 94 95 48 47 66 3 41 58 52 64 36 0 52 66 39 95 73 24 73 12 83 22 60
99 3 6 32 9 31 62 98 82 14 97 78 88 87 16 41 56 95 60 51 11 31 56 22 54 51 62 84 76 74 96 99 93 61 10 33 84 45 5 71 24 77 58 50 87 61 94 62 40 35 45 94 75 6 87 39 51 8 91 15 55 99 70 37 47 20 42 71 30 32 42 16 93 52 58 15 58 70 66 80 21 34 58 10 43 31 91 37 53 87 68 78 38 38 18 30 52 89 40 62
83 0 87 100 62 70 97 23 48 52 94 40 99 34 4 89 41 65 22 16 37 75 98 62 86 35 20 86 49 79 76 44 2 7 90 58 81 15 34 13 6 32 99 81 18 51 65 77 44 53 46 36 40 62 96 24 28 46 95 9 70 51 10 38 91 10 94 5 50 60 33 50 99 31 8 54 64 28 19 48 10 20 19 78 55 35 44 73 60 18 44 52 98 20 39 26 5 34 31 80
43 70 95 4 56 78 89 43 13 83 65 5 64 43 27 0 39 0 90 52 98 57 51 57 78 3 51 81 97 50 90 64 80 89 86 19 8 29 33 62 89 49 62 52 85 40 21 58 86 22 99 71 97 96 63 80 26 15 97 75 77 93 96 11 21 18 27 92 39 66 85 57 97 9 2 27 51 37 21 21 41 65 81 48 94 58 23 6 72 69 41 40 50 43 51 89 27 72 9 0
21 80 26 68 26 75 64 67 77 45 90 39 79 59 10 41 25 53 27 20 53 68 81 20 86 78 99 83 94 75 41 50 58 29 10 39 10 9 35 77 49 57 31 87 72 72 76 88 96 6 37 78 41 37 87 40 81 47 97 99 27 78 63 58 50 46 79 54 71 49 21 9 31 71 40 54 22 88 34 90 28 67 9 97 88 77 12 91 35 70 2 14 73 9 19 46 94 42 47 30
6 15 83 97 28 23 36 50 54 82 0 84 39 52 0 51 27 14 21 80 82 7 27 40 94 61 94 97 99 66 94 49 93 30 86 18 72 0 53 86 36 31 28 91 1 53 7 9 55 82 61 24 17 98 66 21 26 78 36 82 87 16 70 55 19 5 47 95 56 16 57 79 25 61 72 26 13 47 20 59 18 46 98 44 47 10 56 40 64 52 73 16 89 46 7 21 67 74 30 51
77 91 36 70 46 57 99 44 55 7 75 45 11 65 34 17 100 30 70 22 15 46 96 91 93 55 42 41 77 42 20 74 98 9 51 21 36 27 46 15 51 37 15 15 27 80 70 72 93 38 4 9 68 5 19 22 50 79 23 42 80 97 97 10 2 43 93 42 42 73 60 60 62 87 33 80 64 40 82 72 5 72 23 80 32 74 100 28 21 3 18 46 58 87 98 25 53 49 97 36
32 74 22 55 16 41 61 60 2 21 81 34 67 16 46 82 98 52 57 18 80 47 87 78 96 64 96 26 12 15 19 43 9 39 10 37 55 80 67 36 43 26 67 98 60 46 92 84 99 62 87 51 9 51 30 3 6 34 59 57 27 8 84 31 41 88 80 82 10 86 71 27 53 83 72 19 34 39 25 34 74 96 12 57 71 59 2 31 71 3 3 69 28 77 55 6 88 10 88 54
99 96 74 71 56 58 21 41 20 90 23 76 60 96 17 25 21 3 37 2 48 52 28 41 22 45 27 28 94 83 22 62 86 83 48 86 35 24 18 58 42 4 83 9 25 25 37 15 79 97 80 46 26 60 48 21 49 32 84 7 64 52 95 64 51 57 48 79 91 90 27 8 50 31 100 97 18 9 100 63 76 18 53 65 42 54 11 9 73 9 32 59 14 28 85 68 10 85 72 82
78 29 74 52 28 94 11 54 71 38 86 25 4 53 22 34 31 25 87 82 97 13 7 76 60 78 61 65 73 34 26 4 84 34 80 91 26 20 21 57 41 21 21 35 99 43 30 2 31 26 67 86 22 100 2 58 15 78 18 95 53 96 13 50 34 99 45 32 67 5 42 87 100 26 89 6 59 93 72 15 43 99 70 98 79 64 83 28 5 15 6 29 54 55 13 24 29 84 12 90
57 66 81 68 47 52 3 22 5 89 18 73 87 4 92 31 10 25 21 44 79 85 1 53 45 26 81 79 92 18 61 62 51 31 73 25 7 27 72 88 39 72 70 56 40 63 42 44 51 38 22 54 46 67 71 13 64 93 71 64 67 27 100 8 47 57 71 90 45 36 95 78 56 11 64 7 94 31 22 59 38 60 22 94 12 68 16 76 29 41 44 74 75 97 52 38 19 24 75 64
57 24 63 0 29 94 2 25 97 24 5 45 6 14 45 15 1 73 0 18 97 2 14 89 7 18 64 20 41 86 31 86 93 92 85 76 51 35 47 10 61 56 31 17 22 12 41 41 24 99 45 5 52 42 67 98 84 0 1 97 12 93 44 70 80 68 35 89 60 63 40 76 4 0 52 90 4 93 70 35 85 34 28 59 37 49 54 48 54 0 54 35 0 8 30 72 56 62 34 48
61 23 59 77 49 47 7 81 72 52 19 50 93 24 88 87 39 11 26 34 24 60 61 80 14 52 17 8 75 66 27 12 0 40 20 90 31 19 36 53 96 30 3 14 93 70 61 92 51 28 37 6 56 97 30 67 74 22 11 20 25 48 16 48 74 39 97 28 47 32 91 7 3 21 64 34 43 21 77 25 79 98 50 18 82 39 74 88 64 66 52 95 70 10 50 49 48 97 98 72
8 85 35 36 51 62 98 39 42 92 53 75 96 36 7 32 29 77 32 54 40 1 98 81 4 8 45 28 91 22 33 93 33 85 25 91 100 91 43 89 52 17 83 77 97 32 100 20 46 17 65 60 14 71 21 54 47 55 17 49 66 38 44 70 55 72 22 91 48 71 4 80 28 17 14 54 55 43 47 98 69 93 96 93 75 64 99 23 79 65 44 78 25 14 8 8 89 68 55 20
78 30 50 9 10 61 37 72 3 84 83 76 73 49 99 70 4 49 79 53 60 72 30 42 21 52 34 98 81 43 93 52 38 45 56 19 78 58 59 73 77 6 73 27 26 23 23 80 16 79 54 65 35 0 47 90 100 26 89 54 12 27 48 63 45 9 54 11 49 23 56 86 15 52 64 51 57 44 38 78 48 83 25 23 51 41 6 94 29 2 97 4 23 81 19 58 79 58 67 14
43 36 45 87 86 16 87 24 73 85 96 83 79 19 78 1 29 4 98 44 95 35 77 27 58 12 31 60 4 47 63 58 32 54 37 45 82 99 72 15 87 44 53 37 79 83 79 96 56 65 30 88 48 44 25 53 75 27 32 18 96 65 39 53 96 83 84 68 37 17 13 28 28 83 34 8 2 65 11 32 26 59 89 69 76 98 38 75 0 52 10 90 17 31 82 4 93 44 73 46
74 86 3 28 60 85 33 45 5 89 58 9 59 29 80 51 40 46 69 74 80 10 79 91 44 86 53 2 26 3 73 97 28 40 36 45 17 12 9 10 8 81 15 13 23 95 17 18 41 0 64 32 55 46 69 50 87 32 10 100 80 35 59 3 39 1 48 82 37 52 85 100 68 44 37 14 33 59 67 42 21 20 4 62 47 64 10 34 8 11 50 93 4 60 14 17 78 30 59 97
36 57 19 57 31 51 71 84 25 98 98 67 83 79 94 91 1 30 12 77 98 73 89 17 82 98 13 6 88 58 6 56 47 54 91 42 95 91 48 62 81 5 85 100 79 48 89 7 54 84 52 12 83 80 52 98 59 54 100 49 41 62 92 43 40 37 73 75 22 5 34 50 1 51 68 88 40 93 19 14 45 89 73 29 66 42 49 50 19 86 82 43 86 90 26 86 17 93 34 32
29 13 84 60 31 100 90 64 56 93 8 33 99 51 31 42 63 33 61 55 27 99 59 26 82 27 23 51 96 92 81 89 66 76 36 54 41 58 72 93 2 86 31 14 87 85 49 93 22 94 11 0 60 21 92 15 13 54 87 55 91 90 32 89 40 59 46 29 10 36 87 62 82 10 59 71 42 75 90 92 60 7 62 36 73 80 28 61 55 85 16 38 31 74 20 80 9 90 82 68
79 6 44 86 91 7 18 2 66 29 35 59 51 94 15 52 60 90 28 80 77 48 48 25 46 52 35 51 22 68 2 67 69 46 75 1 7 30 80 10 89 51 64 75 10 28 96 70 10 38 32 67 94 73 55 10 41 25 61 59 85 29 27 7 18 56 46 100 86 21 12 0 91 23 79 16 52 54 72 32 39 26 51 94 42 22 2 7 31 29 42 47 87 17 33 39 83 34 46 96
100 68 53 38 42 50 45 51 28 52 7 53 21 69 62 45 49 74 100 40 86 74 8 33 34 59 59 80 28 61 43 83 13 70 86 49 6 2 25 55 15 77 96 23 8 64 99 19 55 46 56 68 64 54 28 7 89 94 88 33 46 60 32 79 2 7 42 19 93 5 96 14 49 9 22 45 78 2 79 78 99 100 19 60 45 37 25 24 46 24 42 89 26 85 48 98 27 20 56 39
91 15 99 19 86 83 65 55 78 6 100 50 31 24 64 14 89 97 40 22 70 1 31 92 33 49 54 61 8 16 23 0 95 43 54 86 94 31 20 64 76 80 62 96 55 57 5 41 84 25 31 98 13 75 18 22 15 18 69 22 30 92 47 61 15 87 33 30 1 17 51 13 15 7 36 31 74 82 9 9 79 12 23 70 7 32 90 55 76 70 56 76 46 46 0 90 4 10 34 9
4 24 42 3 86 51 8 43 28 100 86 50 52 93 16 76 53 93 47 98 76 6 51 16 24 74 39 52 35 86 75 6 93 56 49 100 53 13 33 31 89 60 80 59 58 94 39 54 7 94 67 5 21 90 68 66 49 79 98 17 68 48 70 2 56 76 69 82 40 28 45 12 32 67 41 35 26 73 27 3 80 49 50 30 53 94 100 9 34 42 70 88 82 62 86 61 5 74 26 41
76 96 0 44 13 71 97 95 66 93 77 65 47 8 24 99 45 15 91 37 78 5 2 61 96 82 42 5 91 83 58 55 12 74 66 27 37 88 17 32 25 56 0 14 91 1 64 32 68 80 85 84 27 71 87 5 100 76 82 80 93 89 86 77 84 93 12 60 86 29 60 11 45 83 19 45 100 74 4 97 12 39 91 50 24 76 81 6 55 24 59 49 50 82 53 23 74 67 48 76
27 98 46 56 8 35 5 2 83 15 0 4 20 59 93 89 9 100 22 0 50 77 55 40 79 5 21 32 70 41 95 89 34 51 71 63 55 37 51 63 97 70 15 72 85 30 13 87 40 25 33 68 60 22 83 3 58 55 26 14 24 35 40 8 60 97 59 61 23 50 7 55 99 43 84 92 22 1 9 44 96 16 64 42 19 18 51 46 39 20 60 16 36 89 77 53 51 72 12 8
15 21 13 91 93 76 29 37 64 98 86 88 19 85 0 96 88 39 72 84 79 100 43 69 79 73 91 75 50 53 87 46 80 18 80 83 86 23 87 33 52 62 26 0 81 68 63 41 56 81 58 2 28 42 59 62 95 10 43 88 64 34 79 20 30 33 50 16 2 70 64 71 41 93 52 17 54 10 86 99 4 94 75 22 68 2 91 47 59 21 86 83 47 40 4 41 46 81 64 44
69 9 81 47 96 34 5 50 35 81 34 45 23 56 65 42 12 50 34 91 0 30 99 46 89 60 17 70 26 28 32 76 35 74 43 18 77 18 65 62 94 10 93 96 43 80 49 65 61 97 34 36 40 51 7 31 25 47 30 88 13 16 92 71 51 0 20 86 92 99 74 32 25 62 31 79 51 14 58 30 55 80 72 90 61 60 61 63 91 88 31 57 63 98 45 49 75 58 2 74
93 34 65 72 2 59 5 45 82 26 36 25 37 93 96 48 86 50 0 49 69 3 92 13 96 65 92 85 44 93 80 62 51 28 40 99 42 98 73 23 45 66 64 46 40 79 95 17 51 49 27 38 78 50 67 76 66 16 44 85 44 82 19 43 4 84 89 29 86 89 39 53 23 71 65 22 79 10 14 13 24 43 50 47 10 36 43 1 40 64 63 56 66 63 97 74 17 97 8 70
55 35 31 82 6 6 17 16 33 5 12 46 84 73 96 31 84 40 44 75 93 34 50 59 13 37 95 5 79 83 5 13 97 30 62 20 93 92 98 85 72 21 53 17 86 52 98 71 51 12 26 61 98 55 90 87 11 73 73 88 43 90 67 35 42 91 71 55 17 27 62 75 36 97 48 68 99 76 73 62 9 18 14 52 35 63 3 77 22 17 65 69 10 57 64 14 65 78 45 31
68 48 32 6 92 84 83 16 85 92 94 37 43 3 2 73 59 27 37 63 94 2 11 78 36 98 67 50 32 94 1 79 75 82 80 65 52 32 93 69 62 33 66 81 26 95 18 57 95 93 27 48 74 34 34 61 30 27 33 14 0 8 15 31 68 78 37 79 7 14 60 25 66 81 27 11 38 85 84 70 60 1 58 49 86 12 57 34 70 71 89 9 71 26 98 53 91 10 7 46
80 93 93 79 13 55 35 38 60 63 99 13 2 2 50 83 27 74 50 90 83 58 2 84 89 58 41 24 53 69 61 93 10 95 55 19 54 83 84 64 8 63 50 83 5 23 87 49 58 75 19 37 75 30 48 5 11 57 43 35 54 38 78 47 36 75 5 84 9 17 35 46 87 58 27 39 17 77 35 89 13 54 25 82 24 62 99 53 99 86 34 74 63 64 34 76 88 50 5 17
34 84 22 52 83 93 25 98 20 68 43 31 40 58 78 37 31 27 88 45 55 41 59 61 75 86 84 35 28 45 84 84 13 19 87 12 66 54 14 83 92 37 67 63 81 0 57 91 72 60 35 26 74 7 71 22 28 63 59 67 21 71 25 85 10 54 61 25 34 98 48 11 18 29 97 72 13 61 94 54 71 11 52 98 87 14 12 33 33 38 23 23 55 29 83 70 79 77 47 59
30 87 40 72 100 46 100 60 67 44 8 96 82 49 48 5 10 3 51 42 61 7 18 89 66 94 31 12 44 52 83 33 65 88 96 3 70 97 51 86 59 8 3 86 76 69 39 25 48 60 31 23 97 24 21 72 87 23 23 42 88 100 91 98 91 66 11 64 85 22 20 13 5 6 62 33 55 34 86 49 85 28 39 53 16 24 21 17 7 40 28 97 9 23 94 87 15 47 13 88
11 74 72 4 36 98 29 5 26 73 68 82 79 26 2 17 51 63 2 98 87 85 96 6 1 87 29 34 49 83 11 1 21 60 41 55 10 1 96 55 64 23 75 0 72 55 33 34 22 79 89 83 98 8 9 42 5 42 39 21 66 59 19 71 57 8 1 50 79 47 19 30 73 28 42 35 57 49 14 27 68 54 38 76 48 40 70 12 18 65 52 71 48 25 52 84 58 27 73 74
75 22 26 43 75 77 62 26 61 74 1 37 80 100 87 25 74 10 99 42 7 72 64 96 18 67 64 54 37 77 86 60 36 68 7 56 93 28 61 76 87 46 51 38 73 0 21 35 63 91 23 4 34 14 3 69 34 64 91 62 37 55 52 61 18 68 45 52 40 63 73 1 83 48 40 42 23 78 47 22 91 77 60 50 7 67 51 4 69 82 59 55 71 59 45 20 68 85 46 27
90 84 63 91 90 80 1 94 97 18 96 19 2 88 18 47 6 12 77 10 60 50 72 64 96 82 62 58 39 4 61 97 16 54 99 22 70 38 9 36 69 56 4 84 16 96 89 13 82 44 98 36 39 30 2 69 9 47 97 68 86 99 54 46 63 97 79 16 52 81 79 5 54 21 87 31 57 16 32 49 21 31 64 61 63 26 80 10 58 18 32 50 89 7 94 37 82 51 93 66
36 73 56 70 15 98 30 12 97 65 54 17 84 85 88 47 62 60 1 97 83 36 41 58 2 24 67 49 37 21 45 32 2 98 94 25 88 2 63 64 44 71 15 1 90 54 70 28 40 43 60 68 25 87 38 33 63 93 27 44 60 77 16 6 23 80 28 86 14 29 58 18 94 82 38 5 35 1 67 96 15 55 23 79 77 15 15 60 40 39 32 17 6 53 51 21 59 0 42 91
87 11 54 49 12 99 80 4 61 62 46 4 17 55 45 28 5 26 21 45 75 71 86 57 56 60 58 29 75 76 7 3 12 91 79 93 47 1 2 22 76 34 6 33 64 48 82 88 45 89 69 100 87 12 46 0 34 88 29 81 97 58 34 12 88 38 53 9 15 69 11 58 91 83 43 68 0 20 6 79 55 88 19 25 2 11 65 66 14 71 26 4 21 38 52 55 34 87 23 32
49 67 89 51 42 64 41 4 79 33 33 32 24 1 70 47 81 22 44 61 88 20 76 94 15 13 66 48 43 20 61 27 71 95 96 91 83 17 23 41 93 32 42 15 8 9 67 22 48 50 38 58 3 19 1 12 62 23 59 40 42 44 34 42 18 21 25 54 61 32 5 7 80 65 52 59 79 85 49 10 65 56 54 99 76 6 30 38 33 74 25 92 35 57 22 9 45 42 84 21
56 73 14 14 35 32 7 59 30 99 42 54 49 19 19 56 57 79 59 20 38 22 51 12 82 80 59 61 8 86 78 93 80 8 11 11 2 65 68 38 58 27 32 39 28 42 37 91 46 16 24 0 7 43 17 3 61 57 11 59 61 54 24 12 92 59 69 20 55 22 70 69 25 97 37 84 42 71 89 87 84 88 68 46 90 53 89 68 2 90 7 9 82 38 82 3 35 25 30 90
76 94 44 48 93 44 60 88 93 20 93 29 51 46 64 20 46 4 69 37 39 71 51 29 70 4 81 97 4 94 52 62 1 99 84 86 54 2 98 68 5 59 20 20 90 86 98 22 90 33 71 41 92 78 3 4 70 72 13 2 53 13 26 82 30 9 82 32 44 15 39 66 51 5 89 14 54 96 80 49 87 64 20 4 72 59 66 95 24 58 27 43 89 2 31 26 16 32 29 26
58 29 47 52 29 14 15 6 81 18 2 10 69 93 78 53 14 80 57 44 82 42 30 31 46 43 87 51 19 24 89 57 71 19 73 49 93 85 77 49 39 47 42 65 95 83 45 77 49 58 23 77 47 15 34 58 56 5 44 71 88 12 47 39 65 69 31 10 25 12 78 98 96 67 58 51 91 41 29 58 67 42 35 8 48 8 62 20 38 81 95 7 16 30 90 22 23 60 4 68
43 36 43 69 88 49 50 95 84 50 84 51 56 2 30 73 1 19 13 57 93 71 77 64 14 7 72 69 36 95 13 46 31 6 41 88 81 43 3 5 29 92 35 1 14 47 77 32 0 23 36 20 66 20 9 20 67 93 58 86 54 44 97 56 5 61 79 10 86 40 31 95 27 6 83 67 42 10 94 98 56 57 98 11 17 23 53 75 50 70 94 18 17 20 39 3 69 20 51 50
18 59 84 2 69 60 83 57 48 8 94 20 37 79 60 20 54 57 53 97 38 34 18 16 73 68 57 5 50 30 44 95 84 21 18 57 54 38 13 75 11 46 9 92 97 23 18 78 49 26 92 71 86 5 42 29 24 79 9 62 60 3 42 20 76 5 95 93 47 77 45 19 86 39 14 29 95 56 79 14 76 87 27 77 2 4 85 98 90 88 39 0 36 88 14 87 6 28 41 44
17 97 48 33 84 82 58 76 20 44 45 24 43 36 74 30 77 95 27 40 6 89 21 73 19 62 82 68 56 100 30 20 84 69 14 68 79 9 33 23 32 43 84 23 48 54 23 41 94 21 84 15 2 87 1 39 53 67 81 78 43 73 76 74 14 95 22 55 32 92 96 7 6 32 95 64 66 97 91 86 82 34 65 48 8 15 16 83 27 78 67 44 84 43 18 12 78 94 58 19
60 57 93 24 19 12 48 73 69 47 99 100 14 59 15 92 92 68 59 17 70 8 33 78 4 94 18 73 84 50 32 19 36 46 97 29 87 73 1 34 45 9 9 20 7 31 28 36 98 75 34 32 57 90 71 96 70 58 30 10 28 51 46 59 42 96 37 56 60 61 20 1 27 95 26 29 57 61 23 76 26 53 46 2 43 44 39 54 8 57 32 66 87 91 38 84 89 31 6 54
93 100 47 37 77 87 71 42 0 77 93 100 97 99 67 92 10 6 61 19 80 92 48 6 82 26 53 15 88 96 18 81 54 23 1 19 81 98 96 1 78 54 43 24 18 59 16 71 29 32 12 8 75 66 52 31 34 78 24 62 0 5 40 51 56 88 76 83 30 48 65 74 9 71 64 68 7 93 67 12 74 69 7 27 93 14 39 41 36 11 98 50 33 43 69 82 55 47 90 81
27 16 58 4 77 73 11 51 39 42 56 72 8 95 4 74 27 66 96 49 64 12 12 8 74 4 13 32 84 35 35 42 37 77 26 53 83 13 85 12 16 65 17 1 64 74 44 37 66 100 78 58 0 87 52 80 58 36 33 73 32 94 0 29 50 26 89 19 93 90 71 13 25 40 43 46 83 49 81 90 93 29 53 85 52 56 68 88 47 34 93 23 49 25 9 19 31 3 38 25
26 63 64 57 52 8 99 43 38 92 56 20 29 14 11 13 96 84 28 50 82 23 62 84 22 65 76 97 43 34 15 38 81 1 52 14 91 3 4 28 45 53 20 11 68 32 96 48 47 13 0 43 36 65 54 82 82 16 24 80 84 69 39 93 89 14 79 26 28 28 94 4 6 6 85 84 55 71 2 95 76 27 71 96 26 7 39 83 71 78 26 43 32 96 9 43 47 76 4 79
46 22 3 49 75 99 43 13 81 35 26 31 15 7 55 20 67 76 79 44 16 92 17 1 88 53 26 69 40 75 38 24 23 29 24 77 50 46 39 95 25 98 31 55 94 7 5 71 75 30 25 23 81 86 49 18 25 4 4 61 90 14 56 5 15 1 66 48 13 27 48 75 20 9 35 71 86 33 60 36 93 7 89 38 53 65 40 20 13 67 22 64 23 17 30 31 62 67 22 27
45 98 32 72 24 2 11 55 57 11 92 65 32 26 75 1 79 20 16 18 3 76 58 5 99 6 41 93 26 19 57 96 85 48 6 34 1 91 5 6 2 61 50 78 99 39 39 60 35 100 47 86 0 93 12 91 21 43 30 81 8 97 2 53 36 93 48 0 76 28 18 62 60 36 24 29 8 90 66 4 14 35 12 32 20 30 20 47 52 48 20 66 65 67 11 26 30 46 87 15
81 43 98 69 27 71 93 90 78 4 99 43 43 99 32 53 8 49 73 50 46 45 62 8 55 31 65 58 22 67 5 60 21 57 30 99 25 80 66 99 51 25 16 65 74 12 88 73 73 73 40 56 70 62 33 76 19 80 49 8 88 56 58 37 47 59 44 8 15 60 7 64 51 35 25 46 11 64 67 35 75 19 69 86 45 18 26 73 91 28 73 17 95 24 44 32 75 38 41 16
11 87 1 65 37 55 67 10 74 25 1 91 8 58 2 7 4 4 79 87 2 48 73 33 36 95 34 74 72 33 4 33 54 87 68 90 70 64 16 72 7 70 32 63 25 28 26 100 87 95 57 69 25 69 39 97 81 41 28 33 59 95 31 59 75 83 69 39 87 23 95 33 88 91 40 46 21 11 42 23 16 61 71 2 48 21 3 15 18 94 28 0 95 17 89 77 58 50 45 55
28 98 18 53 54 52 61 58 3 51 19 69 73 79 71 37 2 64 83 29 22 74 89 20 72 47 92 99 100 14 66 65 12 75 31 67 23 87 34 47 38 64 51 60 56 54 26 70 52 43 73 71 49 15 66 8 96 37 33 50 70 80 11 17 83 81 84 99 11 27 17 38 99 96 74 23 74 61 6 63 97 24 79 32 12 18 41 77 97 66 45 92 44 45 83 23 54 50 37 99
48 65 17 62 13 10 63 41 38 2 80 71 25 90 83 39 63 59 53 95 41 53 0 33 93 29 77 3 14 80 86 95 34 98 70 56 10 71 97 6 51 100 35 81 67 3 100 10 88 14 14 47 32 88 45 37 100 85 54 15 88 9 33 96 87 65 58 21 18 48 87 5 42 47 43 86 12 95 22 74 74 46 13 29 88 11 92 55 84 30 40 35 16 14 42 37 49 14 18 64
96 7 92 100 3 9 18 85 26 24 41 20 27 45 10 31 85 95 48 53 22 31 17 7 50 41 51 99 100 96 74 86 10 78 39 18 46 76 57 83 55 23 95 88 21 12 42 11 25 65 16 27 60 41 83 15 32 77 65 95 99 14 41 64 85 70 87 44 35 49 14 76 43 89 84 15 27 31 38 81 78 42 32 50 96 86 91 70 26 40 44 62 68 8 40 72 71 24 22 36
66 1 81 80 18 40 27 88 47 48 11 76 25 70 24 47 38 96 18 7 63 56 84 5 69 76 52 31 57 59 43 34 10 16 5 18 26 100 90 65 64 18 34 39 8 52 56 13 19 93 62 86 60 61 86 70 99 30 86 48 63 64 8 48 68 99 45 98 49 61 78 49 45 71 26 31 13 48 0 73 88 64 52 61 24 79 29 45 65 46 32 62 39 91 41 37 99 0 11 16
40 88 19 21 89 1 13 38 70 77 70 92 29 40 24 64 82 19 39 46 26 42 54 91 39 77 44 6 58 37 44 96 18 50 51 82 94 100 90 99 78 18 96 36 36 48 36 81 34 29 47 61 51 8 84 32 33 98 93 91 80 19 49 67 37 0 29 14 19 68 82 69 32 50 37 52 23 24 98 11 97 7 87 86 51 64 65 100 27 12 99 31 26 28 38 45 25 22 73 92
