96 94
91 100 59 23 30 7 33 14 90 82 49 93 13 35 25 97 27 80 12 35 46 85 92 64 67 45 7 45 0 97 27 29 36 67 78 81 97 38 39 46 69 64 100 59 75 74 64 86 7 54 32 96 92 28 20 6 85 38 70 97 36 77 53 19 54 98 72 70 52 80 13 5 78 72 41 48 97 80 28 72 26 17 33 92 57 58 90 38 17 22 28 79 58 98
41 74 26 14 25 7 31 10 43 37 34 30 11 6 13 85 8 58 8 35 27 6 83 20 3 18 7 44 0 57 0 20 12 18 57 21 47 13 39 3 29 61 32 24 62 15 35 29 5 10 26 24 62 21 8 1 10 27 41 58 33 11 22 15 50 84 36 67 32 77 11 4 44 21 3 1 96 31 7 53 19 16 17 10 27 31 22 18 12 1 3 52 58 86
77 46 32 12 13 1 9 1 45 50 43 67 3 10 13 48 6 77 4 1 8 20 92 6 38 37 5 45 0 15 10 22 33 19 6 26 16 36 25 33 43 52 84 27 71 24 9 12 2 34 14 65 0 26 1 0 19 28 34 53 9 35 47 15 17 60 67 7 51 33 6 5 17 56 12 37 76 74 7 53 10 15 16 37 33 23 90 37 4 17 10 37 15 48
33 1 6 5 11 3 30 4 27 81 18 10 13 18 18 0 14 22 10 8 5 52 43 57 8 26 1 29 0 27 10 9 14 33 74 46 25 21 18 12 56 9 82 22 57 58 18 51 3 10 6 22 17 26 9 2 63 33 37 95 32 27 44 0 1 72 41 34 32 71 13 1 1 17 22 23 20 10 1 26 15 0 26 74 44 5 2 23 7 6 1 2 14 10
17 70 12 21 10 0 9 4 87 33 17 91 12 15 4 80 21 22 0 16 21 71 0 49 55 10 7 11 0 53 26 28 28 8 28 63 89 28 11 39 28 57 9 53 49 67 1 85 3 18 22 90 76 27 3 4 64 25 51 35 20 58 31 12 5 77 43 10 20 65 12 4 24 39 24 12 41 7 25 35 6 2 2 70 43 54 37 31 10 7 0 11 56 0
80 67 37 4 0 5 12 8 89 39 34 72 2 35 11 12 27 44 6 11 1 2 57 1 18 26 0 3 0 4 15 5 0 31 44 41 50 35 31 19 29 7 55 13 56 70 58 51 3 19 19 86 64 8 0 6 68 4 26 91 24 73 25 6 38 1 52 25 10 14 9 1 67 45 9 21 74 59 18 46 25 5 8 30 8 47 28 20 4 2 21 46 43 13
61 87 12 3 26 5 32 13 48 8 32 49 7 34 7 27 8 22 4 16 8 81 83 52 58 12 3 10 0 19 26 12 8 54 43 12 5 24 7 22 42 42 66 24 44 56 56 27 7 39 25 93 43 16 17 4 10 20 48 47 19 13 9 13 53 60 24 39 32 24 12 2 40 31 4 32 80 58 10 22 26 11 30 34 49 28 32 3 13 13 28 71 31 94
43 33 0 4 21 7 29 11 22 24 15 0 7 9 1 93 2 38 5 10 12 29 37 14 30 26 7 9 0 68 3 14 32 10 6 81 49 15 6 18 25 28 75 13 32 72 52 36 5 32 31 32 49 13 16 6 27 6 24 77 14 36 22 5 5 67 37 17 5 12 12 1 4 21 18 35 27 62 4 7 21 13 24 23 8 13 57 27 14 20 22 48 5 92
63 67 42 20 26 4 17 13 41 9 48 36 11 10 14 14 9 12 10 15 21 38 8 59 30 43 6 0 0 25 0 0 22 59 78 43 80 6 24 39 64 4 82 51 37 1 38 39 5 19 27 62 5 15 16 2 38 38 46 42 28 37 29 12 8 9 29 62 4 45 9 4 75 67 33 31 38 5 16 6 8 10 18 10 17 2 67 14 4 22 27 43 39 87
6 45 0 22 30 0 7 10 28 79 10 44 12 9 16 63 14 30 7 12 14 30 57 26 28 20 1 7 0 66 10 25 29 49 32 34 49 6 31 33 31 3 97 30 60 71 53 30 7 40 12 90 53 3 14 4 57 21 67 48 10 39 15 7 50 13 58 14 10 4 7 4 58 1 14 11 42 68 16 66 12 5 25 63 0 1 39 36 6 4 17 12 45 9
7 67 9 7 20 4 25 14 53 10 49 53 6 10 3 54 19 70 7 24 27 80 50 48 63 23 1 6 0 10 4 9 9 24 46 67 60 19 9 24 34 64 48 38 34 43 52 72 3 8 25 83 15 7 11 2 70 26 12 11 17 13 32 19 10 62 55 18 4 72 13 2 36 11 14 48 11 9 12 41 17 13 3 86 17 6 76 20 11 3 5 61 9 20
83 22 17 23 5 6 33 9 28 53 6 56 6 34 11 84 25 49 1 4 4 31 8 62 61 5 3 4 0 3 16 18 19 21 15 74 59 37 13 12 16 56 51 21 22 19 14 51 7 50 5 13 26 7 8 0 23 11 14 69 28 8 17 5 6 54 39 56 6 80 5 2 69 38 15 42 61 37 14 15 3 16 22 67 49 22 8 19 13 4 20 3 51 32
9 64 18 6 21 7 0 1 66 53 42 51 6 0 11 82 7 33 0 18 8 62 91 47 58 36 2 5 0 94 10 26 11 60 12 53 88 11 39 33 22 50 71 13 25 64 6 42 3 12 18 93 11 26 17 5 42 21 16 35 21 68 42 15 18 75 51 35 22 3 13 3 60 61 14 24 1 60 19 34 5 10 4 4 54 18 90 35 4 7 8 36 9 56
42 77 51 5 21 0 28 12 20 59 36 72 12 6 7 46 19 36 5 18 13 78 90 64 23 1 0 8 0 82 12 2 27 66 75 57 80 0 37 32 33 20 72 30 23 10 4 52 2 11 23 27 25 20 18 1 68 11 13 8 12 46 44 4 13 87 24 41 18 17 11 0 2 8 3 11 56 44 11 14 17 12 9 8 52 23 69 9 1 18 22 10 57 11
86 78 44 8 3 6 19 9 25 7 48 91 10 33 15 78 19 67 5 22 17 79 87 27 22 41 0 21 0 76 22 14 23 47 76 35 10 14 36 30 25 50 47 4 32 19 7 51 1 16 24 56 2 28 2 6 2 22 60 6 22 64 9 19 42 12 70 43 49 12 12 0 0 26 24 12 25 59 16 16 8 15 5 22 25 38 45 6 17 13 1 40 17 56
78 38 39 22 25 2 22 13 69 62 24 34 2 16 21 85 15 14 1 5 37 48 89 63 23 22 2 28 0 61 18 20 35 45 10 71 47 16 3 44 2 50 67 16 65 21 21 34 7 53 3 2 22 2 18 3 43 23 43 92 1 61 6 0 3 9 66 10 7 64 11 1 27 58 33 0 35 45 7 45 2 9 9 76 27 22 74 23 8 2 28 61 31 12
2 76 24 7 21 0 7 6 63 59 25 84 0 27 20 53 15 28 1 20 22 76 26 56 59 0 2 30 0 15 15 24 11 57 64 70 68 11 16 30 44 6 78 58 64 30 53 47 1 27 27 61 5 2 4 0 53 3 8 18 22 31 16 7 23 30 23 54 3 68 7 0 76 9 25 0 29 11 27 26 10 10 23 44 36 57 86 0 16 15 4 14 5 42
74 73 54 1 15 0 23 11 6 33 10 83 2 16 15 67 5 59 0 18 14 75 62 39 39 7 2 21 0 5 7 29 9 3 44 22 46 26 17 12 10 54 50 17 19 43 25 70 5 44 30 86 71 28 8 5 51 22 53 78 15 18 19 7 7 90 53 70 44 78 4 2 61 12 25 14 76 4 11 0 20 0 13 62 5 8 50 18 8 9 7 73 52 92
35 83 2 18 11 6 14 13 78 46 39 42 2 30 21 42 6 23 4 17 3 31 5 37 46 23 7 24 0 4 23 7 29 22 52 8 95 23 32 7 19 9 79 29 52 32 25 55 0 53 7 3 74 14 5 5 85 13 49 40 17 8 30 10 33 5 70 21 8 54 3 4 56 19 10 26 85 42 10 53 4 7 1 30 34 7 75 17 4 7 26 15 44 16
5 33 34 18 17 6 6 14 30 34 22 83 0 33 3 35 4 39 4 12 35 9 77 26 11 44 6 37 0 74 24 3 35 0 9 11 7 15 31 43 11 8 19 34 67 40 61 13 2 43 27 3 79 2 12 5 48 13 40 96 11 18 33 18 13 56 12 27 21 62 9 5 49 22 40 23 63 54 4 50 4 5 3 8 11 23 54 13 15 2 25 31 23 56
51 100 48 18 9 2 20 6 15 9 23 75 2 20 12 46 11 36 5 8 11 23 12 21 18 0 1 24 0 97 20 9 21 32 7 72 55 20 3 27 1 23 35 28 18 38 38 66 7 48 23 64 71 13 19 5 54 8 41 34 22 22 46 8 21 73 58 11 34 71 4 3 1 30 8 6 68 49 16 23 7 13 14 90 38 10 11 1 7 4 12 45 32 12
48 37 22 4 23 5 2 0 3 3 21 68 12 34 7 57 4 6 12 28 7 2 34 12 49 21 2 27 0 39 11 19 29 35 71 74 3 38 6 34 67 5 59 19 41 39 52 22 0 48 0 19 89 5 17 6 64 26 11 60 17 55 50 4 51 58 0 48 39 20 0 5 77 40 17 24 95 69 10 13 7 0 10 71 42 13 18 4 15 5 17 12 57 26
90 8 11 11 29 5 1 13 2 61 47 10 13 19 3 7 12 46 6 19 40 0 58 48 52 29 3 20 0 90 20 13 27 31 0 13 9 25 14 7 4 20 38 41 29 22 59 52 4 53 23 4 82 11 9 6 0 23 20 92 30 74 48 16 19 34 21 1 48 77 4 1 51 17 11 32 9 56 14 70 24 10 21 40 12 7 62 33 13 1 9 68 32 33
62 91 9 20 29 5 15 0 89 57 9 52 6 9 4 56 0 68 3 7 18 29 40 5 60 35 5 4 0 89 27 15 22 18 25 5 67 31 19 18 61 57 90 43 27 6 36 67 2 45 20 9 92 19 17 1 31 13 6 13 35 3 21 17 16 92 23 51 25 13 13 0 77 26 12 26 34 33 14 48 0 5 5 26 54 0 2 25 1 19 12 73 43 58
24 19 18 9 9 2 29 0 20 1 28 29 13 25 18 63 9 61 9 31 44 81 34 51 48 1 0 44 0 30 2 26 13 9 42 53 25 12 25 37 38 8 72 30 26 73 35 63 6 6 26 63 66 19 11 5 57 11 6 14 17 66 46 7 33 43 68 68 13 37 1 0 49 48 3 35 76 37 7 51 14 7 27 83 45 45 45 10 17 10 14 57 16 52
27 52 44 20 13 5 14 14 1 22 15 9 12 6 20 18 20 44 0 18 1 51 28 13 32 11 7 2 0 2 8 10 21 50 72 57 72 25 34 1 12 61 12 20 41 32 45 69 7 5 12 17 32 9 10 5 58 26 40 35 26 72 20 15 47 1 13 31 16 34 10 1 26 20 28 33 28 19 5 54 8 8 30 7 26 23 20 30 5 2 0 40 44 18
20 93 35 13 0 1 28 8 17 79 0 77 4 12 23 72 7 55 6 26 19 41 27 59 63 17 6 44 0 11 14 27 30 51 36 78 45 21 19 44 16 11 93 1 19 52 12 75 1 49 26 5 71 10 8 3 1 36 69 28 4 53 45 4 42 60 68 8 40 61 4 0 18 72 15 39 19 49 20 56 22 0 21 39 10 35 3 38 10 8 13 77 11 51
33 7 32 14 19 6 16 13 88 43 2 41 9 22 23 6 6 76 2 8 35 53 45 39 67 33 4 39 0 24 0 6 5 50 54 15 40 37 33 9 30 34 72 39 43 12 7 33 5 42 23 29 10 9 11 1 28 29 32 23 15 21 5 9 8 18 6 16 10 75 11 4 1 19 18 34 78 29 2 31 6 12 24 74 37 15 51 6 3 10 23 20 8 79
12 17 47 7 11 1 10 0 25 48 16 73 4 29 18 67 6 61 4 15 36 9 84 17 41 25 0 42 0 66 17 5 11 31 65 68 76 3 23 3 10 60 70 52 68 32 16 62 7 43 25 32 27 12 12 6 26 0 7 33 30 75 35 9 33 40 10 2 20 59 12 5 12 50 2 32 18 75 7 11 21 1 22 63 1 4 1 35 10 15 18 62 7 88
56 8 14 8 10 4 13 12 10 46 48 53 13 20 11 65 7 58 12 24 38 11 67 64 31 39 3 21 0 63 14 8 24 56 44 49 69 10 3 39 26 6 16 15 18 25 13 10 4 25 0 74 89 11 10 4 4 7 48 81 9 13 5 14 45 27 14 58 5 78 0 4 57 3 27 1 0 1 6 68 19 3 5 79 33 43 19 26 8 1 25 45 17 96
63 65 26 6 2 6 12 7 76 9 48 82 11 28 4 2 9 3 10 6 26 74 72 12 52 42 0 23 0 28 13 3 34 39 70 73 41 24 3 20 28 40 54 44 68 17 19 23 2 49 20 75 46 21 4 4 12 20 34 35 28 30 42 1 53 87 27 1 20 68 0 2 65 13 27 30 75 41 13 46 24 6 0 74 6 25 34 15 1 14 2 66 33 8
19 44 37 11 28 4 28 4 22 15 4 21 13 8 25 40 10 44 5 11 6 71 66 30 28 14 6 15 0 96 1 19 12 27 63 73 67 29 25 40 47 10 61 48 48 36 40 5 4 5 25 55 34 11 9 0 34 17 14 77 11 16 2 14 17 42 28 23 4 33 3 3 19 27 9 26 34 6 4 48 19 2 11 15 7 41 54 38 3 20 1 36 9 29
38 44 41 13 19 2 0 10 72 1 16 88 9 26 0 85 11 27 0 33 38 85 17 11 45 26 2 39 0 4 26 23 22 2 70 53 30 3 33 4 65 18 39 22 68 37 21 5 2 21 32 92 88 13 4 6 71 36 24 26 36 63 45 6 49 63 41 23 15 15 2 3 41 62 28 46 72 21 4 49 14 14 14 19 12 30 50 35 4 19 15 0 11 61
82 64 20 23 18 5 4 8 57 15 13 24 13 29 10 6 17 1 2 22 40 58 74 53 16 24 7 38 0 80 21 11 16 6 66 62 45 37 2 41 15 41 100 5 25 44 10 1 6 32 1 80 6 21 6 4 4 4 70 16 25 65 28 11 44 51 48 14 9 34 3 3 68 45 14 34 43 60 11 45 1 2 23 50 31 4 61 23 5 22 11 21 11 38
38 27 39 13 29 0 22 14 47 66 20 58 1 29 12 21 4 69 7 35 34 54 88 36 20 20 3 29 0 64 24 16 30 51 61 29 5 31 22 29 16 22 12 10 59 36 13 39 4 16 17 57 19 0 10 2 4 25 0 2 32 44 22 7 49 75 36 15 22 66 4 1 6 44 13 9 59 44 22 34 14 4 25 54 9 13 53 19 15 19 6 69 13 64
68 46 48 16 7 6 11 11 57 45 19 28 8 23 12 1 21 78 10 11 40 35 56 35 41 33 3 7 0 36 8 9 2 3 34 37 83 3 23 41 47 34 18 49 19 44 10 81 6 4 9 71 52 19 2 5 10 22 24 29 12 24 17 17 33 35 23 57 40 62 1 3 25 66 28 14 59 0 3 55 11 13 10 18 36 48 11 33 12 15 13 41 16 62
68 64 11 20 4 1 0 13 78 78 24 20 7 3 2 66 3 9 4 8 24 14 65 55 33 41 6 14 0 32 0 13 15 9 6 64 31 20 39 13 60 31 23 35 28 25 28 23 6 8 1 66 3 12 2 0 54 23 29 11 31 10 15 12 26 85 51 51 28 79 4 1 12 60 22 29 13 61 27 35 14 2 5 75 41 20 9 6 13 12 13 42 7 25
3 75 59 8 8 4 32 8 45 78 25 92 1 24 24 0 20 64 6 31 5 84 16 1 29 39 2 39 0 18 2 25 1 3 40 5 2 23 2 45 26 30 6 22 29 37 15 85 1 36 13 53 11 22 7 3 37 19 58 75 34 37 16 2 16 3 41 45 7 8 4 5 4 36 15 0 11 21 16 42 17 5 33 35 11 52 18 25 17 5 25 69 36 83
77 64 12 5 27 6 29 6 22 23 25 20 13 9 17 44 18 49 7 32 12 71 90 13 30 41 2 15 0 50 17 9 12 55 23 9 21 36 3 10 43 16 51 10 17 8 3 50 0 24 24 79 17 9 5 5 1 22 10 67 32 36 13 5 52 0 11 18 13 46 12 3 33 70 11 34 67 12 1 72 24 6 28 54 4 7 72 27 17 21 14 24 33 80
62 98 16 7 20 1 16 14 36 51 45 15 11 20 24 42 23 5 0 32 28 71 64 13 45 38 2 36 0 72 1 7 3 2 44 67 57 30 8 9 31 17 47 14 0 39 9 63 4 15 32 17 60 20 2 6 70 14 30 47 3 71 32 15 12 17 30 14 16 4 8 1 34 34 4 14 21 38 14 44 21 16 0 85 35 36 10 14 10 5 24 48 13 64
45 27 46 1 5 2 5 14 82 18 34 29 10 10 21 68 15 59 6 15 26 78 66 47 26 40 0 39 0 75 27 9 1 9 56 55 92 27 5 35 50 52 30 23 18 27 55 27 7 23 11 84 58 0 3 3 67 8 62 56 11 6 35 1 48 18 1 69 45 52 8 2 32 22 21 28 80 36 20 33 13 6 16 22 52 4 21 26 1 4 19 34 41 58
52 14 15 14 9 2 20 3 24 45 24 92 4 27 13 27 6 40 2 14 34 45 35 44 15 36 6 43 0 28 3 9 26 1 22 24 55 36 24 39 67 7 19 57 21 66 60 74 5 50 14 51 68 28 8 0 35 21 11 36 19 43 14 17 34 44 29 16 45 29 10 2 11 33 24 16 69 37 14 25 3 5 17 80 25 49 29 11 10 20 9 33 13 34
67 21 12 17 24 0 33 9 40 2 40 27 2 35 20 57 26 23 6 10 12 10 14 21 62 20 2 32 0 55 12 1 16 23 60 4 91 36 25 19 66 38 19 43 42 0 44 9 5 29 24 58 30 21 18 0 11 13 19 73 17 18 31 19 16 96 66 34 23 10 1 0 64 8 40 18 33 27 16 56 15 10 27 40 8 8 76 5 12 17 1 75 33 25
2 53 29 19 18 6 21 9 84 3 14 14 11 30 11 79 18 53 10 20 34 22 73 43 43 4 6 43 0 56 25 2 12 58 76 46 5 8 24 2 34 63 23 29 40 16 4 50 4 10 28 25 13 26 6 2 54 20 25 28 15 32 18 11 26 75 27 0 7 17 2 4 6 19 19 5 82 26 2 49 17 11 14 78 50 55 33 26 12 19 11 21 31 43
71 32 58 18 4 5 17 6 12 55 1 1 10 32 25 41 16 73 0 1 2 7 29 32 25 10 0 33 0 66 13 18 36 57 69 69 49 10 25 10 22 44 30 6 9 15 35 77 0 35 14 19 29 19 16 1 32 24 64 21 7 55 50 19 32 48 8 46 26 80 3 2 59 59 27 5 6 0 12 70 23 10 13 34 43 26 10 4 15 0 14 60 55 53
49 90 46 14 30 3 24 8 52 53 18 31 0 22 11 33 11 73 10 8 8 20 69 48 2 35 7 23 0 67 11 10 9 15 14 52 57 20 16 41 52 31 91 6 22 59 42 32 3 13 1 52 57 3 7 0 1 24 33 3 3 47 33 5 28 95 36 36 49 62 12 2 56 68 24 1 24 73 0 7 3 0 10 77 11 30 51 0 9 2 11 10 47 37
67 93 41 9 15 5 1 14 38 26 24 65 6 31 0 22 18 8 3 18 2 80 46 56 62 9 0 43 0 39 16 25 20 7 1 33 10 21 33 28 31 58 12 19 11 9 39 41 2 4 0 81 59 15 0 1 9 5 11 57 5 58 41 7 5 77 10 47 23 4 1 4 59 41 20 44 86 7 1 12 23 11 5 79 53 12 29 36 9 20 0 7 43 93
19 24 54 15 20 5 9 4 23 5 8 63 11 4 11 3 7 60 12 3 37 69 54 64 54 18 0 29 0 91 9 27 25 21 75 2 76 11 22 8 52 23 47 17 21 63 2 45 5 7 4 37 42 19 14 6 76 17 43 89 8 62 25 1 36 80 14 6 38 74 10 4 41 17 36 8 22 37 15 47 24 3 23 89 46 8 20 33 10 6 9 3 38 59
48 43 37 7 19 2 25 10 72 39 3 46 13 1 10 68 4 41 11 28 36 46 39 16 40 5 1 23 0 93 11 5 27 40 34 47 73 10 31 37 26 45 44 30 39 46 0 56 1 52 27 19 70 15 1 5 54 4 1 97 19 59 8 4 46 96 44 16 3 69 8 1 70 59 30 16 11 80 19 59 16 4 21 70 46 33 27 9 6 2 5 35 26 16
37 85 5 7 7 1 4 10 50 20 9 64 4 14 21 38 16 8 6 0 44 81 40 0 60 34 4 31 0 41 9 16 33 29 44 56 24 28 20 13 17 55 24 31 9 63 44 81 6 27 10 73 38 15 16 2 1 15 23 57 11 29 29 15 49 20 2 19 44 43 7 1 46 51 40 26 12 7 8 55 6 3 15 87 33 25 66 28 0 18 12 48 54 23
42 14 49 17 3 1 9 4 66 53 31 92 6 18 17 33 21 2 11 29 20 58 59 48 25 5 7 27 0 12 11 3 34 50 0 65 32 21 33 6 31 48 35 6 44 43 26 63 2 39 8 69 29 1 19 6 82 18 7 13 27 38 35 9 34 70 2 17 14 21 10 0 39 8 1 20 51 43 24 65 23 12 30 92 30 35 42 36 4 19 25 2 47 78
79 22 13 22 3 0 23 3 83 25 45 0 7 0 16 62 3 4 3 3 25 37 81 49 32 16 4 40 0 17 27 6 18 2 12 66 33 29 20 43 9 55 19 0 69 47 56 18 0 3 9 95 59 8 5 3 0 18 49 95 7 38 17 14 15 26 11 39 7 41 2 0 76 62 30 7 92 35 16 66 8 10 5 35 28 46 44 2 13 17 15 69 11 76
74 28 8 8 16 6 1 3 33 44 33 52 1 29 13 1 15 80 11 5 21 30 7 43 9 0 2 22 0 1 7 7 22 62 6 25 19 36 24 18 6 36 72 44 34 62 18 4 6 19 22 6 5 28 14 1 17 16 65 40 5 27 33 2 13 23 68 43 17 64 8 5 10 17 20 9 59 37 22 35 15 6 23 32 49 43 27 38 6 0 0 8 32 23
89 89 44 20 30 3 15 6 68 36 8 3 5 31 16 69 12 26 0 0 14 15 62 20 26 13 3 40 0 77 7 5 22 61 66 44 79 11 9 6 3 61 27 3 13 19 1 72 2 15 17 46 60 22 7 4 17 27 40 30 27 15 37 12 47 16 19 38 26 68 6 3 25 46 28 13 13 80 23 21 0 6 13 35 35 56 38 23 11 1 1 30 51 14
7 14 17 14 9 2 0 8 8 51 42 45 10 7 19 9 19 24 0 19 14 24 0 25 4 41 0 1 0 8 1 24 0 12 19 68 78 24 2 5 68 21 66 57 65 13 42 35 6 16 9 49 23 12 13 6 48 32 35 56 6 26 12 15 30 58 29 11 51 25 7 3 34 51 39 15 8 73 7 29 9 2 29 19 44 11 27 9 15 8 1 37 29 53
60 94 18 13 2 1 8 6 44 14 15 85 5 6 2 59 0 46 11 22 3 5 27 18 45 16 6 42 0 59 18 24 17 33 4 32 40 18 1 36 67 5 76 57 25 45 15 16 3 2 10 12 34 3 19 2 34 26 52 24 5 30 28 11 27 80 43 43 36 15 12 1 18 27 16 23 5 71 18 18 25 16 13 71 56 18 54 37 3 8 15 54 37 92
61 79 38 21 5 1 7 9 21 6 36 92 6 25 17 10 22 64 7 16 22 6 37 52 36 1 1 36 0 56 25 0 30 30 64 50 81 7 7 11 69 4 66 40 31 14 57 74 4 41 32 9 69 16 7 2 63 30 51 64 11 6 47 19 7 25 26 18 33 24 6 5 53 58 41 4 7 33 22 62 22 6 9 27 14 37 40 14 7 3 14 38 12 80
45 85 48 14 27 7 22 14 26 19 43 72 5 6 6 40 3 0 12 7 4 19 49 64 13 1 6 43 0 82 20 0 6 9 74 51 65 13 16 16 67 45 52 59 29 24 10 80 5 40 19 82 20 14 5 3 18 21 35 55 1 11 15 4 40 15 45 13 43 53 10 1 1 64 23 5 42 80 10 0 26 15 22 0 14 46 48 28 1 15 21 28 20 62
15 60 9 17 0 5 26 3 66 58 24 29 4 13 10 28 24 59 1 30 1 21 20 33 35 32 0 37 0 71 19 2 16 46 74 74 89 17 11 34 26 62 92 41 44 21 24 39 6 25 30 82 62 28 4 4 70 2 29 93 25 77 26 7 51 81 4 30 8 56 2 0 17 65 9 2 14 17 20 41 5 15 8 25 11 5 36 31 17 8 10 59 17 19
6 23 21 8 7 6 25 14 10 65 7 0 3 29 7 62 23 64 10 20 27 2 26 52 21 3 4 16 0 52 10 8 18 51 70 79 63 18 21 44 4 59 17 49 15 54 40 1 0 49 0 55 33 3 15 4 59 10 56 67 25 6 33 19 26 6 15 61 30 25 8 1 9 28 23 37 9 16 15 32 4 8 4 84 6 32 82 24 10 20 7 26 4 7
49 79 8 18 24 2 16 14 66 69 19 0 9 3 17 45 15 73 10 6 27 57 53 56 20 42 7 30 0 34 10 10 20 51 11 71 25 37 12 35 36 36 70 54 21 70 8 40 4 52 28 58 38 11 9 6 24 16 57 35 4 63 9 19 54 65 49 22 29 67 11 5 78 10 8 15 77 49 9 24 19 11 24 76 57 8 10 24 0 15 21 69 33 70
63 79 45 3 15 1 12 13 70 13 19 34 8 28 23 5 4 42 0 19 12 0 74 25 38 41 7 19 0 89 7 9 28 34 51 69 80 38 26 35 31 22 27 18 4 4 20 17 0 41 14 40 20 4 14 2 18 22 5 93 31 74 3 2 41 23 67 42 5 73 7 5 35 53 33 20 61 70 8 30 0 12 16 45 51 45 82 28 2 8 24 8 2 94
8 92 57 4 11 1 2 11 42 65 2 90 0 35 14 48 5 77 8 29 15 65 12 23 66 39 1 42 0 71 7 19 9 43 23 12 34 8 32 10 4 10 35 28 7 5 63 25 1 44 15 89 44 25 16 2 23 20 52 91 0 44 50 5 5 67 35 44 9 6 5 4 50 6 5 30 28 55 19 43 22 6 20 56 30 32 9 23 2 18 27 66 0 74
44 48 45 8 6 7 15 13 44 67 13 83 12 14 24 52 20 46 0 25 29 67 21 36 18 41 1 10 0 40 12 1 7 66 73 65 23 4 31 15 1 34 18 17 62 8 34 52 5 12 14 61 40 20 2 5 14 17 65 68 16 2 25 12 36 43 1 57 28 80 12 1 32 65 17 5 44 36 24 50 16 15 25 20 41 29 4 38 17 16 20 31 34 49
4 92 55 11 14 0 30 3 38 0 28 45 12 35 11 78 5 3 5 33 17 9 67 1 57 9 0 23 0 7 7 23 6 1 52 17 81 23 21 19 13 29 75 40 39 26 52 20 7 50 13 33 29 13 5 5 59 24 69 60 10 49 24 16 31 52 69 5 13 53 13 0 41 60 30 7 76 77 4 51 26 4 33 19 50 51 76 8 5 9 24 36 52 12
24 74 10 2 23 6 19 7 9 51 19 77 4 12 17 94 11 49 8 4 37 24 65 32 41 31 7 9 0 41 14 3 27 12 17 62 20 23 27 21 54 0 89 3 34 57 46 8 1 42 10 70 58 14 3 2 82 35 9 17 28 66 17 15 40 66 29 66 39 80 12 4 47 16 6 33 93 32 15 8 6 15 13 31 41 56 85 31 16 18 4 66 51 40
54 8 24 23 14 7 27 7 76 68 32 44 0 33 21 39 0 71 5 0 20 29 47 40 17 39 3 4 0 7 7 23 30 38 0 10 13 18 37 9 32 48 5 48 46 33 29 84 0 34 11 25 57 1 13 4 76 23 34 33 3 57 6 0 22 84 13 13 48 2 2 5 29 45 21 6 32 50 19 64 16 10 31 69 48 52 54 35 8 3 17 60 36 84
24 99 10 20 16 5 10 4 35 25 0 74 9 14 1 83 20 38 2 23 7 82 55 13 66 13 3 20 0 77 1 24 18 55 53 26 36 3 5 6 1 10 39 40 56 41 64 15 3 24 9 49 32 22 1 4 38 14 44 93 23 39 0 17 34 43 48 1 26 48 13 4 20 20 35 34 17 37 7 25 5 1 30 33 46 47 40 31 6 19 0 63 41 75
88 84 46 19 7 1 8 10 38 82 20 13 3 26 20 90 22 52 9 12 0 57 85 60 22 43 0 39 0 54 20 17 24 65 30 54 84 0 14 13 37 25 93 29 55 22 6 18 6 39 29 16 76 2 10 2 70 31 5 74 9 18 46 5 2 97 29 5 45 6 6 0 6 23 19 37 71 72 9 68 24 4 31 42 9 5 8 21 5 0 13 36 9 97
22 14 55 5 22 2 20 13 64 73 0 88 2 8 17 44 20 30 11 21 27 25 51 53 27 41 6 41 0 25 12 14 13 36 3 79 77 17 26 3 30 41 50 10 68 27 57 45 1 52 28 15 47 24 2 0 26 1 48 46 33 44 5 3 33 18 49 51 14 24 10 4 8 37 10 17 0 3 14 70 7 6 2 73 51 19 18 35 10 1 7 22 35 52
60 61 43 15 9 3 1 9 78 71 48 78 12 9 2 4 21 19 6 29 29 56 56 8 36 7 5 12 0 83 16 11 5 23 68 18 73 26 38 45 55 5 58 30 69 67 42 23 2 18 5 47 56 4 15 5 70 9 20 5 33 51 31 10 39 92 58 55 49 2 4 3 31 63 37 0 81 30 11 60 12 4 24 1 3 20 33 1 3 21 15 68 45 41
11 41 59 23 14 3 26 6 32 33 24 29 13 12 17 43 0 74 3 31 12 65 89 50 52 19 5 26 0 87 22 9 6 27 11 21 85 1 0 0 4 17 92 56 19 24 50 77 5 6 3 65 73 9 4 6 59 27 27 33 20 38 51 4 14 2 21 4 15 65 5 4 45 48 33 44 87 20 1 1 17 16 20 91 34 9 72 25 16 2 21 4 10 35
87 10 51 2 9 3 4 7 73 32 48 62 1 35 16 82 0 61 0 14 36 28 75 37 23 14 3 7 0 85 24 3 10 66 61 21 19 28 17 2 50 52 69 30 38 72 43 42 0 42 9 22 20 10 1 5 17 34 61 10 33 53 28 19 26 93 33 25 50 24 13 0 17 72 3 37 5 50 10 38 11 14 8 60 53 28 76 17 13 8 14 77 52 90
86 33 53 1 8 1 29 8 31 60 6 81 10 32 21 91 27 79 6 28 11 63 6 22 28 42 4 6 0 53 4 13 13 60 72 52 45 15 20 4 33 18 38 30 4 29 14 82 3 32 19 68 44 17 7 2 69 2 49 3 34 50 1 13 40 17 4 44 15 0 12 2 61 20 27 43 39 24 1 28 7 2 16 12 24 20 41 29 0 1 18 4 26 80
1 52 56 20 6 4 5 1 68 14 17 41 8 6 0 84 12 79 0 22 9 55 18 57 66 31 2 17 0 23 11 12 31 65 52 6 0 4 4 31 2 39 9 44 16 67 51 44 5 19 8 50 36 5 18 6 6 26 40 85 4 23 53 17 24 15 66 26 8 5 13 3 4 17 2 11 80 80 22 17 6 9 8 57 27 57 85 36 11 9 24 8 51 19
12 1 34 0 30 6 3 5 40 53 38 52 13 31 3 56 11 8 9 31 27 62 81 19 6 34 4 18 0 84 22 14 31 41 37 6 59 32 0 23 48 8 1 2 49 27 32 84 7 46 5 59 35 13 18 6 44 37 57 50 18 11 36 10 48 37 4 52 46 33 2 0 59 59 23 38 32 51 27 59 22 0 9 70 11 26 32 5 5 2 4 55 55 64
81 9 52 13 14 7 26 11 32 79 43 75 12 23 13 89 13 54 6 18 11 7 8 26 26 8 6 40 0 41 23 14 16 51 9 70 51 15 1 18 30 9 20 27 64 20 8 14 3 27 12 38 78 20 11 4 40 11 42 87 8 46 28 5 19 9 7 54 41 36 5 5 22 72 0 37 3 2 7 54 8 13 23 44 21 32 72 29 10 6 10 30 9 95
0 1 22 13 12 4 12 14 73 68 4 62 1 16 6 83 14 20 9 26 42 12 24 61 8 28 4 8 0 63 27 20 1 33 15 29 73 27 15 7 39 23 82 17 50 10 39 58 5 36 2 86 9 10 12 0 31 15 70 44 30 10 50 18 9 1 45 25 1 29 10 5 3 17 28 28 20 74 17 20 7 9 0 71 39 11 40 38 13 1 1 39 31 61
4 19 8 15 24 1 7 2 8 38 7 84 1 29 21 46 16 75 10 16 12 61 58 31 61 25 4 37 0 69 6 12 35 55 6 61 74 31 8 13 8 51 56 25 24 37 14 25 3 14 32 4 58 13 5 0 84 28 19 63 26 23 14 1 42 21 47 3 30 73 6 2 19 43 25 16 85 42 0 40 19 12 29 45 35 17 23 12 6 21 21 62 21 32
0 67 6 18 8 1 13 10 33 48 40 49 3 14 10 97 22 65 10 3 9 28 33 34 10 36 0 32 0 32 8 26 19 36 46 70 59 34 37 29 16 9 90 36 3 1 1 55 0 11 21 83 49 2 3 2 12 0 37 89 35 67 9 4 14 11 8 37 31 42 12 2 18 37 19 29 88 76 20 66 14 12 21 83 42 38 66 28 8 14 8 29 12 42
84 57 3 5 10 0 23 10 54 40 21 22 1 15 3 3 19 38 6 22 15 55 34 13 29 17 5 22 0 93 1 11 5 30 5 81 3 3 31 0 59 13 42 5 73 66 56 43 6 43 12 88 88 27 15 2 30 9 63 58 0 43 30 17 28 43 5 70 45 60 3 5 29 43 19 36 80 70 17 57 15 9 12 85 16 12 43 9 4 14 9 69 25 14
77 59 55 20 25 3 17 5 64 72 16 87 6 23 24 86 9 26 2 20 22 63 60 25 8 23 0 45 0 26 25 6 24 12 17 19 59 10 26 20 36 49 76 32 1 63 12 0 7 51 16 16 7 11 6 5 0 25 41 11 36 71 31 17 33 41 23 25 12 59 7 3 71 1 0 1 55 64 12 29 16 2 28 83 26 42 19 14 6 3 4 4 5 63
34 63 37 17 8 5 31 6 62 9 34 34 9 21 0 51 22 23 11 8 0 26 55 4 46 31 1 16 0 29 17 16 8 41 76 0 21 27 27 32 33 28 73 34 7 37 61 1 1 6 7 59 51 8 7 0 38 34 2 89 8 45 41 9 49 13 17 66 40 56 0 2 3 18 16 18 14 75 4 15 16 4 29 38 45 22 30 17 15 13 24 71 30 92
43 94 3 0 4 6 2 8 47 33 33 60 8 20 22 20 18 6 10 6 6 19 15 38 62 13 2 24 0 44 25 16 35 12 50 70 38 28 27 3 1 57 14 20 28 72 54 66 2 30 1 80 35 26 5 1 4 20 28 48 13 62 39 19 3 49 27 39 18 34 9 2 70 38 6 37 79 79 17 60 0 17 26 13 31 9 72 15 7 9 19 76 11 75
17 96 20 8 16 4 24 13 60 27 41 16 5 9 23 25 3 72 2 28 32 47 23 35 11 7 7 15 0 20 27 12 31 38 68 13 61 31 8 22 55 13 5 37 44 2 28 39 6 3 0 68 35 15 10 4 13 3 29 22 33 32 25 16 13 51 38 30 3 27 4 1 61 3 26 11 2 23 16 57 5 14 33 35 45 1 11 18 6 20 14 58 10 7
64 68 50 14 0 6 4 7 25 20 49 80 5 27 4 64 3 2 11 14 38 11 57 30 36 41 6 8 0 40 17 9 27 2 45 13 16 17 39 37 56 16 49 37 47 29 49 49 3 24 24 72 71 10 9 6 16 19 42 17 20 51 27 7 3 5 56 22 28 68 6 2 64 29 8 44 26 50 18 25 10 9 10 39 14 18 44 23 13 22 23 30 46 5
81 36 3 5 30 2 14 7 17 6 48 8 11 20 24 85 14 37 9 6 24 79 50 41 64 29 5 36 0 50 10 26 6 20 9 76 29 8 27 7 13 18 13 17 5 35 55 9 1 49 6 92 36 3 13 4 50 24 65 28 25 70 30 13 39 25 48 42 40 23 8 0 63 25 37 26 68 52 10 60 7 12 21 27 36 19 2 21 13 19 6 41 3 75
14 57 39 15 16 6 28 6 9 57 41 78 9 23 5 6 20 39 9 21 5 24 24 39 43 41 3 27 0 1 15 15 31 19 8 44 71 28 18 5 36 2 28 59 20 13 12 75 2 14 7 55 17 9 20 1 38 18 48 77 13 60 30 14 27 87 44 17 38 30 9 1 60 23 6 11 9 3 9 67 13 13 7 28 44 38 65 0 16 17 21 42 6 12
61 39 24 2 8 4 20 4 27 56 26 87 8 1 13 32 0 37 4 26 37 15 32 13 34 6 2 8 0 26 5 29 27 2 49 21 91 16 16 43 44 17 47 20 36 38 55 5 3 4 30 18 57 7 1 3 5 20 69 74 14 35 31 14 23 70 11 68 6 26 2 2 47 50 22 18 32 67 1 6 8 12 13 14 43 32 67 19 3 15 6 44 37 53
59 51 33 18 3 2 9 2 2 1 38 12 11 23 23 70 2 50 11 2 43 66 92 33 52 11 2 26 0 40 19 20 25 33 52 2 34 25 20 33 21 42 60 54 58 24 45 19 3 28 17 78 71 19 4 2 19 6 34 16 18 34 1 17 32 42 30 66 30 37 12 0 26 19 4 0 20 16 8 33 23 8 18 92 57 8 25 22 1 2 8 28 58 65
68 57 54 7 18 5 9 10 86 17 11 37 5 14 7 86 18 52 5 25 44 14 89 64 6 14 7 23 0 10 19 7 13 11 53 64 79 36 33 31 56 51 32 9 14 32 35 8 2 50 25 66 4 2 8 5 66 11 5 90 25 4 12 6 7 84 22 7 1 22 8 1 26 65 41 23 9 69 25 23 13 12 4 9 49 25 10 10 11 6 7 9 26 38
52 17 55 16 8 4 13 6 18 72 17 17 1 25 14 18 15 50 8 1 10 2 40 26 2 45 0 6 0 73 13 17 25 19 59 62 39 11 30 7 50 12 63 11 10 56 18 45 4 35 26 86 37 4 20 2 57 26 22 34 20 51 20 7 50 17 3 37 12 1 1 2 63 50 8 12 72 58 16 35 22 5 33 40 8 3 13 18 11 9 1 36 48 10
34 2 23 3 17 2 11 1 27 63 10 81 10 20 19 61 17 77 3 19 32 74 14 47 59 25 3 23 0 2 5 8 22 16 77 23 57 25 26 24 20 26 32 39 14 13 33 20 1 26 20 68 43 3 13 5 6 29 62 62 14 34 11 16 27 37 67 14 36 16 4 5 24 43 27 11 8 18 10 35 12 10 25 83 18 15 72 25 14 16 0 70 11 86
60 57 29 7 0 2 12 10 56 66 49 38 2 26 3 9 10 9 7 14 31 62 33 59 15 30 0 8 0 41 2 8 8 4 25 67 7 13 16 24 11 37 58 55 28 7 41 84 6 24 2 50 35 28 20 1 0 28 32 66 17 17 44 19 15 3 56 46 0 70 6 2 25 32 33 3 39 21 2 52 19 17 0 32 19 8 45 3 13 4 9 8 6 82
75 38 0 9 27 6 3 11 11 43 8 46 2 25 20 57 22 15 2 4 5 34 53 32 47 3 4 24 0 94 21 20 26 9 56 46 20 31 2 16 69 27 48 0 55 65 6 40 4 13 16 19 11 12 7 1 76 34 49 22 27 31 47 2 17 11 57 16 5 0 8 3 42 16 18 21 20 65 12 30 22 13 24 66 25 50 88 15 14 17 1 45 44 51
66 27 2 12 28 0 15 1 21 39 22 28 11 32 6 93 25 71 0 1 4 70 55 29 34 2 5 5 0 77 7 14 26 40 27 1 29 1 32 20 55 32 75 9 47 27 62 0 0 7 5 2 42 25 5 0 25 21 69 57 1 0 1 12 51 83 11 40 2 15 6 3 69 50 12 33 91 49 25 27 7 2 14 6 53 36 11 14 1 0 5 11 13 69
16 76 1 13 22 4 5 4 41 40 6 88 5 13 10 59 25 29 9 16 42 67 45 25 11 20 3 13 0 80 15 9 33 49 46 76 25 29 38 40 12 9 48 24 67 1 46 45 4 54 22 52 40 24 8 6 53 12 52 41 34 42 45 14 52 50 8 13 52 40 2 4 6 54 27 20 66 49 28 72 20 6 13 10 34 8 55 31 13 14 16 29 22 5
