100 100
37 47 44 38 83 91 65 78 58 24 81 92 15 88 58 15 33 10 28 12 55 59 48 25 10 80 33 34 55 35 75 94 12 30 6 60 72 36 68 19 71 4 98 91 38 69 87 51 38 46 91 0 27 40 71 92 66 71 98 78 5 100 50 85 10 21 99 19 18 89 79 11 88 33 49 29 14 86 50 50 9 62 0 54 13 97 46 5 2 13 27 61 28 42 50 44 58 5 8 27
29 14 33 0 56 24 34 47 46 1 56 85 11 84 21 14 17 3 4 4 52 51 25 7 10 41 11 28 30 8 72 19 3 5 6 44 70 36 34 16 50 1 11 13 9 63 3 33 25 4 85 0 5 21 32 8 44 16 41 22 4 79 29 38 5 21 71 18 9 78 40 0 27 32 26 29 10 11 25 27 7 56 0 10 8 79 19 0 2 10 18 43 7 15 6 6 32 0 5 19
34 30 9 2 25 43 0 46 43 12 57 84 1 66 16 12 22 2 12 0 40 31 11 15 0 39 30 10 33 4 51 76 8 7 1 3 8 8 16 10 42 4 65 33 7 52 52 43 11 19 83 0 16 8 36 46 20 11 5 23 3 89 3 28 6 21 65 19 3 29 52 7 88 14 44 20 3 17 45 12 9 58 0 38 2 92 45 0 2 3 26 45 0 30 3 31 20 0 1 6
27 41 16 31 74 41 49 39 0 23 73 37 12 61 43 15 22 1 11 0 22 0 39 21 2 53 17 3 43 9 58 76 3 18 3 40 47 32 55 17 18 3 69 19 27 69 72 17 19 19 67 0 0 25 2 34 36 41 5 46 4 64 4 38 9 4 39 8 17 16 75 8 83 20 49 0 13 58 12 26 8 22 0 30 2 6 46 3 2 1 6 1 16 0 41 21 13 4 2 17
1 11 44 9 34 77 44 3 5 2 64 29 1 53 35 12 31 8 3 4 11 30 31 15 10 43 1 18 45 3 50 61 2 9 1 1 65 18 14 5 66 0 77 71 3 63 22 35 20 11 23 0 2 14 23 85 34 42 34 54 2 52 5 77 6 19 83 14 5 52 15 6 82 22 8 26 4 56 28 41 7 48 0 26 10 21 40 5 2 6 0 19 22 3 29 21 5 5 2 23
33 1 34 6 68 61 4 65 46 12 15 18 4 13 24 13 31 8 14 0 49 24 47 16 5 73 19 5 45 17 6 63 6 0 1 5 27 7 29 13 19 3 78 60 33 51 19 3 24 43 43 0 6 27 58 57 59 64 48 70 5 92 3 10 7 16 23 0 16 28 18 0 25 29 16 21 2 72 47 4 7 2 0 18 1 96 3 5 2 2 1 7 22 41 35 39 24 5 8 0
4 18 3 35 66 15 40 35 29 3 14 31 0 61 37 10 1 6 15 9 0 47 31 3 1 26 17 1 55 31 56 7 11 18 0 56 27 10 32 0 31 1 60 71 6 27 78 36 18 8 25 0 1 33 40 5 44 60 6 7 1 44 0 20 5 21 40 4 6 25 72 1 11 9 30 11 8 60 21 28 0 26 0 26 9 83 39 0 1 8 9 41 1 21 3 31 55 0 6 22
0 7 33 35 52 44 47 48 51 0 79 67 11 29 54 2 9 6 22 1 16 37 39 21 3 16 6 30 51 21 65 39 10 20 1 42 34 31 60 6 36 1 59 28 3 22 14 14 3 27 33 0 16 19 69 57 52 21 61 55 5 40 42 70 1 17 10 10 14 72 59 11 5 0 17 13 7 13 8 13 0 46 0 31 0 60 6 4 2 4 19 9 16 23 17 1 26 0 2 5
36 44 14 1 11 83 30 6 3 0 36 50 12 37 44 13 25 9 17 9 54 29 36 22 4 2 16 31 14 27 19 65 12 10 5 7 50 27 39 4 59 1 74 24 19 17 27 51 24 22 74 0 11 26 22 75 38 58 88 11 1 95 4 34 2 5 81 19 16 50 59 10 31 2 23 13 9 24 26 45 5 52 0 43 7 15 14 0 2 5 14 54 22 17 21 12 16 2 7 5
6 33 13 28 52 3 17 58 31 14 37 0 6 76 38 4 17 1 28 1 44 46 20 17 7 17 7 33 25 3 33 8 11 11 5 2 23 35 42 8 23 3 76 5 3 39 23 15 8 25 83 0 22 25 42 44 31 45 14 10 4 9 19 3 7 8 49 15 8 73 72 8 29 21 5 23 1 4 45 39 5 32 0 40 10 55 35 4 0 5 1 57 23 8 35 42 13 2 5 13
19 16 42 4 38 76 10 26 7 10 40 19 12 34 9 10 10 4 26 9 27 24 15 2 4 19 7 26 36 26 5 24 0 7 4 24 62 0 13 12 27 0 78 5 35 13 58 10 15 37 70 0 6 10 28 79 4 60 72 64 5 6 29 84 0 2 7 5 17 54 18 6 32 26 29 19 3 69 0 50 7 28 0 20 4 11 33 5 2 5 25 33 0 28 37 25 4 0 2 10
14 37 41 34 83 61 45 47 8 0 22 11 8 9 40 11 7 0 26 9 21 51 42 11 8 55 1 8 5 16 36 91 6 6 4 21 47 22 53 19 49 4 26 79 1 25 80 26 18 39 54 0 4 19 13 17 42 54 93 21 1 37 36 31 4 10 41 7 17 29 38 10 28 5 10 0 9 16 34 34 2 0 0 37 2 29 26 4 0 12 12 26 10 10 42 32 26 0 5 4
31 28 5 8 62 78 40 17 53 17 46 77 10 56 46 8 12 3 1 3 22 59 38 3 9 76 25 16 9 32 19 71 10 0 5 0 29 23 62 3 19 3 88 13 23 4 56 26 30 32 55 0 5 25 60 59 65 13 37 25 1 57 5 58 6 8 63 15 10 67 36 5 84 12 25 12 8 78 8 20 8 56 0 19 5 8 2 3 2 11 24 19 7 20 31 3 29 2 4 25
29 37 4 34 71 54 62 50 12 5 79 70 7 80 34 12 27 2 13 1 31 43 34 20 10 4 31 32 43 31 54 62 5 10 1 53 55 18 22 15 1 3 22 33 29 36 79 16 33 39 84 0 13 39 11 66 40 46 62 39 0 52 41 72 2 7 16 1 11 87 71 1 19 18 47 14 10 17 26 9 3 24 0 6 2 28 10 1 2 12 2 21 16 26 1 16 34 4 4 23
37 28 9 37 70 41 59 10 16 16 50 59 8 2 41 8 25 3 23 5 28 46 23 10 10 37 18 5 12 29 43 91 0 8 0 37 42 17 31 7 71 0 44 32 0 60 35 47 29 45 6 0 2 14 60 10 36 31 74 39 3 75 17 71 1 3 43 0 8 49 12 7 33 18 36 10 13 18 35 17 1 3 0 18 11 55 11 4 0 2 15 38 28 26 26 30 11 2 1 7
23 17 28 33 54 68 28 71 8 17 4 14 9 17 2 13 9 0 14 3 54 40 10 3 0 37 29 15 6 14 67 87 5 24 4 3 63 3 59 8 36 4 32 9 1 46 44 34 23 29 80 0 16 12 65 63 3 10 71 63 4 79 2 11 7 21 52 3 15 66 43 0 55 18 46 14 14 35 33 47 7 3 0 22 7 21 0 1 0 0 21 60 16 2 30 18 29 2 0 3
15 34 33 36 36 40 40 41 56 13 8 87 11 37 52 1 26 7 13 2 31 54 20 0 2 46 4 15 34 32 20 31 8 4 3 39 28 4 4 4 2 2 42 7 18 25 34 9 4 24 26 0 0 32 17 16 40 68 97 52 2 56 28 1 8 8 46 16 11 58 32 3 75 29 23 9 6 31 46 23 1 13 0 3 13 44 26 4 2 3 7 55 10 23 8 15 47 5 5 27
26 27 33 27 2 56 47 20 54 5 44 54 14 6 13 1 15 7 20 4 42 0 28 20 7 39 25 24 33 30 35 79 8 11 3 8 27 2 4 5 63 0 52 39 13 68 4 51 33 42 51 0 11 1 29 13 56 69 89 36 3 89 5 40 9 7 11 11 15 57 14 6 82 20 40 4 5 39 41 37 2 33 0 11 9 91 31 2 2 8 24 27 1 1 49 33 6 3 7 7
35 11 0 1 18 72 20 51 45 22 75 80 1 73 30 8 32 3 1 7 0 18 28 21 10 72 14 20 9 33 34 63 11 4 1 53 6 16 37 10 1 3 59 39 31 25 33 48 6 19 1 0 11 6 70 7 48 45 23 49 1 58 24 9 10 10 97 15 13 0 15 9 78 27 13 10 3 45 30 30 4 18 0 25 9 57 31 2 1 2 17 13 10 35 25 21 7 4 5 10
29 15 34 9 79 86 53 56 17 19 77 65 4 57 17 12 7 2 22 1 17 6 26 7 7 11 1 27 21 16 13 68 6 22 6 9 29 15 30 10 16 3 77 34 38 29 2 12 32 25 60 0 27 11 57 8 64 30 53 60 1 97 43 63 1 4 79 3 5 25 49 4 29 31 26 4 6 17 17 36 6 48 0 35 4 28 20 1 1 5 19 53 7 11 32 15 41 1 7 7
37 0 3 19 7 46 15 62 57 5 58 85 12 0 1 13 8 3 13 11 51 32 41 20 6 46 12 19 51 11 23 56 2 19 1 47 42 26 68 3 7 3 39 10 37 48 27 3 24 24 18 0 4 36 56 87 38 67 80 68 2 42 6 4 0 20 61 17 12 63 30 5 43 26 15 27 6 55 31 45 3 48 0 37 2 34 15 4 1 12 20 24 17 23 27 37 12 4 7 17
20 18 8 3 61 67 49 38 48 24 46 86 14 46 2 5 9 7 19 12 39 59 22 2 7 36 28 6 41 11 14 33 0 4 2 38 31 26 7 3 52 1 56 41 32 21 31 38 9 10 25 0 4 22 47 74 36 52 89 71 4 33 13 51 7 2 11 15 4 77 33 1 77 9 24 11 5 50 31 28 4 20 0 47 1 10 25 3 2 10 19 50 19 16 9 39 24 1 5 21
36 9 42 14 41 79 56 29 48 4 22 17 13 2 38 10 1 10 15 11 20 16 32 18 5 38 33 17 46 17 57 8 11 13 1 41 40 35 19 13 50 3 36 82 31 66 64 27 25 46 69 0 22 21 24 53 20 39 55 18 5 34 11 23 3 21 56 0 4 48 63 8 47 4 30 2 6 37 41 23 2 59 0 41 7 59 18 4 2 5 13 39 8 0 3 8 53 3 6 7
25 28 15 5 11 51 21 63 46 0 72 90 5 37 23 11 26 4 3 12 27 10 30 25 4 24 27 17 7 23 73 67 11 13 6 23 0 33 27 16 57 3 98 17 21 28 63 21 36 13 28 0 22 35 25 83 16 54 4 16 3 17 35 32 9 14 70 15 3 52 69 1 49 31 20 15 0 10 17 34 2 22 0 42 3 47 39 0 1 6 20 40 8 12 43 4 19 1 4 23
8 4 4 8 51 84 59 32 49 23 66 55 8 73 49 7 12 0 15 5 14 0 20 13 6 52 6 13 15 32 41 59 9 27 2 37 43 32 55 14 5 3 62 66 14 53 49 28 34 28 73 0 27 9 7 37 23 30 52 47 1 88 7 23 6 6 94 3 5 32 44 8 85 22 37 21 5 14 0 40 7 45 0 53 7 12 45 4 0 5 6 26 26 39 13 37 44 2 2 8
16 44 14 10 82 34 17 51 36 22 75 5 15 71 42 0 22 4 0 1 37 16 7 22 4 2 17 12 26 25 53 22 10 4 4 60 32 13 59 6 31 4 62 13 16 57 11 47 5 5 8 0 7 17 49 18 39 35 30 8 3 38 29 69 2 3 9 11 14 45 54 1 5 14 37 7 11 14 5 8 6 42 0 20 8 7 46 0 2 9 25 7 22 12 28 18 28 1 3 6
5 41 36 36 50 8 25 49 23 10 7 16 7 45 27 10 32 8 13 8 55 3 2 16 1 1 27 15 3 17 19 77 5 27 6 57 33 13 66 1 63 0 18 1 11 20 26 33 9 0 29 0 9 40 2 85 9 20 40 51 3 47 35 76 4 2 97 18 1 73 14 3 51 9 28 12 3 29 48 50 4 39 0 24 0 26 10 3 2 10 17 7 14 28 30 38 42 4 4 5
6 43 9 4 52 76 53 70 19 24 11 9 6 30 10 11 22 2 18 0 19 15 33 24 3 27 18 17 42 26 8 91 3 25 0 26 23 25 22 9 16 0 32 17 8 9 9 13 5 32 52 0 24 16 17 86 65 27 37 22 3 98 3 17 8 14 6 18 17 38 24 8 55 33 0 4 10 75 22 31 8 4 0 44 2 62 42 0 0 10 6 59 20 12 34 40 36 0 2 26
20 24 27 38 82 3 23 15 27 6 80 14 6 54 48 11 1 10 4 7 6 51 15 8 6 73 21 2 21 31 56 25 2 20 0 49 10 31 30 3 7 1 65 53 28 3 15 51 8 26 86 0 24 29 63 59 25 52 23 43 2 63 49 8 9 14 47 3 17 85 42 4 29 15 30 21 4 60 40 44 6 7 0 49 9 45 42 1 0 1 21 56 13 13 7 14 10 1 3 18
6 33 38 24 36 83 38 50 33 23 44 77 5 21 39 11 10 7 6 8 19 31 42 13 9 35 23 25 17 13 69 64 2 7 1 39 71 20 3 19 44 3 15 27 30 19 62 17 30 26 61 0 1 11 26 60 41 63 13 68 5 1 11 29 7 20 80 6 18 39 60 7 37 33 31 28 9 23 14 2 9 6 0 26 8 52 8 3 1 0 3 50 21 31 26 43 34 0 2 19
32 3 6 29 47 71 4 48 52 13 70 79 5 56 55 4 24 5 21 9 27 19 4 5 8 60 10 32 3 33 70 57 4 30 6 37 7 36 6 19 45 4 72 53 26 31 6 28 4 6 1 0 25 2 50 44 61 18 17 44 0 4 40 38 8 4 35 15 10 60 71 9 77 9 44 9 5 34 36 22 8 47 0 24 4 34 38 0 2 1 5 23 22 24 38 0 54 2 7 0
26 18 15 32 43 21 64 28 4 10 37 20 1 11 39 8 3 9 4 9 0 18 0 20 8 43 26 13 25 7 32 77 10 5 4 27 8 1 63 13 40 0 84 59 6 11 75 51 38 42 69 0 11 35 8 9 33 61 10 28 1 66 19 52 2 8 82 5 3 48 9 6 3 7 49 20 2 59 12 17 9 51 0 23 10 56 34 0 1 2 0 3 25 11 4 26 57 2 5 8
17 33 39 11 4 20 36 30 50 1 26 72 12 8 3 7 14 1 18 6 43 26 25 13 10 1 20 22 50 31 52 32 4 25 6 30 55 13 47 9 66 4 58 70 34 24 17 12 36 14 75 0 27 29 1 17 10 37 29 69 1 75 9 38 5 0 28 19 8 57 53 0 15 12 49 22 6 46 45 43 1 36 0 14 6 10 36 1 1 7 20 5 5 8 18 31 4 5 1 27
0 5 9 18 57 68 5 53 37 3 9 65 15 47 4 7 31 2 3 1 9 40 26 11 5 72 21 13 32 2 18 33 11 6 4 7 14 33 38 0 30 2 40 80 12 65 54 40 6 41 10 0 24 40 44 34 13 38 32 58 4 71 3 45 0 4 27 4 3 30 72 2 10 5 49 0 0 61 5 15 3 51 0 38 12 88 42 1 0 8 14 51 15 22 2 21 46 2 1 11
3 2 20 29 29 4 39 48 50 2 74 55 14 72 9 10 21 5 1 0 36 9 17 9 2 63 5 32 44 23 31 58 11 10 0 10 15 12 7 19 56 4 28 44 14 17 33 22 8 35 63 0 21 26 16 88 52 13 52 55 0 41 40 33 6 19 23 9 1 58 73 1 39 2 37 18 3 84 25 44 5 34 0 25 2 14 39 0 2 4 18 3 28 30 35 5 22 1 5 13
9 18 41 2 69 35 64 2 5 3 26 72 6 66 3 4 6 10 20 0 55 42 10 4 3 25 29 31 27 30 48 74 5 6 6 23 29 32 1 4 40 1 22 42 0 20 58 3 13 29 13 0 8 19 26 75 56 67 8 43 0 13 5 12 2 9 63 1 1 48 60 3 41 21 40 23 10 21 5 1 7 46 0 10 3 71 26 4 0 7 24 2 20 33 10 22 51 0 8 11
1 5 17 36 59 67 39 6 51 19 14 9 13 72 7 3 22 10 28 6 31 33 39 1 3 71 21 5 36 0 36 82 1 10 3 34 35 19 66 1 35 3 47 4 27 9 47 22 18 42 41 0 27 22 52 73 49 32 10 47 5 71 5 1 6 10 59 9 6 11 29 8 0 7 44 13 3 15 39 14 1 38 0 32 12 2 24 5 2 12 27 4 18 9 39 15 53 5 5 9
32 41 23 37 68 51 34 70 23 9 29 60 2 74 35 9 0 2 0 12 42 49 30 25 7 60 18 34 26 21 51 71 11 11 4 51 23 17 2 5 2 1 86 43 18 60 87 32 20 44 26 0 21 2 68 82 26 40 9 72 5 39 12 54 6 14 98 10 13 83 62 6 73 2 48 24 0 52 13 8 3 15 0 2 2 41 36 1 0 12 22 55 7 17 27 14 54 2 8 17
12 46 38 3 9 22 22 76 14 1 47 50 15 81 2 7 2 9 1 8 43 29 45 3 7 76 12 30 0 2 50 16 11 6 4 16 3 21 16 12 62 3 13 46 38 56 85 18 19 14 1 0 15 6 13 7 29 60 39 39 2 82 43 44 6 0 39 8 14 24 22 9 71 6 36 8 14 39 48 21 7 57 0 29 7 23 16 2 1 12 22 16 18 4 38 38 53 3 6 27
12 6 14 23 29 36 17 29 58 9 80 24 8 49 26 12 18 8 0 4 35 48 48 11 5 2 12 34 5 25 36 93 4 7 4 43 37 0 34 4 69 4 50 14 30 65 62 6 21 25 73 0 4 9 42 90 16 68 24 40 3 78 20 70 2 10 9 17 7 66 49 9 28 32 41 0 8 51 50 46 6 19 0 7 3 91 45 3 1 10 1 36 6 9 44 19 17 3 3 19
16 2 3 1 57 77 60 9 45 6 72 38 12 33 47 15 20 1 20 3 38 17 3 3 1 62 21 3 27 11 13 19 9 17 5 55 29 23 11 19 29 2 47 86 32 47 86 12 1 4 87 0 22 4 0 19 0 68 74 3 2 14 13 58 3 13 9 4 0 52 3 3 82 29 11 2 13 24 34 31 6 59 0 26 5 36 38 0 2 1 16 24 2 33 42 43 26 1 3 17
25 21 36 36 2 30 64 24 36 22 47 61 14 47 37 2 2 5 18 0 27 58 48 3 5 3 7 16 22 5 75 62 5 22 3 40 37 0 31 13 52 1 14 61 31 40 56 26 22 0 80 0 10 36 56 10 11 42 79 48 4 23 1 70 3 17 31 6 11 16 43 2 67 31 2 26 7 17 26 10 1 55 0 12 3 76 8 3 2 5 17 40 3 24 21 36 16 2 2 27
34 42 8 14 24 6 19 49 42 13 41 50 13 56 7 3 25 3 3 3 4 41 18 9 1 66 2 29 0 18 26 32 0 10 4 2 29 36 34 10 47 0 28 32 19 21 68 22 8 24 7 0 11 17 66 92 29 67 59 55 4 71 48 53 7 2 82 15 17 43 41 0 6 33 19 2 1 17 34 20 6 47 0 18 13 77 14 4 1 5 14 48 0 23 35 26 35 4 2 16
34 29 29 37 18 75 2 68 14 2 20 12 5 78 41 12 17 2 23 5 32 29 3 22 1 33 32 14 30 33 18 82 1 11 6 59 53 7 68 15 43 4 52 26 0 48 54 3 22 31 59 0 0 9 26 59 44 11 52 2 4 73 42 32 4 7 69 10 0 56 76 11 46 12 8 2 1 64 8 1 8 35 0 4 1 45 26 3 0 0 10 37 20 42 27 41 32 5 0 9
37 5 13 19 34 69 38 16 25 6 30 35 13 23 14 1 18 6 12 10 1 9 7 20 5 52 11 25 15 32 22 29 5 19 0 26 3 33 13 17 6 2 48 16 25 66 57 1 33 15 45 0 27 8 50 33 16 0 24 2 2 55 26 61 7 5 65 2 5 16 68 7 5 4 18 12 3 16 40 46 4 18 0 33 9 78 46 4 0 9 16 10 16 27 3 32 57 5 4 4
11 33 29 1 59 41 17 3 31 17 4 74 6 47 38 13 29 5 27 8 10 27 33 3 8 25 31 18 3 27 3 46 1 18 5 45 41 15 4 0 3 3 44 46 7 15 32 17 21 20 83 0 11 0 57 89 30 65 1 75 4 66 23 42 7 3 60 15 2 26 0 10 31 5 49 24 14 62 45 50 8 13 0 43 6 40 43 5 0 10 16 34 20 18 17 25 9 1 3 16
12 39 26 20 47 57 65 34 20 14 81 44 8 42 17 14 23 6 4 4 34 35 34 7 2 3 23 6 2 4 72 23 3 6 4 36 7 34 62 13 55 0 69 73 3 26 69 50 5 21 4 0 10 8 61 65 16 19 48 57 5 81 1 65 5 10 92 5 0 38 11 2 53 19 36 15 7 64 40 42 7 9 0 1 3 20 44 1 2 9 19 24 24 19 35 27 0 5 7 8
4 14 37 24 49 7 36 39 58 22 49 12 9 72 1 2 22 2 21 3 22 30 36 11 1 12 20 23 41 10 6 29 7 28 1 5 61 20 66 9 34 3 33 32 33 31 43 1 35 21 54 0 2 7 7 60 20 29 46 58 0 96 3 8 2 3 13 10 7 84 7 7 35 14 1 29 14 81 18 42 4 49 0 35 8 77 31 5 0 8 26 9 1 38 50 0 44 4 8 1
30 31 8 13 65 63 41 65 23 20 1 82 4 4 47 11 8 5 15 11 22 17 40 4 9 47 23 34 34 11 26 47 3 26 4 52 38 30 9 13 35 1 88 71 14 60 25 17 14 23 64 0 19 18 57 47 3 29 70 51 0 66 44 38 1 17 50 18 18 27 61 11 79 15 15 14 10 81 43 25 0 59 0 53 3 60 26 0 0 8 8 33 28 41 18 22 39 5 3 19
26 14 32 15 19 64 55 13 28 2 50 77 14 82 3 13 1 1 6 3 14 33 38 16 8 2 15 29 18 26 63 15 10 2 3 32 37 25 61 8 21 3 7 28 25 28 54 13 38 0 33 0 20 24 19 13 13 58 6 65 4 74 23 29 9 14 61 10 0 86 24 7 66 6 16 7 6 70 49 19 8 53 0 9 1 17 6 5 0 12 8 27 20 12 4 9 23 0 2 2
12 43 40 31 26 12 35 26 35 5 79 76 10 16 8 6 9 8 15 7 31 40 14 18 7 43 12 12 15 10 64 54 3 20 3 31 71 35 59 19 58 3 72 42 25 29 0 49 11 25 30 0 17 26 24 17 42 14 31 23 5 53 15 71 6 12 48 9 16 32 33 4 47 11 31 14 13 75 4 44 7 52 0 30 13 47 0 4 0 4 1 15 24 22 11 34 12 5 7 9
1 32 33 24 37 55 19 74 4 24 67 87 12 37 30 8 31 3 10 7 16 59 43 15 7 61 17 32 24 8 59 16 7 16 1 45 12 13 13 7 56 4 50 85 31 10 17 17 28 41 58 0 19 8 21 42 28 15 26 11 1 23 7 64 10 2 78 14 16 47 16 6 62 30 29 17 0 63 16 47 3 51 0 3 0 49 1 3 2 12 11 20 14 5 20 33 25 5 3 3
33 42 5 29 73 88 7 67 25 20 15 22 11 22 0 1 14 3 26 9 42 11 15 19 6 68 27 18 54 19 42 73 10 21 3 57 48 8 27 3 52 1 62 32 8 33 10 36 26 43 73 0 26 16 41 66 46 20 83 29 3 7 26 5 6 18 21 18 0 30 45 9 17 25 39 25 8 35 18 15 5 57 0 26 2 48 27 2 0 3 14 48 9 34 2 44 4 1 2 26
20 15 24 8 16 23 21 39 24 7 60 31 4 84 23 15 15 1 18 11 24 57 39 8 6 13 25 31 42 10 59 38 6 21 1 26 63 27 34 12 63 3 61 15 30 67 9 13 23 38 41 0 6 25 2 48 49 29 78 3 0 57 2 69 0 6 38 17 18 43 14 7 58 7 4 18 12 31 3 38 2 56 0 4 3 65 16 2 0 9 19 9 8 33 2 16 26 1 2 18
22 13 24 13 8 38 50 51 52 8 47 14 10 41 51 11 26 7 19 1 11 56 2 17 8 20 13 0 39 27 9 30 2 10 0 26 4 23 48 17 48 3 20 60 9 3 81 16 35 9 64 0 12 37 71 43 29 64 49 75 3 82 25 64 8 1 34 12 13 86 72 7 88 29 3 19 6 81 8 11 3 47 0 16 7 32 1 0 1 4 20 43 28 4 13 8 48 2 7 18
21 46 31 17 46 15 45 73 48 22 57 74 0 56 29 1 4 8 15 12 14 0 35 1 1 4 17 12 27 20 8 62 1 9 4 9 9 31 16 11 15 2 27 28 8 53 67 50 24 42 38 0 12 8 23 53 24 16 57 6 3 48 35 33 1 21 40 7 11 57 65 5 79 15 44 1 5 47 40 0 7 36 0 43 13 39 15 4 2 12 23 48 23 36 6 32 42 4 3 26
11 41 25 16 35 58 10 64 53 7 45 13 5 2 26 1 16 10 21 0 19 17 39 20 3 13 0 13 41 2 5 76 6 24 3 53 47 34 21 4 27 0 16 43 18 42 43 39 4 27 80 0 13 3 55 56 16 56 30 70 0 70 27 36 4 10 62 18 18 82 67 9 36 29 41 4 14 4 24 17 5 43 0 40 0 8 20 3 2 13 1 57 0 37 43 40 36 3 3 3
20 30 42 24 76 35 47 70 26 10 16 3 12 75 38 8 29 3 22 12 47 34 39 2 9 35 14 20 48 22 70 59 4 16 1 13 23 33 43 16 52 2 69 5 9 48 40 13 24 25 11 0 0 33 50 92 7 63 23 71 5 12 22 71 0 19 84 0 9 64 45 10 17 27 21 22 6 72 9 27 2 47 0 4 7 35 19 4 0 5 2 58 22 34 42 20 10 0 0 11
18 18 20 11 73 15 6 35 30 13 48 54 0 35 46 5 3 3 27 11 7 53 28 1 2 6 10 29 27 1 25 7 2 6 0 14 5 8 24 13 48 0 6 78 1 1 82 46 25 4 29 0 13 5 5 92 22 66 74 22 3 66 21 41 2 12 42 17 11 88 52 10 58 8 46 11 6 85 41 9 4 19 0 5 11 72 27 5 0 6 12 5 15 29 8 14 7 2 4 3
25 23 7 25 63 27 3 28 40 23 17 19 5 58 16 6 30 2 28 12 17 3 37 16 1 41 26 32 27 2 59 94 7 23 3 47 20 8 29 16 61 1 75 90 9 66 15 45 30 37 5 0 5 37 47 5 59 45 21 44 1 37 42 12 4 7 42 2 1 73 29 10 45 15 9 21 8 12 46 27 1 32 0 41 3 33 0 5 0 2 12 44 0 28 22 7 49 0 5 26
33 22 5 31 32 85 60 76 2 23 42 29 4 31 8 14 19 2 18 10 1 1 25 22 7 72 1 16 2 34 44 26 3 0 4 47 28 5 28 11 37 3 56 33 23 61 76 51 13 11 80 0 3 35 64 7 56 66 94 24 1 58 36 27 1 20 31 16 1 83 72 3 6 29 17 29 14 1 16 41 4 17 0 6 3 14 36 2 2 0 5 24 3 32 23 17 5 4 6 6
32 5 0 32 63 5 61 60 33 19 59 3 15 39 27 12 27 0 13 11 8 51 18 7 10 38 25 13 19 2 65 49 7 14 4 20 69 29 38 12 27 2 39 87 5 31 64 3 12 24 38 0 4 26 21 16 43 31 26 59 4 8 25 54 9 12 74 19 2 3 48 9 69 0 34 18 2 37 38 15 7 20 0 40 7 15 39 3 0 5 9 48 10 32 33 27 8 4 8 16
2 39 19 17 39 30 35 41 52 23 17 83 15 74 19 0 18 6 6 5 37 15 21 20 8 69 33 14 17 35 47 78 9 15 0 7 11 5 35 1 69 2 9 51 1 22 6 12 7 38 90 0 27 28 57 86 64 65 54 67 4 68 20 28 6 12 45 18 13 11 48 11 17 2 19 15 14 82 50 0 3 46 0 32 7 20 13 0 1 12 8 14 5 6 40 8 54 4 1 19
29 28 25 18 53 87 35 56 31 16 59 31 2 39 36 0 12 2 23 5 35 33 10 6 6 80 17 31 47 7 52 90 5 26 3 38 53 10 65 8 61 0 35 57 18 58 39 11 5 39 8 0 25 8 52 57 34 24 30 57 3 48 35 74 4 2 58 5 14 64 71 1 3 33 35 16 8 39 34 21 5 54 0 18 6 6 8 5 2 7 9 56 10 40 44 4 47 0 8 24
14 41 17 23 76 75 6 27 12 3 79 6 1 55 45 7 20 0 23 8 28 28 5 0 4 14 33 32 44 15 29 37 3 13 4 30 13 23 12 17 31 2 93 5 35 22 36 21 29 4 22 0 22 18 44 27 23 31 9 5 4 23 36 67 7 15 84 11 11 2 74 6 82 19 38 15 9 19 23 17 9 37 0 28 6 6 11 0 0 9 16 58 16 15 26 0 34 5 7 8
11 8 41 29 24 10 44 64 24 16 4 90 15 62 9 7 3 4 27 8 22 40 48 9 9 43 27 31 15 18 40 33 9 30 1 8 37 4 24 14 50 3 72 80 37 4 73 19 12 27 91 0 27 27 57 91 49 63 88 71 0 9 37 7 3 19 57 15 1 66 32 0 18 21 45 14 11 45 38 4 4 54 0 32 13 40 41 3 0 0 11 24 7 10 30 28 31 2 2 6
15 17 7 1 83 50 3 76 13 22 46 35 6 3 14 10 24 1 21 3 44 34 23 14 5 13 9 21 16 25 44 10 2 17 2 19 43 35 55 10 25 4 56 3 15 33 46 27 32 36 48 0 5 21 37 70 57 26 30 49 0 92 0 68 8 18 10 11 7 14 13 4 42 30 31 23 11 77 17 35 7 35 0 51 9 32 2 0 2 7 12 16 14 15 25 32 5 3 2 24
11 41 27 24 72 73 13 65 40 10 73 43 15 11 11 5 28 2 4 12 31 42 30 8 9 79 15 9 4 5 61 89 1 22 2 45 47 6 48 9 42 0 75 1 22 41 62 18 23 24 12 0 4 36 24 7 21 8 82 70 0 47 39 0 1 12 55 9 10 74 47 11 83 21 43 0 12 67 49 47 4 29 0 13 10 19 32 2 2 2 13 53 23 4 36 44 55 0 4 22
27 9 20 22 74 77 18 1 5 0 20 55 2 45 44 11 24 8 27 0 3 23 41 10 10 79 15 3 3 10 27 30 8 29 3 34 14 1 30 0 2 0 18 75 19 14 9 26 23 6 9 0 19 34 52 0 55 8 93 22 1 93 10 39 6 6 90 11 8 51 24 2 6 19 20 16 6 61 50 48 0 51 0 8 4 43 19 2 0 8 6 43 2 10 4 41 22 3 1 22
19 6 34 8 74 19 53 71 45 21 19 31 8 8 27 0 24 1 4 11 55 12 27 18 9 64 32 16 36 35 64 30 2 2 6 39 16 9 13 1 42 3 2 47 10 25 33 35 11 22 21 0 3 19 42 41 55 5 27 10 1 9 27 72 9 15 61 3 14 38 8 9 65 1 37 24 11 45 20 39 1 38 0 34 7 33 32 1 1 12 10 56 17 22 41 24 40 3 2 1
14 26 8 28 15 61 50 76 11 21 2 6 0 62 20 14 8 8 6 7 34 45 14 10 0 13 22 34 14 25 51 28 7 15 5 14 65 6 58 15 53 2 87 17 21 49 39 40 5 26 18 0 18 34 38 54 45 58 53 15 5 3 18 80 10 9 43 3 4 26 21 0 27 7 15 8 9 2 38 50 0 36 0 18 8 33 35 0 1 1 20 38 22 28 12 19 23 4 1 8
12 6 19 24 38 91 44 42 14 7 42 89 5 1 47 7 29 1 22 6 10 49 36 18 4 44 17 34 4 33 17 22 4 6 4 1 58 20 40 14 3 2 14 12 32 41 38 18 11 11 31 0 16 6 37 12 12 12 59 2 3 92 23 12 8 8 42 12 6 84 5 1 12 20 12 14 9 57 40 43 8 3 0 51 4 18 17 3 0 11 12 3 11 6 29 9 15 4 4 10
34 44 1 9 83 13 51 16 18 1 58 73 6 21 31 2 18 10 26 11 50 33 42 0 10 32 6 21 28 20 15 36 2 23 6 8 29 13 28 11 61 1 82 35 13 29 9 41 36 1 36 0 4 7 39 6 14 35 91 52 2 37 12 50 3 14 37 19 8 68 72 10 43 16 30 7 12 66 0 14 8 20 0 54 10 95 21 2 0 9 12 31 17 14 42 11 31 5 2 17
5 36 32 33 21 81 46 62 34 17 63 78 6 80 21 4 9 0 23 5 41 6 44 11 3 18 24 8 14 17 27 23 2 1 2 22 16 6 7 3 37 2 31 65 16 63 16 49 36 37 19 0 19 25 16 10 46 60 86 2 1 28 5 61 0 7 85 15 12 28 62 1 3 23 17 7 3 86 7 13 4 29 0 31 12 78 46 3 2 12 23 8 9 17 10 42 35 0 4 15
29 36 33 27 80 54 6 15 39 20 29 4 8 39 36 5 9 5 15 11 34 5 44 7 7 67 12 3 36 2 18 21 8 23 5 60 33 12 58 10 25 4 74 58 22 68 32 12 12 39 84 0 2 38 62 45 2 19 15 38 2 4 15 77 0 6 31 10 8 4 30 11 80 8 45 5 4 13 31 28 9 27 0 52 3 25 34 3 1 4 18 45 23 8 7 32 56 2 0 15
20 38 40 8 35 1 20 0 14 3 4 85 15 25 15 7 20 10 17 6 42 35 42 15 1 47 29 30 30 22 61 32 7 8 4 41 71 30 2 9 24 3 30 18 35 48 52 35 0 33 64 0 27 17 57 51 17 50 75 41 1 15 7 44 0 10 50 3 0 26 78 9 33 7 14 12 5 52 33 23 5 32 0 15 2 89 0 0 0 0 8 13 14 20 21 23 3 0 4 5
1 37 31 11 21 55 22 43 55 21 64 65 8 29 57 2 1 10 18 9 5 20 21 23 2 30 18 5 26 11 30 21 3 12 5 17 66 16 58 1 2 0 87 24 14 26 44 13 24 0 48 0 23 18 53 3 6 45 17 56 3 62 24 0 0 8 45 8 9 27 18 10 11 0 37 11 4 65 8 43 9 57 0 47 5 73 32 5 0 9 25 17 6 18 17 38 33 2 2 19
3 44 25 13 53 34 36 55 22 18 17 49 10 48 11 4 26 6 12 4 44 24 4 23 9 79 29 22 51 11 48 79 2 28 5 36 9 17 30 10 12 4 56 32 7 40 18 12 33 23 9 0 14 4 28 51 10 29 0 27 2 72 39 48 4 9 18 5 3 70 65 0 84 27 42 9 12 10 24 35 9 53 0 0 3 35 22 5 0 6 6 13 25 25 5 31 25 1 5 15
17 29 39 29 83 62 13 1 26 21 57 25 13 15 12 13 18 2 2 12 20 36 21 9 0 6 27 10 23 13 47 42 12 28 1 6 24 13 1 1 61 4 41 70 26 12 2 9 28 19 30 0 15 16 16 45 10 41 40 23 5 26 19 77 4 19 96 9 1 73 42 6 51 5 48 22 11 71 41 37 1 11 0 8 12 3 32 5 0 2 12 58 0 16 19 33 0 5 4 5
21 21 2 2 60 91 63 41 23 13 36 73 13 53 20 15 4 1 4 6 54 59 34 2 0 27 12 33 36 4 56 14 3 28 1 38 60 27 38 15 59 3 47 43 34 4 48 19 24 34 71 0 11 12 22 30 28 16 68 32 5 48 43 38 2 8 48 7 18 87 41 3 12 16 18 18 1 46 43 32 5 26 0 37 9 80 45 2 2 8 8 12 19 15 45 31 7 2 2 0
37 1 26 33 31 84 39 45 54 7 28 34 14 85 18 2 18 2 2 9 26 49 48 25 8 37 7 11 25 5 40 83 8 3 5 15 59 0 41 6 68 2 7 76 25 43 4 24 27 10 36 0 7 12 40 30 49 43 49 33 5 7 28 52 1 2 12 15 14 73 1 9 74 1 8 6 0 30 19 26 9 36 0 54 1 14 22 1 2 3 13 6 15 17 35 2 35 5 4 7
26 0 3 33 37 29 16 2 28 11 21 26 5 2 42 9 3 1 4 0 27 24 45 19 5 73 19 17 5 4 73 20 1 29 5 27 27 6 42 16 17 1 36 45 38 2 71 29 34 10 52 0 27 2 30 34 32 63 32 74 0 81 29 47 2 6 98 11 14 29 41 10 88 4 47 9 12 72 10 46 6 31 0 41 13 71 23 0 2 10 14 24 27 26 16 13 22 1 3 6
13 21 14 7 41 13 29 56 44 4 18 1 3 45 25 14 13 9 14 11 17 20 16 14 8 34 16 17 32 13 66 29 6 26 6 58 20 32 29 17 31 0 74 47 32 11 55 29 36 1 30 0 18 20 69 73 60 6 50 46 3 65 2 42 4 19 98 1 2 13 42 1 48 26 44 9 4 10 42 26 9 19 0 20 2 9 25 0 1 10 16 1 1 19 35 15 12 5 3 18
18 8 29 37 27 55 23 49 36 7 19 42 9 13 19 5 20 7 5 0 14 29 45 1 3 64 5 17 29 26 66 88 12 18 2 51 36 9 61 3 65 3 49 81 30 68 20 50 31 35 45 0 14 23 50 56 30 8 13 19 2 79 18 0 10 0 5 18 0 11 50 2 49 18 26 21 1 70 8 50 4 45 0 19 4 81 28 1 2 6 14 59 16 42 35 24 2 3 2 20
19 13 41 1 65 34 26 30 1 12 77 73 15 77 31 2 14 10 27 4 54 49 29 3 9 27 1 22 9 12 53 77 7 9 2 28 51 26 4 16 18 2 58 11 9 0 0 37 33 7 69 0 16 8 36 92 36 51 1 40 1 61 2 40 2 10 26 5 16 32 78 8 64 18 17 17 13 22 29 2 0 26 0 42 11 84 45 3 1 13 12 37 23 6 38 13 4 0 7 4
6 47 8 2 82 27 14 53 26 16 49 7 4 55 30 0 9 7 2 5 9 22 31 5 8 70 31 6 41 1 52 63 0 17 4 41 22 3 4 18 24 2 67 11 12 65 60 3 19 19 73 0 3 6 1 0 28 47 20 52 0 37 7 84 0 15 72 12 2 23 73 5 82 21 25 5 1 81 33 17 4 5 0 18 3 64 32 0 2 11 12 1 26 24 30 7 31 4 4 20
29 14 22 5 76 52 20 50 28 6 9 24 10 43 11 12 20 9 5 5 51 17 48 0 7 1 14 15 41 30 67 32 3 13 1 51 57 16 12 10 58 0 29 71 28 6 18 4 1 7 83 0 14 29 66 7 24 27 7 68 4 30 36 61 1 3 41 13 9 20 21 2 70 30 24 21 5 68 44 40 6 29 0 15 13 94 29 2 1 2 3 45 8 23 50 29 52 3 3 14
31 36 7 9 16 68 47 46 9 16 67 85 4 84 56 8 22 4 12 8 5 11 14 23 10 64 14 22 23 15 57 30 0 12 6 13 69 20 32 0 58 4 57 62 28 4 2 27 38 21 18 0 5 17 5 85 65 21 8 30 4 14 32 80 4 20 68 17 17 71 33 9 80 17 5 18 3 41 46 45 0 52 0 50 11 57 9 2 2 9 25 5 17 0 16 34 43 0 1 13
13 36 13 17 60 71 30 19 32 6 55 35 7 87 38 10 33 7 21 1 11 20 30 3 8 30 22 7 35 33 55 92 8 17 1 17 11 30 53 0 61 1 31 85 31 42 23 14 33 5 19 0 2 25 24 14 38 56 83 66 0 69 23 79 0 20 10 19 10 33 39 8 46 21 6 1 4 44 47 41 9 1 0 38 7 76 1 1 0 6 4 30 19 36 48 33 46 1 4 11
28 39 36 32 62 74 30 48 46 17 30 12 15 34 49 11 14 0 15 6 31 47 18 9 0 47 19 26 55 4 45 45 2 30 4 57 37 27 26 2 30 2 59 41 5 9 22 37 9 25 9 0 13 17 28 18 19 50 51 75 0 95 8 53 7 10 87 11 1 39 29 10 33 12 42 11 12 6 50 9 4 55 0 51 11 0 23 2 1 9 1 22 24 15 15 44 11 2 6 16
37 42 6 5 39 62 12 61 45 5 64 37 3 12 14 10 26 2 17 1 49 28 9 14 9 73 22 4 39 5 24 79 5 4 4 6 29 6 1 9 4 3 94 49 9 45 24 48 10 28 10 0 24 37 63 6 59 29 62 4 1 85 32 69 3 15 18 5 4 84 49 9 70 24 29 18 8 27 23 43 1 27 0 17 10 70 8 0 1 0 25 47 1 8 36 33 1 1 2 25
37 29 2 22 83 84 49 73 48 13 79 9 10 46 43 10 25 5 0 12 16 11 32 0 1 56 14 20 52 9 21 16 8 29 0 21 20 1 1 19 40 0 51 47 35 14 64 40 10 40 3 0 1 17 38 54 57 27 86 75 0 82 39 46 9 19 84 2 9 74 13 1 50 29 37 27 5 68 46 9 8 60 0 9 1 47 39 1 0 10 24 7 24 25 36 25 42 2 0 3
17 34 25 30 48 4 29 1 15 2 26 75 6 86 56 1 14 0 25 10 20 33 10 20 9 41 24 12 54 11 42 39 2 13 3 7 24 30 5 11 48 1 53 78 3 66 80 44 38 9 17 0 18 15 42 19 29 36 90 10 3 21 16 19 10 17 78 10 6 9 45 1 77 0 2 24 8 77 50 2 5 8 0 51 8 84 46 3 2 8 19 9 3 28 50 13 56 1 8 25
14 32 17 31 18 90 11 33 50 7 22 2 11 79 2 0 28 8 10 9 2 57 8 17 9 49 29 6 33 30 45 22 5 3 6 34 14 15 28 17 21 2 30 14 19 50 69 48 23 42 19 0 27 2 28 8 42 37 23 60 0 24 34 77 3 1 59 11 2 65 27 0 25 32 0 0 9 61 32 35 5 22 0 38 10 69 6 3 2 3 0 14 25 0 37 39 51 1 6 13
9 33 3 27 32 79 47 65 37 4 33 63 7 23 35 11 28 5 26 7 7 39 7 17 8 12 14 6 11 6 72 39 4 8 3 40 43 0 35 4 9 4 28 35 17 41 62 36 28 8 33 0 2 37 19 60 0 62 96 35 0 59 14 74 5 17 39 17 15 51 5 0 65 20 38 17 4 62 28 19 6 19 0 33 8 32 25 0 0 10 1 3 1 16 28 40 36 0 3 8
6 46 31 9 81 24 5 18 6 19 54 47 4 24 58 7 2 7 26 11 16 54 8 20 6 63 12 9 40 31 12 31 9 4 5 11 13 22 35 7 68 1 59 57 24 48 16 23 3 12 65 0 27 33 63 9 52 28 11 44 1 51 27 2 3 1 79 3 3 30 20 3 1 27 32 4 8 27 36 46 9 41 0 38 10 60 44 5 0 13 10 1 18 14 25 24 33 2 0 15
36 7 0 11 70 10 21 15 52 20 32 41 4 51 32 4 4 7 17 2 30 7 24 16 3 67 33 9 25 30 51 10 8 23 1 46 1 5 5 2 71 4 46 60 30 15 4 49 19 28 64 0 6 39 10 16 48 61 28 53 1 3 17 65 2 18 13 16 4 53 18 8 20 18 28 22 2 17 40 19 9 46 0 45 3 85 36 0 0 4 2 31 3 22 46 25 19 0 1 13
7 15 42 18 75 68 13 64 5 21 77 29 14 18 56 9 14 1 10 12 17 53 44 0 0 47 27 15 29 31 61 28 12 15 1 37 51 8 53 14 5 1 58 59 0 34 11 13 6 6 30 0 20 8 71 80 65 12 82 5 4 76 0 53 3 18 53 9 12 87 61 3 15 31 27 23 9 56 35 35 1 15 0 23 10 70 32 2 1 1 23 46 14 30 34 16 3 5 3 22
0 41 36 6 82 89 40 38 57 11 28 16 0 77 13 6 14 7 3 9 55 49 27 24 7 23 18 22 34 28 28 53 4 4 0 54 46 13 51 0 37 3 78 77 2 50 74 40 15 20 40 0 8 8 20 67 63 52 40 68 4 26 36 65 1 9 49 9 1 61 65 0 79 28 49 15 0 18 18 50 7 4 0 32 3 23 0 5 0 12 12 32 18 42 41 19 43 5 0 9
7 24 14 16 61 20 29 47 19 0 44 17 3 8 4 15 19 4 19 12 9 0 33 2 2 1 21 11 50 3 32 67 8 2 1 8 19 35 59 2 67 4 53 87 14 22 2 0 38 25 59 0 6 0 11 24 55 30 69 4 1 16 3 48 9 15 77 5 10 25 62 2 53 4 8 13 11 84 21 11 5 18 0 38 8 30 39 2 0 3 14 17 12 37 38 13 24 2 8 18
34 5 22 6 21 75 40 58 17 13 46 35 7 22 13 10 28 6 10 11 13 46 9 18 6 54 6 11 10 6 75 26 2 17 1 2 54 7 18 1 39 2 8 35 2 0 9 49 11 21 58 0 15 16 43 64 51 14 14 3 0 66 36 67 4 7 87 6 17 9 23 8 56 13 37 10 5 42 20 27 2 53 0 54 4 28 5 5 2 0 24 7 12 32 7 23 52 3 6 19
