100 100
72 10 61 51 11 20 38 96 68 26 68 88 42 81 79 6 79 60 64 48 53 32 84 15 21 4 17 35 25 89 15 34 38 98 20 75 43 17 66 60 27 39 11 84 35 21 77 91 9 8 8 80 56 48 69 51 35 53 75 77 0 24 81 20 78 19 82 73 47 34 1 25 58 5 50 11 83 1 88 21 3 35 100 19 25 6 91 11 87 69 75 14 80 12 63 5 59 21 73 58
72 10 61 51 11 20 38 96 68 26 68 88 42 81 79 6 79 60 64 48 53 32 84 15 21 4 17 35 25 89 15 34 38 98 20 75 43 17 66 60 27 39 11 84 35 21 77 91 9 8 8 80 56 48 69 51 35 53 75 77 0 24 81 20 78 19 82 73 47 34 1 25 58 5 50 11 83 1 88 21 3 35 100 19 25 6 91 11 87 69 75 14 80 12 63 5 59 21 73 58
72 10 61 51 11 20 38 96 68 26 68 88 42 81 79 6 79 60 64 48 53 32 84 15 21 4 17 35 25 89 15 34 38 98 20 75 43 17 66 60 27 39 11 84 35 21 77 91 9 8 8 80 56 48 69 51 35 53 75 77 0 24 81 20 78 19 82 73 47 34 1 25 58 5 50 11 83 1 88 21 3 35 100 19 25 6 91 11 87 69 75 14 80 12 63 5 59 21 73 58
72 10 61 51 11 20 38 96 68 26 68 88 42 81 79 6 79 60 64 48 53 32 84 15 21 4 17 35 25 89 15 34 38 98 20 75 43 17 66 60 27 39 11 84 35 21 77 91 9 8 8 80 56 48 69 51 35 53 75 77 0 24 81 20 78 19 82 73 47 34 1 25 58 5 50 11 83 1 88 21 3 35 100 19 25 6 91 11 87 69 75 14 80 12 63 5 59 21 73 58
72 10 61 51 11 20 38 96 68 26 68 88 42 81 79 6 79 60 64 48 53 32 84 15 21 4 17 35 25 89 15 34 38 98 20 75 43 17 66 60 27 39 11 84 35 21 77 91 9 8 8 80 56 48 69 51 35 53 75 77 0 24 81 20 78 19 82 73 47 34 1 25 58 5 50 11 83 1 88 21 3 35 100 19 25 6 91 11 87 69 75 14 80 12 63 5 59 21 73 58
72 10 61 51 11 20 38 96 68 26 68 88 42 81 79 6 79 60 64 48 53 32 84 15 21 4 17 35 25 89 15 34 38 98 20 75 43 17 66 60 27 39 11 84 35 21 77 91 9 8 8 80 56 48 69 51 35 53 75 77 0 24 81 20 78 19 82 73 47 34 1 25 58 5 50 11 83 1 88 21 3 35 100 19 25 6 91 11 87 69 75 14 80 12 63 5 59 21 73 58
72 10 61 51 11 20 38 96 68 26 68 88 42 81 79 6 79 60 64 48 53 32 84 15 21 4 17 35 25 89 15 34 38 98 20 75 43 17 66 60 27 39 11 84 35 21 77 91 9 8 8 80 56 48 69 51 35 53 75 77 0 24 81 20 78 19 82 73 47 34 1 25 58 5 50 11 83 1 88 21 3 35 100 19 25 6 91 11 87 69 75 14 80 12 63 5 59 21 73 58
72 10 61 51 11 20 38 96 68 26 68 88 42 81 79 6 79 60 64 48 53 32 84 15 21 4 17 35 25 89 15 34 38 98 20 75 43 17 66 60 27 39 11 84 35 21 77 91 9 8 8 80 56 48 69 51 35 53 75 77 0 24 81 20 78 19 82 73 47 34 1 25 58 5 50 11 83 1 88 21 3 35 100 19 25 6 91 11 87 69 75 14 80 12 63 5 59 21 73 58
72 10 61 51 11 20 38 96 68 26 68 88 42 81 79 6 79 60 64 48 53 32 84 15 21 4 17 35 25 89 15 34 38 98 20 75 43 17 66 60 27 39 11 84 35 21 77 91 9 8 8 80 56 48 69 51 35 53 75 77 0 24 81 20 78 19 82 73 47 34 1 25 58 5 50 11 83 1 88 21 3 35 100 19 25 6 91 11 87 69 75 14 80 12 63 5 59 21 73 58
72 10 61 51 11 20 38 96 68 26 68 88 42 81 79 6 79 60 64 48 53 32 84 15 21 4 17 35 25 89 15 34 38 98 20 75 43 17 66 60 27 39 11 84 35 21 77 91 9 8 8 80 56 48 69 51 35 53 75 77 0 24 81 20 78 19 82 73 47 34 1 25 58 5 50 11 83 1 88 21 3 35 100 19 25 6 91 11 87 69 75 14 80 12 63 5 59 21 73 58
72 10 61 51 11 20 38 96 68 26 68 88 42 81 79 6 79 60 64 48 53 32 84 15 21 4 17 35 25 89 15 34 38 98 20 75 43 17 66 60 27 39 11 84 35 21 77 91 9 8 8 80 56 48 69 51 35 53 75 77 0 24 81 20 78 19 82 73 47 34 1 25 58 5 50 11 83 1 88 21 3 35 100 19 25 6 91 11 87 69 75 14 80 12 63 5 59 21 73 58
72 10 61 51 11 20 38 96 68 26 68 88 42 81 79 6 79 60 64 48 53 32 84 15 21 4 17 35 25 89 15 34 38 98 20 75 43 17 66 60 27 39 11 84 35 21 77 91 9 8 8 80 56 48 69 51 35 53 75 77 0 24 81 20 78 19 82 73 47 34 1 25 58 5 50 11 83 1 88 21 3 35 100 19 25 6 91 11 87 69 75 14 80 12 63 5 59 21 73 58
72 10 61 51 11 20 38 96 68 26 68 88 42 81 79 6 79 60 64 48 53 32 84 15 21 4 17 35 25 89 15 34 38 98 20 75 43 17 66 60 27 39 11 84 35 21 77 91 9 8 8 80 56 48 69 51 35 53 75 77 0 24 81 20 78 19 82 73 47 34 1 25 58 5 50 11 83 1 88 21 3 35 100 19 25 6 91 11 87 69 75 14 80 12 63 5 59 21 73 58
72 10 61 51 11 20 38 96 68 26 68 88 42 81 79 6 79 60 64 48 53 32 84 15 21 4 17 35 25 89 15 34 38 98 20 75 43 17 66 60 27 39 11 84 35 21 77 91 9 8 8 80 56 48 69 51 35 53 75 77 0 24 81 20 78 19 82 73 47 34 1 25 58 5 50 11 83 1 88 21 3 35 100 19 25 6 91 11 87 69 75 14 80 12 63 5 59 21 73 58
72 10 61 51 11 20 38 96 68 26 68 88 42 81 79 6 79 60 64 48 53 32 84 15 21 4 17 35 25 89 15 34 38 98 20 75 43 17 66 60 27 39 11 84 35 21 77 91 9 8 8 80 56 48 69 51 35 53 75 77 0 24 81 20 78 19 82 73 47 34 1 25 58 5 50 11 83 1 88 21 3 35 100 19 25 6 91 11 87 69 75 14 80 12 63 5 59 21 73 58
72 10 61 51 11 20 38 96 68 26 68 88 42 81 79 6 79 60 64 48 53 32 84 15 21 4 17 35 25 89 15 34 38 98 20 75 43 17 66 60 27 39 11 84 35 21 77 91 9 8 8 80 56 48 69 51 35 53 75 77 0 24 81 20 78 19 82 73 47 34 1 25 58 5 50 11 83 1 88 21 3 35 100 19 25 6 91 11 87 69 75 14 80 12 63 5 59 21 73 58
72 10 61 51 11 20 38 96 68 26 68 88 42 81 79 6 79 60 64 48 53 32 84 15 21 4 17 35 25 89 15 34 38 98 20 75 43 17 66 60 27 39 11 84 35 21 77 91 9 8 8 80 56 48 69 51 35 53 75 77 0 24 81 20 78 19 82 73 47 34 1 25 58 5 50 11 83 1 88 21 3 35 100 19 25 6 91 11 87 69 75 14 80 12 63 5 59 21 73 58
72 10 61 51 11 20 38 96 68 26 68 88 42 81 79 6 79 60 64 48 53 32 84 15 21 4 17 35 25 89 15 34 38 98 20 75 43 17 66 60 27 39 11 84 35 21 77 91 9 8 8 80 56 48 69 51 35 53 75 77 0 24 81 20 78 19 82 73 47 34 1 25 58 5 50 11 83 1 88 21 3 35 100 19 25 6 91 11 87 69 75 14 80 12 63 5 59 21 73 58
72 10 61 51 11 20 38 96 68 26 68 88 42 81 79 6 79 60 64 48 53 32 84 15 21 4 17 35 25 89 15 34 38 98 20 75 43 17 66 60 27 39 11 84 35 21 77 91 9 8 8 80 56 48 69 51 35 53 75 77 0 24 81 20 78 19 82 73 47 34 1 25 58 5 50 11 83 1 88 21 3 35 100 19 25 6 91 11 87 69 75 14 80 12 63 5 59 21 73 58
72 10 61 51 11 20 38 96 68 26 68 88 42 81 79 6 79 60 64 48 53 32 84 15 21 4 17 35 25 89 15 34 38 98 20 75 43 17 66 60 27 39 11 84 35 21 77 91 9 8 8 80 56 48 69 51 35 53 75 77 0 24 81 20 78 19 82 73 47 34 1 25 58 5 50 11 83 1 88 21 3 35 100 19 25 6 91 11 87 69 75 14 80 12 63 5 59 21 73 58
72 10 61 51 11 20 38 96 68 26 68 88 42 81 79 6 79 60 64 48 53 32 84 15 21 4 17 35 25 89 15 34 38 98 20 75 43 17 66 60 27 39 11 84 35 21 77 91 9 8 8 80 56 48 69 51 35 53 75 77 0 24 81 20 78 19 82 73 47 34 1 25 58 5 50 11 83 1 88 21 3 35 100 19 25 6 91 11 87 69 75 14 80 12 63 5 59 21 73 58
72 10 61 51 11 20 38 96 68 26 68 88 42 81 79 6 79 60 64 48 53 32 84 15 21 4 17 35 25 89 15 34 38 98 20 75 43 17 66 60 27 39 11 84 35 21 77 91 9 8 8 80 56 48 69 51 35 53 75 77 0 24 81 20 78 19 82 73 47 34 1 25 58 5 50 11 83 1 88 21 3 35 100 19 25 6 91 11 87 69 75 14 80 12 63 5 59 21 73 58
72 10 61 51 11 20 38 96 68 26 68 88 42 81 79 6 79 60 64 48 53 32 84 15 21 4 17 35 25 89 15 34 38 98 20 75 43 17 66 60 27 39 11 84 35 21 77 91 9 8 8 80 56 48 69 51 35 53 75 77 0 24 81 20 78 19 82 73 47 34 1 25 58 5 50 11 83 1 88 21 3 35 100 19 25 6 91 11 87 69 75 14 80 12 63 5 59 21 73 58
72 10 61 51 11 20 38 96 68 26 68 88 42 81 79 6 79 60 64 48 53 32 84 15 21 4 17 35 25 89 15 34 38 98 20 75 43 17 66 60 27 39 11 84 35 21 77 91 9 8 8 80 56 48 69 51 35 53 75 77 0 24 81 20 78 19 82 73 47 34 1 25 58 5 50 11 83 1 88 21 3 35 100 19 25 6 91 11 87 69 75 14 80 12 63 5 59 21 73 58
72 10 61 51 11 20 38 96 68 26 68 88 42 81 79 6 79 60 64 48 53 32 84 15 21 4 17 35 25 89 15 34 38 98 20 75 43 17 66 60 27 39 11 84 35 21 77 91 9 8 8 80 56 48 69 51 35 53 75 77 0 24 81 20 78 19 82 73 47 34 1 25 58 5 50 11 83 1 88 21 3 35 100 19 25 6 91 11 87 69 75 14 80 12 63 5 59 21 73 58
72 10 61 51 11 20 38 96 68 26 68 88 42 81 79 6 79 60 64 48 53 32 84 15 21 4 17 35 25 89 15 34 38 98 20 75 43 17 66 60 27 39 11 84 35 21 77 91 9 8 8 80 56 48 69 51 35 53 75 77 0 24 81 20 78 19 82 73 47 34 1 25 58 5 50 11 83 1 88 21 3 35 100 19 25 6 91 11 87 69 75 14 80 12 63 5 59 21 73 58
72 10 61 51 11 20 38 96 68 26 68 88 42 81 79 6 79 60 64 48 53 32 84 15 21 4 17 35 25 89 15 34 38 98 20 75 43 17 66 60 27 39 11 84 35 21 77 91 9 8 8 80 56 48 69 51 35 53 75 77 0 24 81 20 78 19 82 73 47 34 1 25 58 5 50 11 83 1 88 21 3 35 100 19 25 6 91 11 87 69 75 14 80 12 63 5 59 21 73 58
72 10 61 51 11 20 38 96 68 26 68 88 42 81 79 6 79 60 64 48 53 32 84 15 21 4 17 35 25 89 15 34 38 98 20 75 43 17 66 60 27 39 11 84 35 21 77 91 9 8 8 80 56 48 69 51 35 53 75 77 0 24 81 20 78 19 82 73 47 34 1 25 58 5 50 11 83 1 88 21 3 35 100 19 25 6 91 11 87 69 75 14 80 12 63 5 59 21 73 58
72 10 61 51 11 20 38 96 68 26 68 88 42 81 79 6 79 60 64 48 53 32 84 15 21 4 17 35 25 89 15 34 38 98 20 75 43 17 66 60 27 39 11 84 35 21 77 91 9 8 8 80 56 48 69 51 35 53 75 77 0 24 81 20 78 19 82 73 47 34 1 25 58 5 50 11 83 1 88 21 3 35 100 19 25 6 91 11 87 69 75 14 80 12 63 5 59 21 73 58
72 10 61 51 11 20 38 96 68 26 68 88 42 81 79 6 79 60 64 48 53 32 84 15 21 4 17 35 25 89 15 34 38 98 20 75 43 17 66 60 27 39 11 84 35 21 77 91 9 8 8 80 56 48 69 51 35 53 75 77 0 24 81 20 78 19 82 73 47 34 1 25 58 5 50 11 83 1 88 21 3 35 100 19 25 6 91 11 87 69 75 14 80 12 63 5 59 21 73 58
72 10 61 51 11 20 38 96 68 26 68 88 42 81 79 6 79 60 64 48 53 32 84 15 21 4 17 35 25 89 15 34 38 98 20 75 43 17 66 60 27 39 11 84 35 21 77 91 9 8 8 80 56 48 69 51 35 53 75 77 0 24 81 20 78 19 82 73 47 34 1 25 58 5 50 11 83 1 88 21 3 35 100 19 25 6 91 11 87 69 75 14 80 12 63 5 59 21 73 58
72 10 61 51 11 20 38 96 68 26 68 88 42 81 79 6 79 60 64 48 53 32 84 15 21 4 17 35 25 89 15 34 38 98 20 75 43 17 66 60 27 39 11 84 35 21 77 91 9 8 8 80 56 48 69 51 35 53 75 77 0 24 81 20 78 19 82 73 47 34 1 25 58 5 50 11 83 1 88 21 3 35 100 19 25 6 91 11 87 69 75 14 80 12 63 5 59 21 73 58
72 10 61 51 11 20 38 96 68 26 68 88 42 81 79 6 79 60 64 48 53 32 84 15 21 4 17 35 25 89 15 34 38 98 20 75 43 17 66 60 27 39 11 84 35 21 77 91 9 8 8 80 56 48 69 51 35 53 75 77 0 24 81 20 78 19 82 73 47 34 1 25 58 5 50 11 83 1 88 21 3 35 100 19 25 6 91 11 87 69 75 14 80 12 63 5 59 21 73 58
72 10 61 51 11 20 38 96 68 26 68 88 42 81 79 6 79 60 64 48 53 32 84 15 21 4 17 35 25 89 15 34 38 98 20 75 43 17 66 60 27 39 11 84 35 21 77 91 9 8 8 80 56 48 69 51 35 53 75 77 0 24 81 20 78 19 82 73 47 34 1 25 58 5 50 11 83 1 88 21 3 35 100 19 25 6 91 11 87 69 75 14 80 12 63 5 59 21 73 58
72 10 61 51 11 20 38 96 68 26 68 88 42 81 79 6 79 60 64 48 53 32 84 15 21 4 17 35 25 89 15 34 38 98 20 75 43 17 66 60 27 39 11 84 35 21 77 91 9 8 8 80 56 48 69 51 35 53 75 77 0 24 81 20 78 19 82 73 47 34 1 25 58 5 50 11 83 1 88 21 3 35 100 19 25 6 91 11 87 69 75 14 80 12 63 5 59 21 73 58
72 10 61 51 11 20 38 96 68 26 68 88 42 81 79 6 79 60 64 48 53 32 84 15 21 4 17 35 25 89 15 34 38 98 20 75 43 17 66 60 27 39 11 84 35 21 77 91 9 8 8 80 56 48 69 51 35 53 75 77 0 24 81 20 78 19 82 73 47 34 1 25 58 5 50 11 83 1 88 21 3 35 100 19 25 6 91 11 87 69 75 14 80 12 63 5 59 21 73 58
72 10 61 51 11 20 38 96 68 26 68 88 42 81 79 6 79 60 64 48 53 32 84 15 21 4 17 35 25 89 15 34 38 98 20 75 43 17 66 60 27 39 11 84 35 21 77 91 9 8 8 80 56 48 69 51 35 53 75 77 0 24 81 20 78 19 82 73 47 34 1 25 58 5 50 11 83 1 88 21 3 35 100 19 25 6 91 11 87 69 75 14 80 12 63 5 59 21 73 58
72 10 61 51 11 20 38 96 68 26 68 88 42 81 79 6 79 60 64 48 53 32 84 15 21 4 17 35 25 89 15 34 38 98 20 75 43 17 66 60 27 39 11 84 35 21 77 91 9 8 8 80 56 48 69 51 35 53 75 77 0 24 81 20 78 19 82 73 47 34 1 25 58 5 50 11 83 1 88 21 3 35 100 19 25 6 91 11 87 69 75 14 80 12 63 5 59 21 73 58
72 10 61 51 11 20 38 96 68 26 68 88 42 81 79 6 79 60 64 48 53 32 84 15 21 4 17 35 25 89 15 34 38 98 20 75 43 17 66 60 27 39 11 84 35 21 77 91 9 8 8 80 56 48 69 51 35 53 75 77 0 24 81 20 78 19 82 73 47 34 1 25 58 5 50 11 83 1 88 21 3 35 100 19 25 6 91 11 87 69 75 14 80 12 63 5 59 21 73 58
72 10 61 51 11 20 38 96 68 26 68 88 42 81 79 6 79 60 64 48 53 32 84 15 21 4 17 35 25 89 15 34 38 98 20 75 43 17 66 60 27 39 11 84 35 21 77 91 9 8 8 80 56 48 69 51 35 53 75 77 0 24 81 20 78 19 82 73 47 34 1 25 58 5 50 11 83 1 88 21 3 35 100 19 25 6 91 11 87 69 75 14 80 12 63 5 59 21 73 58
72 10 61 51 11 20 38 96 68 26 68 88 42 81 79 6 79 60 64 48 53 32 84 15 21 4 17 35 25 89 15 34 38 98 20 75 43 17 66 60 27 39 11 84 35 21 77 91 9 8 8 80 56 48 69 51 35 53 75 77 0 24 81 20 78 19 82 73 47 34 1 25 58 5 50 11 83 1 88 21 3 35 100 19 25 6 91 11 87 69 75 14 80 12 63 5 59 21 73 58
72 10 61 51 11 20 38 96 68 26 68 88 42 81 79 6 79 60 64 48 53 32 84 15 21 4 17 35 25 89 15 34 38 98 20 75 43 17 66 60 27 39 11 84 35 21 77 91 9 8 8 80 56 48 69 51 35 53 75 77 0 24 81 20 78 19 82 73 47 34 1 25 58 5 50 11 83 1 88 21 3 35 100 19 25 6 91 11 87 69 75 14 80 12 63 5 59 21 73 58
72 10 61 51 11 20 38 96 68 26 68 88 42 81 79 6 79 60 64 48 53 32 84 15 21 4 17 35 25 89 15 34 38 98 20 75 43 17 66 60 27 39 11 84 35 21 77 91 9 8 8 80 56 48 69 51 35 53 75 77 0 24 81 20 78 19 82 73 47 34 1 25 58 5 50 11 83 1 88 21 3 35 100 19 25 6 91 11 87 69 75 14 80 12 63 5 59 21 73 58
72 10 61 51 11 20 38 96 68 26 68 88 42 81 79 6 79 60 64 48 53 32 84 15 21 4 17 35 25 89 15 34 38 98 20 75 43 17 66 60 27 39 11 84 35 21 77 91 9 8 8 80 56 48 69 51 35 53 75 77 0 24 81 20 78 19 82 73 47 34 1 25 58 5 50 11 83 1 88 21 3 35 100 19 25 6 91 11 87 69 75 14 80 12 63 5 59 21 73 58
72 10 61 51 11 20 38 96 68 26 68 88 42 81 79 6 79 60 64 48 53 32 84 15 21 4 17 35 25 89 15 34 38 98 20 75 43 17 66 60 27 39 11 84 35 21 77 91 9 8 8 80 56 48 69 51 35 53 75 77 0 24 81 20 78 19 82 73 47 34 1 25 58 5 50 11 83 1 88 21 3 35 100 19 25 6 91 11 87 69 75 14 80 12 63 5 59 21 73 58
72 10 61 51 11 20 38 96 68 26 68 88 42 81 79 6 79 60 64 48 53 32 84 15 21 4 17 35 25 89 15 34 38 98 20 75 43 17 66 60 27 39 11 84 35 21 77 91 9 8 8 80 56 48 69 51 35 53 75 77 0 24 81 20 78 19 82 73 47 34 1 25 58 5 50 11 83 1 88 21 3 35 100 19 25 6 91 11 87 69 75 14 80 12 63 5 59 21 73 58
72 10 61 51 11 20 38 96 68 26 68 88 42 81 79 6 79 60 64 48 53 32 84 15 21 4 17 35 25 89 15 34 38 98 20 75 43 17 66 60 27 39 11 84 35 21 77 91 9 8 8 80 56 48 69 51 35 53 75 77 0 24 81 20 78 19 82 73 47 34 1 25 58 5 50 11 83 1 88 21 3 35 100 19 25 6 91 11 87 69 75 14 80 12 63 5 59 21 73 58
72 10 61 51 11 20 38 96 68 26 68 88 42 81 79 6 79 60 64 48 53 32 84 15 21 4 17 35 25 89 15 34 38 98 20 75 43 17 66 60 27 39 11 84 35 21 77 91 9 8 8 80 56 48 69 51 35 53 75 77 0 24 81 20 78 19 82 73 47 34 1 25 58 5 50 11 83 1 88 21 3 35 100 19 25 6 91 11 87 69 75 14 80 12 63 5 59 21 73 58
72 10 61 51 11 20 38 96 68 26 68 88 42 81 79 6 79 60 64 48 53 32 84 15 21 4 17 35 25 89 15 34 38 98 20 75 43 17 66 60 27 39 11 84 35 21 77 91 9 8 8 80 56 48 69 51 35 53 75 77 0 24 81 20 78 19 82 73 47 34 1 25 58 5 50 11 83 1 88 21 3 35 100 19 25 6 91 11 87 69 75 14 80 12 63 5 59 21 73 58
72 10 61 51 11 20 38 96 68 26 68 88 42 81 79 6 79 60 64 48 53 32 84 15 21 4 17 35 25 89 15 34 38 98 20 75 43 17 66 60 27 39 11 84 35 21 77 91 9 8 8 80 56 48 69 51 35 53 75 77 0 24 81 20 78 19 82 73 47 34 1 25 58 5 50 11 83 1 88 21 3 35 100 19 25 6 91 11 87 69 75 14 80 12 63 5 59 21 73 58
72 10 61 51 11 20 38 96 68 26 68 88 42 81 79 6 79 60 64 48 53 32 84 15 21 4 17 35 25 89 15 34 38 98 20 75 43 17 66 60 27 39 11 84 35 21 77 91 9 8 8 80 56 48 69 51 35 53 75 77 0 24 81 20 78 19 82 73 47 34 1 25 58 5 50 11 83 1 88 21 3 35 100 19 25 6 91 11 87 69 75 14 80 12 63 5 59 21 73 58
72 10 61 51 11 20 38 96 68 26 68 88 42 81 79 6 79 60 64 48 53 32 84 15 21 4 17 35 25 89 15 34 38 98 20 75 43 17 66 60 27 39 11 84 35 21 77 91 9 8 8 80 56 48 69 51 35 53 75 77 0 24 81 20 78 19 82 73 47 34 1 25 58 5 50 11 83 1 88 21 3 35 100 19 25 6 91 11 87 69 75 14 80 12 63 5 59 21 73 58
72 10 61 51 11 20 38 96 68 26 68 88 42 81 79 6 79 60 64 48 53 32 84 15 21 4 17 35 25 89 15 34 38 98 20 75 43 17 66 60 27 39 11 84 35 21 77 91 9 8 8 80 56 48 69 51 35 53 75 77 0 24 81 20 78 19 82 73 47 34 1 25 58 5 50 11 83 1 88 21 3 35 100 19 25 6 91 11 87 69 75 14 80 12 63 5 59 21 73 58
72 10 61 51 11 20 38 96 68 26 68 88 42 81 79 6 79 60 64 48 53 32 84 15 21 4 17 35 25 89 15 34 38 98 20 75 43 17 66 60 27 39 11 84 35 21 77 91 9 8 8 80 56 48 69 51 35 53 75 77 0 24 81 20 78 19 82 73 47 34 1 25 58 5 50 11 83 1 88 21 3 35 100 19 25 6 91 11 87 69 75 14 80 12 63 5 59 21 73 58
72 10 61 51 11 20 38 96 68 26 68 88 42 81 79 6 79 60 64 48 53 32 84 15 21 4 17 35 25 89 15 34 38 98 20 75 43 17 66 60 27 39 11 84 35 21 77 91 9 8 8 80 56 48 69 51 35 53 75 77 0 24 81 20 78 19 82 73 47 34 1 25 58 5 50 11 83 1 88 21 3 35 100 19 25 6 91 11 87 69 75 14 80 12 63 5 59 21 73 58
72 10 61 51 11 20 38 96 68 26 68 88 42 81 79 6 79 60 64 48 53 32 84 15 21 4 17 35 25 89 15 34 38 98 20 75 43 17 66 60 27 39 11 84 35 21 77 91 9 8 8 80 56 48 69 51 35 53 75 77 0 24 81 20 78 19 82 73 47 34 1 25 58 5 50 11 83 1 88 21 3 35 100 19 25 6 91 11 87 69 75 14 80 12 63 5 59 21 73 58
72 10 61 51 11 20 38 96 68 26 68 88 42 81 79 6 79 60 64 48 53 32 84 15 21 4 17 35 25 89 15 34 38 98 20 75 43 17 66 60 27 39 11 84 35 21 77 91 9 8 8 80 56 48 69 51 35 53 75 77 0 24 81 20 78 19 82 73 47 34 1 25 58 5 50 11 83 1 88 21 3 35 100 19 25 6 91 11 87 69 75 14 80 12 63 5 59 21 73 58
72 10 61 51 11 20 38 96 68 26 68 88 42 81 79 6 79 60 64 48 53 32 84 15 21 4 17 35 25 89 15 34 38 98 20 75 43 17 66 60 27 39 11 84 35 21 77 91 9 8 8 80 56 48 69 51 35 53 75 77 0 24 81 20 78 19 82 73 47 34 1 25 58 5 50 11 83 1 88 21 3 35 100 19 25 6 91 11 87 69 75 14 80 12 63 5 59 21 73 58
72 10 61 51 11 20 38 96 68 26 68 88 42 81 79 6 79 60 64 48 53 32 84 15 21 4 17 35 25 89 15 34 38 98 20 75 43 17 66 60 27 39 11 84 35 21 77 91 9 8 8 80 56 48 69 51 35 53 75 77 0 24 81 20 78 19 82 73 47 34 1 25 58 5 50 11 83 1 88 21 3 35 100 19 25 6 91 11 87 69 75 14 80 12 63 5 59 21 73 58
72 10 61 51 11 20 38 96 68 26 68 88 42 81 79 6 79 60 64 48 53 32 84 15 21 4 17 35 25 89 15 34 38 98 20 75 43 17 66 60 27 39 11 84 35 21 77 91 9 8 8 80 56 48 69 51 35 53 75 77 0 24 81 20 78 19 82 73 47 34 1 25 58 5 50 11 83 1 88 21 3 35 100 19 25 6 91 11 87 69 75 14 80 12 63 5 59 21 73 58
72 10 61 51 11 20 38 96 68 26 68 88 42 81 79 6 79 60 64 48 53 32 84 15 21 4 17 35 25 89 15 34 38 98 20 75 43 17 66 60 27 39 11 84 35 21 77 91 9 8 8 80 56 48 69 51 35 53 75 77 0 24 81 20 78 19 82 73 47 34 1 25 58 5 50 11 83 1 88 21 3 35 100 19 25 6 91 11 87 69 75 14 80 12 63 5 59 21 73 58
72 10 61 51 11 20 38 96 68 26 68 88 42 81 79 6 79 60 64 48 53 32 84 15 21 4 17 35 25 89 15 34 38 98 20 75 43 17 66 60 27 39 11 84 35 21 77 91 9 8 8 80 56 48 69 51 35 53 75 77 0 24 81 20 78 19 82 73 47 34 1 25 58 5 50 11 83 1 88 21 3 35 100 19 25 6 91 11 87 69 75 14 80 12 63 5 59 21 73 58
72 10 61 51 11 20 38 96 68 26 68 88 42 81 79 6 79 60 64 48 53 32 84 15 21 4 17 35 25 89 15 34 38 98 20 75 43 17 66 60 27 39 11 84 35 21 77 91 9 8 8 80 56 48 69 51 35 53 75 77 0 24 81 20 78 19 82 73 47 34 1 25 58 5 50 11 83 1 88 21 3 35 100 19 25 6 91 11 87 69 75 14 80 12 63 5 59 21 73 58
72 10 61 51 11 20 38 96 68 26 68 88 42 81 79 6 79 60 64 48 53 32 84 15 21 4 17 35 25 89 15 34 38 98 20 75 43 17 66 60 27 39 11 84 35 21 77 91 9 8 8 80 56 48 69 51 35 53 75 77 0 24 81 20 78 19 82 73 47 34 1 25 58 5 50 11 83 1 88 21 3 35 100 19 25 6 91 11 87 69 75 14 80 12 63 5 59 21 73 58
72 10 61 51 11 20 38 96 68 26 68 88 42 81 79 6 79 60 64 48 53 32 84 15 21 4 17 35 25 89 15 34 38 98 20 75 43 17 66 60 27 39 11 84 35 21 77 91 9 8 8 80 56 48 69 51 35 53 75 77 0 24 81 20 78 19 82 73 47 34 1 25 58 5 50 11 83 1 88 21 3 35 100 19 25 6 91 11 87 69 75 14 80 12 63 5 59 21 73 58
72 10 61 51 11 20 38 96 68 26 68 88 42 81 79 6 79 60 64 48 53 32 84 15 21 4 17 35 25 89 15 34 38 98 20 75 43 17 66 60 27 39 11 84 35 21 77 91 9 8 8 80 56 48 69 51 35 53 75 77 0 24 81 20 78 19 82 73 47 34 1 25 58 5 50 11 83 1 88 21 3 35 100 19 25 6 91 11 87 69 75 14 80 12 63 5 59 21 73 58
72 10 61 51 11 20 38 96 68 26 68 88 42 81 79 6 79 60 64 48 53 32 84 15 21 4 17 35 25 89 15 34 38 98 20 75 43 17 66 60 27 39 11 84 35 21 77 91 9 8 8 80 56 48 69 51 35 53 75 77 0 24 81 20 78 19 82 73 47 34 1 25 58 5 50 11 83 1 88 21 3 35 100 19 25 6 91 11 87 69 75 14 80 12 63 5 59 21 73 58
72 10 61 51 11 20 38 96 68 26 68 88 42 81 79 6 79 60 64 48 53 32 84 15 21 4 17 35 25 89 15 34 38 98 20 75 43 17 66 60 27 39 11 84 35 21 77 91 9 8 8 80 56 48 69 51 35 53 75 77 0 24 81 20 78 19 82 73 47 34 1 25 58 5 50 11 83 1 88 21 3 35 100 19 25 6 91 11 87 69 75 14 80 12 63 5 59 21 73 58
72 10 61 51 11 20 38 96 68 26 68 88 42 81 79 6 79 60 64 48 53 32 84 15 21 4 17 35 25 89 15 34 38 98 20 75 43 17 66 60 27 39 11 84 35 21 77 91 9 8 8 80 56 48 69 51 35 53 75 77 0 24 81 20 78 19 82 73 47 34 1 25 58 5 50 11 83 1 88 21 3 35 100 19 25 6 91 11 87 69 75 14 80 12 63 5 59 21 73 58
72 10 61 51 11 20 38 96 68 26 68 88 42 81 79 6 79 60 64 48 53 32 84 15 21 4 17 35 25 89 15 34 38 98 20 75 43 17 66 60 27 39 11 84 35 21 77 91 9 8 8 80 56 48 69 51 35 53 75 77 0 24 81 20 78 19 82 73 47 34 1 25 58 5 50 11 83 1 88 21 3 35 100 19 25 6 91 11 87 69 75 14 80 12 63 5 59 21 73 58
72 10 61 51 11 20 38 96 68 26 68 88 42 81 79 6 79 60 64 48 53 32 84 15 21 4 17 35 25 89 15 34 38 98 20 75 43 17 66 60 27 39 11 84 35 21 77 91 9 8 8 80 56 48 69 51 35 53 75 77 0 24 81 20 78 19 82 73 47 34 1 25 58 5 50 11 83 1 88 21 3 35 100 19 25 6 91 11 87 69 75 14 80 12 63 5 59 21 73 58
72 10 61 51 11 20 38 96 68 26 68 88 42 81 79 6 79 60 64 48 53 32 84 15 21 4 17 35 25 89 15 34 38 98 20 75 43 17 66 60 27 39 11 84 35 21 77 91 9 8 8 80 56 48 69 51 35 53 75 77 0 24 81 20 78 19 82 73 47 34 1 25 58 5 50 11 83 1 88 21 3 35 100 19 25 6 91 11 87 69 75 14 80 12 63 5 59 21 73 58
72 10 61 51 11 20 38 96 68 26 68 88 42 81 79 6 79 60 64 48 53 32 84 15 21 4 17 35 25 89 15 34 38 98 20 75 43 17 66 60 27 39 11 84 35 21 77 91 9 8 8 80 56 48 69 51 35 53 75 77 0 24 81 20 78 19 82 73 47 34 1 25 58 5 50 11 83 1 88 21 3 35 100 19 25 6 91 11 87 69 75 14 80 12 63 5 59 21 73 58
72 10 61 51 11 20 38 96 68 26 68 88 42 81 79 6 79 60 64 48 53 32 84 15 21 4 17 35 25 89 15 34 38 98 20 75 43 17 66 60 27 39 11 84 35 21 77 91 9 8 8 80 56 48 69 51 35 53 75 77 0 24 81 20 78 19 82 73 47 34 1 25 58 5 50 11 83 1 88 21 3 35 100 19 25 6 91 11 87 69 75 14 80 12 63 5 59 21 73 58
72 10 61 51 11 20 38 96 68 26 68 88 42 81 79 6 79 60 64 48 53 32 84 15 21 4 17 35 25 89 15 34 38 98 20 75 43 17 66 60 27 39 11 84 35 21 77 91 9 8 8 80 56 48 69 51 35 53 75 77 0 24 81 20 78 19 82 73 47 34 1 25 58 5 50 11 83 1 88 21 3 35 100 19 25 6 91 11 87 69 75 14 80 12 63 5 59 21 73 58
72 10 61 51 11 20 38 96 68 26 68 88 42 81 79 6 79 60 64 48 53 32 84 15 21 4 17 35 25 89 15 34 38 98 20 75 43 17 66 60 27 39 11 84 35 21 77 91 9 8 8 80 56 48 69 51 35 53 75 77 0 24 81 20 78 19 82 73 47 34 1 25 58 5 50 11 83 1 88 21 3 35 100 19 25 6 91 11 87 69 75 14 80 12 63 5 59 21 73 58
72 10 61 51 11 20 38 96 68 26 68 88 42 81 79 6 79 60 64 48 53 32 84 15 21 4 17 35 25 89 15 34 38 98 20 75 43 17 66 60 27 39 11 84 35 21 77 91 9 8 8 80 56 48 69 51 35 53 75 77 0 24 81 20 78 19 82 73 47 34 1 25 58 5 50 11 83 1 88 21 3 35 100 19 25 6 91 11 87 69 75 14 80 12 63 5 59 21 73 58
72 10 61 51 11 20 38 96 68 26 68 88 42 81 79 6 79 60 64 48 53 32 84 15 21 4 17 35 25 89 15 34 38 98 20 75 43 17 66 60 27 39 11 84 35 21 77 91 9 8 8 80 56 48 69 51 35 53 75 77 0 24 81 20 78 19 82 73 47 34 1 25 58 5 50 11 83 1 88 21 3 35 100 19 25 6 91 11 87 69 75 14 80 12 63 5 59 21 73 58
72 10 61 51 11 20 38 96 68 26 68 88 42 81 79 6 79 60 64 48 53 32 84 15 21 4 17 35 25 89 15 34 38 98 20 75 43 17 66 60 27 39 11 84 35 21 77 91 9 8 8 80 56 48 69 51 35 53 75 77 0 24 81 20 78 19 82 73 47 34 1 25 58 5 50 11 83 1 88 21 3 35 100 19 25 6 91 11 87 69 75 14 80 12 63 5 59 21 73 58
72 10 61 51 11 20 38 96 68 26 68 88 42 81 79 6 79 60 64 48 53 32 84 15 21 4 17 35 25 89 15 34 38 98 20 75 43 17 66 60 27 39 11 84 35 21 77 91 9 8 8 80 56 48 69 51 35 53 75 77 0 24 81 20 78 19 82 73 47 34 1 25 58 5 50 11 83 1 88 21 3 35 100 19 25 6 91 11 87 69 75 14 80 12 63 5 59 21 73 58
72 10 61 51 11 20 38 96 68 26 68 88 42 81 79 6 79 60 64 48 53 32 84 15 21 4 17 35 25 89 15 34 38 98 20 75 43 17 66 60 27 39 11 84 35 21 77 91 9 8 8 80 56 48 69 51 35 53 75 77 0 24 81 20 78 19 82 73 47 34 1 25 58 5 50 11 83 1 88 21 3 35 100 19 25 6 91 11 87 69 75 14 80 12 63 5 59 21 73 58
72 10 61 51 11 20 38 96 68 26 68 88 42 81 79 6 79 60 64 48 53 32 84 15 21 4 17 35 25 89 15 34 38 98 20 75 43 17 66 60 27 39 11 84 35 21 77 91 9 8 8 80 56 48 69 51 35 53 75 77 0 24 81 20 78 19 82 73 47 34 1 25 58 5 50 11 83 1 88 21 3 35 100 19 25 6 91 11 87 69 75 14 80 12 63 5 59 21 73 58
72 10 61 51 11 20 38 96 68 26 68 88 42 81 79 6 79 60 64 48 53 32 84 15 21 4 17 35 25 89 15 34 38 98 20 75 43 17 66 60 27 39 11 84 35 21 77 91 9 8 8 80 56 48 69 51 35 53 75 77 0 24 81 20 78 19 82 73 47 34 1 25 58 5 50 11 83 1 88 21 3 35 100 19 25 6 91 11 87 69 75 14 80 12 63 5 59 21 73 58
72 10 61 51 11 20 38 96 68 26 68 88 42 81 79 6 79 60 64 48 53 32 84 15 21 4 17 35 25 89 15 34 38 98 20 75 43 17 66 60 27 39 11 84 35 21 77 91 9 8 8 80 56 48 69 51 35 53 75 77 0 24 81 20 78 19 82 73 47 34 1 25 58 5 50 11 83 1 88 21 3 35 100 19 25 6 91 11 87 69 75 14 80 12 63 5 59 21 73 58
72 10 61 51 11 20 38 96 68 26 68 88 42 81 79 6 79 60 64 48 53 32 84 15 21 4 17 35 25 89 15 34 38 98 20 75 43 17 66 60 27 39 11 84 35 21 77 91 9 8 8 80 56 48 69 51 35 53 75 77 0 24 81 20 78 19 82 73 47 34 1 25 58 5 50 11 83 1 88 21 3 35 100 19 25 6 91 11 87 69 75 14 80 12 63 5 59 21 73 58
72 10 61 51 11 20 38 96 68 26 68 88 42 81 79 6 79 60 64 48 53 32 84 15 21 4 17 35 25 89 15 34 38 98 20 75 43 17 66 60 27 39 11 84 35 21 77 91 9 8 8 80 56 48 69 51 35 53 75 77 0 24 81 20 78 19 82 73 47 34 1 25 58 5 50 11 83 1 88 21 3 35 100 19 25 6 91 11 87 69 75 14 80 12 63 5 59 21 73 58
72 10 61 51 11 20 38 96 68 26 68 88 42 81 79 6 79 60 64 48 53 32 84 15 21 4 17 35 25 89 15 34 38 98 20 75 43 17 66 60 27 39 11 84 35 21 77 91 9 8 8 80 56 48 69 51 35 53 75 77 0 24 81 20 78 19 82 73 47 34 1 25 58 5 50 11 83 1 88 21 3 35 100 19 25 6 91 11 87 69 75 14 80 12 63 5 59 21 73 58
72 10 61 51 11 20 38 96 68 26 68 88 42 81 79 6 79 60 64 48 53 32 84 15 21 4 17 35 25 89 15 34 38 98 20 75 43 17 66 60 27 39 11 84 35 21 77 91 9 8 8 80 56 48 69 51 35 53 75 77 0 24 81 20 78 19 82 73 47 34 1 25 58 5 50 11 83 1 88 21 3 35 100 19 25 6 91 11 87 69 75 14 80 12 63 5 59 21 73 58
72 10 61 51 11 20 38 96 68 26 68 88 42 81 79 6 79 60 64 48 53 32 84 15 21 4 17 35 25 89 15 34 38 98 20 75 43 17 66 60 27 39 11 84 35 21 77 91 9 8 8 80 56 48 69 51 35 53 75 77 0 24 81 20 78 19 82 73 47 34 1 25 58 5 50 11 83 1 88 21 3 35 100 19 25 6 91 11 87 69 75 14 80 12 63 5 59 21 73 58
72 10 61 51 11 20 38 96 68 26 68 88 42 81 79 6 79 60 64 48 53 32 84 15 21 4 17 35 25 89 15 34 38 98 20 75 43 17 66 60 27 39 11 84 35 21 77 91 9 8 8 80 56 48 69 51 35 53 75 77 0 24 81 20 78 19 82 73 47 34 1 25 58 5 50 11 83 1 88 21 3 35 100 19 25 6 91 11 87 69 75 14 80 12 63 5 59 21 73 58
72 10 61 51 11 20 38 96 68 26 68 88 42 81 79 6 79 60 64 48 53 32 84 15 21 4 17 35 25 89 15 34 38 98 20 75 43 17 66 60 27 39 11 84 35 21 77 91 9 8 8 80 56 48 69 51 35 53 75 77 0 24 81 20 78 19 82 73 47 34 1 25 58 5 50 11 83 1 88 21 3 35 100 19 25 6 91 11 87 69 75 14 80 12 63 5 59 21 73 58
72 10 61 51 11 20 38 96 68 26 68 88 42 81 79 6 79 60 64 48 53 32 84 15 21 4 17 35 25 89 15 34 38 98 20 75 43 17 66 60 27 39 11 84 35 21 77 91 9 8 8 80 56 48 69 51 35 53 75 77 0 24 81 20 78 19 82 73 47 34 1 25 58 5 50 11 83 1 88 21 3 35 100 19 25 6 91 11 87 69 75 14 80 12 63 5 59 21 73 58
72 10 61 51 11 20 38 96 68 26 68 88 42 81 79 6 79 60 64 48 53 32 84 15 21 4 17 35 25 89 15 34 38 98 20 75 43 17 66 60 27 39 11 84 35 21 77 91 9 8 8 80 56 48 69 51 35 53 75 77 0 24 81 20 78 19 82 73 47 34 1 25 58 5 50 11 83 1 88 21 3 35 100 19 25 6 91 11 87 69 75 14 80 12 63 5 59 21 73 58
72 10 61 51 11 20 38 96 68 26 68 88 42 81 79 6 79 60 64 48 53 32 84 15 21 4 17 35 25 89 15 34 38 98 20 75 43 17 66 60 27 39 11 84 35 21 77 91 9 8 8 80 56 48 69 51 35 53 75 77 0 24 81 20 78 19 82 73 47 34 1 25 58 5 50 11 83 1 88 21 3 35 100 19 25 6 91 11 87 69 75 14 80 12 63 5 59 21 73 58
72 10 61 51 11 20 38 96 68 26 68 88 42 81 79 6 79 60 64 48 53 32 84 15 21 4 17 35 25 89 15 34 38 98 20 75 43 17 66 60 27 39 11 84 35 21 77 91 9 8 8 80 56 48 69 51 35 53 75 77 0 24 81 20 78 19 82 73 47 34 1 25 58 5 50 11 83 1 88 21 3 35 100 19 25 6 91 11 87 69 75 14 80 12 63 5 59 21 73 58
72 10 61 51 11 20 38 96 68 26 68 88 42 81 79 6 79 60 64 48 53 32 84 15 21 4 17 35 25 89 15 34 38 98 20 75 43 17 66 60 27 39 11 84 35 21 77 91 9 8 8 80 56 48 69 51 35 53 75 77 0 24 81 20 78 19 82 73 47 34 1 25 58 5 50 11 83 1 88 21 3 35 100 19 25 6 91 11 87 69 75 14 80 12 63 5 59 21 73 58
72 10 61 51 11 20 38 96 68 26 68 88 42 81 79 6 79 60 64 48 53 32 84 15 21 4 17 35 25 89 15 34 38 98 20 75 43 17 66 60 27 39 11 84 35 21 77 91 9 8 8 80 56 48 69 51 35 53 75 77 0 24 81 20 78 19 82 73 47 34 1 25 58 5 50 11 83 1 88 21 3 35 100 19 25 6 91 11 87 69 75 14 80 12 63 5 59 21 73 58
72 10 61 51 11 20 38 96 68 26 68 88 42 81 79 6 79 60 64 48 53 32 84 15 21 4 17 35 25 89 15 34 38 98 20 75 43 17 66 60 27 39 11 84 35 21 77 91 9 8 8 80 56 48 69 51 35 53 75 77 0 24 81 20 78 19 82 73 47 34 1 25 58 5 50 11 83 1 88 21 3 35 100 19 25 6 91 11 87 69 75 14 80 12 63 5 59 21 73 58
72 10 61 51 11 20 38 96 68 26 68 88 42 81 79 6 79 60 64 48 53 32 84 15 21 4 17 35 25 89 15 34 38 98 20 75 43 17 66 60 27 39 11 84 35 21 77 91 9 8 8 80 56 48 69 51 35 53 75 77 0 24 81 20 78 19 82 73 47 34 1 25 58 5 50 11 83 1 88 21 3 35 100 19 25 6 91 11 87 69 75 14 80 12 63 5 59 21 73 58
72 10 61 51 11 20 38 96 68 26 68 88 42 81 79 6 79 60 64 48 53 32 84 15 21 4 17 35 25 89 15 34 38 98 20 75 43 17 66 60 27 39 11 84 35 21 77 91 9 8 8 80 56 48 69 51 35 53 75 77 0 24 81 20 78 19 82 73 47 34 1 25 58 5 50 11 83 1 88 21 3 35 100 19 25 6 91 11 87 69 75 14 80 12 63 5 59 21 73 58
72 10 61 51 11 20 38 96 68 26 68 88 42 81 79 6 79 60 64 48 53 32 84 15 21 4 17 35 25 89 15 34 38 98 20 75 43 17 66 60 27 39 11 84 35 21 77 91 9 8 8 80 56 48 69 51 35 53 75 77 0 24 81 20 78 19 82 73 47 34 1 25 58 5 50 11 83 1 88 21 3 35 100 19 25 6 91 11 87 69 75 14 80 12 63 5 59 21 73 58
