100 100
3 56 10 49 26 94 52 6 68 26 96 53 86 58 29 28 41 81 23 0 57 5 92 14 75 60 32 33 4 76 94 53 73 100 78 28 56 48 99 43 87 66 66 25 37 56 75 75 45 99 52 15 81 39 65 97 41 96 4 25 1 36 10 73 58 49 1 95 76 0 93 3 18 72 42 57 67 94 98 42 25 71 78 58 12 39 9 71 58 71 59 27 40 30 57 16 19 46 46 25
1 52 6 42 12 43 49 5 32 22 88 37 14 53 7 10 17 48 10 0 44 1 82 4 55 47 17 29 2 23 13 30 59 71 36 15 32 32 28 26 44 9 16 17 10 56 43 55 21 26 19 8 23 5 39 45 19 83 0 23 0 28 8 14 8 16 1 23 76 0 4 2 1 35 27 16 8 5 68 41 18 13 74 56 2 34 2 14 5 33 40 12 6 7 11 11 5 12 5 24
1 21 3 24 19 90 49 0 59 13 70 16 10 16 10 22 12 11 13 0 9 1 20 5 20 10 5 14 2 24 70 51 37 100 24 22 12 16 51 32 49 13 50 11 12 11 7 60 17 42 33 7 62 15 42 76 8 87 2 2 0 15 8 43 13 31 1 53 52 0 70 0 4 12 30 15 42 24 12 25 25 20 60 29 10 25 4 7 3 19 23 13 8 5 47 5 8 26 27 7
3 40 9 2 14 15 43 5 6 0 68 18 72 54 13 0 24 62 10 0 55 0 87 8 53 34 24 17 0 21 41 11 52 53 8 18 21 14 62 25 68 64 46 14 33 38 29 39 24 54 39 14 7 31 17 17 20 82 1 6 1 4 8 35 56 41 0 1 32 0 41 2 8 50 1 47 13 82 26 33 6 26 61 39 2 17 9 32 39 48 59 9 8 7 42 9 19 4 24 1
3 47 0 44 10 7 37 0 47 21 6 17 33 35 0 7 40 43 11 0 27 0 24 9 36 49 30 32 4 19 70 23 53 35 12 10 34 1 26 37 79 61 37 20 8 11 25 35 39 38 12 11 6 6 29 85 18 0 0 5 0 10 2 14 44 0 1 41 6 0 53 0 17 16 35 21 54 17 61 39 3 51 42 20 0 26 0 0 10 56 54 20 10 26 36 6 0 42 9 16
1 51 2 19 15 10 36 6 20 5 63 52 2 6 9 7 28 0 10 0 50 4 90 9 41 26 22 5 1 57 55 3 9 88 38 2 46 21 81 20 59 48 52 15 17 51 12 42 10 19 9 6 16 6 56 89 35 83 2 10 1 9 3 30 22 21 0 40 20 0 55 3 7 2 6 19 40 71 72 29 13 61 30 15 6 26 9 48 56 13 26 4 32 5 17 7 19 6 36 14
0 12 6 1 5 23 4 1 49 23 11 28 34 47 0 0 11 2 8 0 12 2 55 4 16 36 25 11 3 3 18 33 13 64 76 18 34 30 62 11 36 43 59 2 4 3 61 25 42 19 51 13 77 7 16 92 1 9 0 21 1 17 8 72 18 41 0 54 66 0 40 0 5 13 31 32 3 2 30 15 9 47 45 6 9 39 4 40 7 71 56 11 23 23 0 10 17 38 24 14
3 26 0 25 14 1 22 0 15 18 31 29 63 56 3 5 14 67 7 0 6 1 39 13 43 44 23 19 2 14 81 44 44 46 61 15 23 11 70 19 57 19 42 0 34 25 63 55 21 49 47 5 5 3 55 43 17 96 3 4 0 5 5 20 12 26 1 1 67 0 20 0 5 60 1 31 25 58 37 23 12 26 77 44 1 18 3 70 5 62 38 14 8 27 20 1 7 33 45 2
3 55 7 15 17 72 43 1 6 25 22 37 75 46 29 3 12 34 21 0 34 4 90 12 63 30 19 32 4 30 16 11 2 78 44 15 49 12 82 17 15 19 19 5 28 7 5 40 14 79 31 3 65 19 60 57 28 23 2 8 0 19 1 2 29 9 1 6 76 0 40 2 1 47 39 50 32 80 15 16 16 6 56 52 1 25 8 63 45 47 28 27 9 10 27 0 13 26 5 18
0 18 9 41 23 75 3 5 30 20 28 24 72 57 16 19 41 38 6 0 24 1 20 2 54 38 32 23 4 34 19 53 68 18 63 18 40 48 86 30 8 34 61 13 27 7 8 29 37 85 36 10 43 7 35 26 25 41 1 7 0 3 0 16 26 15 1 39 32 0 53 3 6 42 42 20 39 86 12 30 9 50 44 56 2 32 2 34 27 68 23 1 1 9 49 6 10 43 13 16
0 56 10 47 8 39 5 1 10 5 93 18 5 30 20 14 39 60 15 0 9 1 31 1 6 21 25 12 0 75 75 30 62 85 3 21 56 17 54 41 61 2 34 23 16 33 57 0 32 24 31 2 6 14 60 97 40 91 1 19 1 23 6 28 46 38 0 4 18 0 67 3 10 60 25 57 8 22 1 12 25 68 69 10 6 12 5 71 7 16 29 27 20 29 56 10 2 29 12 24
2 2 7 4 13 20 29 4 43 12 87 46 57 58 25 14 34 10 8 0 8 0 14 11 28 52 26 13 0 18 23 7 43 88 58 2 16 35 43 17 81 63 17 14 34 12 73 42 19 86 11 14 52 39 60 82 39 71 0 3 1 7 1 27 22 5 1 58 48 0 29 2 17 33 40 57 35 4 26 42 11 42 44 40 5 38 9 10 42 26 26 12 26 24 6 11 6 11 0 19
2 23 0 34 11 53 50 4 51 2 44 0 81 44 9 24 8 19 16 0 30 3 10 14 50 5 31 21 2 14 40 40 40 27 2 28 48 24 91 16 56 30 58 2 5 19 12 17 12 54 48 11 32 34 36 48 10 66 2 13 1 25 8 34 26 46 1 67 54 0 91 1 14 29 24 28 43 2 83 16 7 43 61 36 8 36 3 49 44 62 43 13 14 10 25 12 17 30 46 19
0 48 1 27 25 34 37 3 34 24 87 43 1 46 1 16 2 21 23 0 12 5 9 3 63 21 24 25 0 48 72 16 12 26 57 8 31 5 38 16 40 21 10 10 12 51 13 16 22 0 47 8 50 39 12 64 14 62 4 22 1 5 9 59 18 16 0 53 26 0 32 1 8 21 7 34 51 33 97 2 7 70 17 41 4 23 2 27 3 28 18 2 33 22 1 6 4 10 22 5
0 13 5 40 8 62 1 2 26 7 79 30 6 16 27 4 34 29 10 0 36 5 71 0 36 31 25 25 0 22 34 0 0 84 15 28 7 15 4 14 32 36 66 9 6 41 20 32 5 18 37 9 25 25 45 74 13 63 3 19 1 12 10 36 50 43 1 28 37 0 80 3 3 53 41 24 38 6 7 0 1 9 42 56 12 12 3 65 5 30 42 10 13 3 9 8 6 14 11 20
3 47 6 44 0 12 1 6 39 22 22 52 44 44 20 17 22 67 23 0 11 1 51 11 13 22 16 4 2 37 94 31 32 3 62 2 16 33 99 15 19 43 50 21 15 29 32 75 23 98 25 9 65 24 26 79 29 8 0 20 0 4 9 8 25 18 1 40 59 0 45 3 9 31 3 49 4 55 10 3 14 28 0 6 8 12 9 56 31 11 43 26 33 5 26 0 18 27 30 21
0 7 10 1 16 31 2 5 68 3 56 43 20 54 13 17 26 45 15 0 8 4 85 8 47 27 4 29 4 43 32 51 24 83 37 1 25 36 48 13 47 28 59 11 21 19 64 63 15 34 37 7 61 35 61 21 2 60 3 20 0 30 10 39 46 1 0 30 57 0 23 1 9 69 25 29 6 58 22 14 14 42 6 5 11 29 1 47 58 18 6 7 17 8 36 3 11 29 10 24
1 8 0 32 13 41 34 2 34 11 71 3 80 42 27 26 38 21 10 0 45 5 39 8 67 7 31 0 2 52 47 20 14 19 69 6 39 45 28 4 23 44 65 10 13 31 45 24 24 22 51 3 27 12 24 1 17 47 2 6 1 16 9 27 0 46 1 40 42 0 8 3 11 45 18 39 40 61 16 12 9 5 50 51 9 36 3 1 3 25 52 22 5 13 21 14 12 36 18 10
3 55 7 37 21 47 36 5 68 21 87 12 71 15 23 23 17 62 23 0 37 3 48 9 11 41 3 19 3 36 43 35 20 88 4 22 39 8 72 17 23 3 54 9 19 38 55 49 27 5 39 3 63 22 34 97 28 29 3 17 1 17 1 27 54 8 1 68 13 0 73 2 4 57 29 32 42 44 1 2 2 53 78 19 0 22 7 67 29 66 9 23 1 9 27 14 8 37 35 0
2 0 3 6 8 12 12 1 32 16 44 10 56 15 27 16 28 19 19 0 37 0 21 10 45 11 17 25 4 59 59 39 28 11 35 23 11 30 52 39 61 4 29 16 25 46 28 41 8 85 29 12 30 7 59 75 31 10 0 0 0 20 10 42 25 25 0 14 65 0 35 1 18 8 33 33 47 14 48 3 5 16 10 42 5 35 8 5 45 56 21 9 23 14 4 15 16 15 46 23
3 50 6 10 25 30 52 0 50 0 71 25 60 38 26 11 41 16 7 0 4 3 75 11 16 15 10 16 3 53 91 12 54 6 45 23 39 2 48 43 25 29 54 2 11 13 52 72 23 66 11 6 44 5 54 94 40 86 1 1 0 8 10 73 30 35 1 77 28 0 16 1 11 66 26 34 6 11 21 14 7 65 7 38 1 20 6 8 11 67 49 12 29 25 49 3 1 32 46 0
1 12 9 43 7 90 48 2 37 9 55 24 33 2 17 0 22 54 13 0 50 4 21 5 42 27 3 7 0 62 90 5 66 23 33 22 43 13 74 30 36 1 64 4 32 53 11 55 12 73 38 9 55 17 3 86 28 4 3 15 0 28 9 30 50 1 0 75 44 0 2 1 0 31 11 34 5 18 33 3 13 42 69 30 4 13 1 15 3 37 6 13 3 0 26 1 15 13 32 5
2 7 3 30 22 0 46 3 30 25 49 4 65 26 13 19 12 75 8 0 41 4 47 12 38 59 16 29 2 43 76 15 50 87 22 7 4 30 54 9 79 0 54 14 36 35 75 68 26 23 24 7 21 9 50 58 14 45 0 19 0 13 9 61 2 37 1 88 24 0 14 0 6 26 39 11 28 13 4 2 6 65 9 27 2 1 0 14 30 2 26 16 8 10 41 5 8 9 17 8
0 24 8 47 8 46 19 5 2 23 19 34 73 26 19 2 2 9 12 0 23 0 86 3 46 33 15 15 2 39 88 28 57 73 29 9 30 47 73 5 21 58 47 22 18 16 26 33 40 67 4 4 47 15 37 63 10 67 0 10 1 33 0 72 50 34 0 4 27 0 30 1 1 1 35 43 44 85 54 2 23 49 18 17 11 9 1 65 25 36 1 23 10 8 38 14 12 46 11 2
3 8 9 27 24 37 31 5 20 11 28 11 48 12 26 2 9 62 18 0 0 0 79 6 72 17 29 28 3 8 52 41 33 34 5 0 50 33 17 10 60 55 41 0 36 23 4 43 41 44 17 9 78 33 45 17 28 27 3 14 1 1 9 30 9 24 0 80 54 0 83 3 1 51 40 4 30 32 42 38 2 5 36 41 3 33 5 36 21 71 34 13 38 30 12 3 18 3 15 25
1 40 3 12 7 92 48 4 18 17 37 40 72 35 3 27 32 38 11 0 7 5 29 1 16 53 32 27 2 65 67 10 10 100 1 17 42 17 24 20 53 6 24 15 23 51 47 28 7 36 32 15 57 9 53 66 29 47 4 10 0 1 3 45 24 34 1 38 39 0 39 2 7 11 23 31 2 6 6 6 25 40 10 3 5 2 7 15 6 19 34 23 40 19 8 10 4 12 29 23
0 21 8 6 13 27 23 4 4 24 86 21 83 41 5 12 7 75 9 0 53 1 27 12 68 55 9 28 1 68 59 23 11 46 30 18 25 2 69 41 68 65 20 20 35 43 38 31 8 11 21 1 6 27 16 0 29 40 4 2 0 35 2 13 7 24 0 68 47 0 49 0 15 53 26 39 26 28 95 14 3 57 71 43 6 19 4 23 32 68 11 19 32 6 42 12 17 16 4 12
0 48 3 22 21 24 35 6 33 15 70 26 74 18 0 14 33 20 2 0 14 5 66 4 65 59 18 15 2 63 71 50 46 58 73 28 36 23 11 19 62 66 57 13 11 1 24 25 34 37 5 12 56 20 61 49 36 7 0 22 1 10 2 30 34 15 0 15 57 0 45 0 0 49 40 2 14 55 63 8 15 46 63 42 7 31 0 70 28 6 36 27 18 28 55 2 0 36 36 3
1 42 1 32 9 35 9 4 35 16 86 5 2 21 4 21 6 17 19 0 32 3 81 8 43 1 27 27 2 74 14 35 33 74 11 9 49 42 33 24 27 64 50 17 27 22 27 23 37 60 24 11 14 26 36 31 23 44 3 0 0 16 9 53 20 23 0 56 20 0 4 1 10 72 9 23 38 52 10 12 7 69 55 22 2 39 0 37 35 13 46 27 29 1 37 8 8 3 26 10
1 27 5 12 21 89 18 5 52 6 9 13 14 7 8 27 0 36 15 0 24 3 44 10 38 28 11 3 0 3 83 30 73 46 44 18 37 19 0 22 54 35 64 5 25 27 74 57 7 57 26 2 25 34 16 90 15 7 1 21 0 10 0 2 45 18 1 16 74 0 5 3 17 42 37 49 13 59 4 40 8 8 17 27 6 0 7 20 32 15 35 16 3 14 35 5 9 5 13 23
3 9 0 40 21 81 4 3 63 6 52 20 49 19 13 4 28 79 8 0 40 4 68 2 57 36 32 12 4 26 56 15 3 28 40 17 1 46 42 17 85 15 15 21 4 44 0 17 6 79 35 9 2 38 65 43 7 53 3 22 1 1 10 40 23 35 0 16 48 0 17 0 5 13 10 51 61 37 95 29 3 19 70 5 8 1 6 23 18 47 51 12 33 28 17 11 4 21 18 23
0 42 6 38 1 65 13 1 27 1 32 7 22 25 7 10 36 69 14 0 39 3 82 8 6 48 25 2 0 12 31 28 47 86 19 16 10 24 45 9 83 46 23 6 32 56 62 25 18 29 34 0 75 26 38 30 12 3 4 5 0 7 6 61 7 41 0 16 24 0 10 0 9 70 17 32 10 30 9 6 8 28 3 13 5 27 0 28 35 33 44 6 32 20 43 7 3 30 11 20
0 42 6 10 20 12 36 5 36 11 14 3 28 56 24 4 7 14 20 0 17 4 86 11 68 10 22 15 0 23 87 14 59 89 30 14 25 37 64 18 4 51 61 10 37 11 16 38 5 19 12 15 32 3 23 81 21 75 0 21 0 10 2 54 56 38 0 19 16 0 7 3 3 34 36 9 51 7 14 8 3 40 63 57 10 26 3 37 2 69 59 9 11 2 45 6 14 34 22 25
0 52 1 25 4 16 40 2 16 17 26 47 62 17 23 17 13 25 19 0 19 0 89 11 70 40 25 15 2 31 15 31 52 94 45 1 30 38 93 17 63 57 61 24 12 26 18 52 31 37 22 5 44 28 34 73 39 43 0 7 1 18 3 52 26 22 0 33 2 0 25 2 6 45 29 8 41 48 95 15 17 40 57 25 1 25 9 41 19 65 32 24 29 7 25 11 15 10 8 17
3 29 9 44 3 29 15 4 48 21 48 5 22 55 24 14 1 69 3 0 53 3 81 11 70 2 30 12 3 57 49 9 36 37 0 3 13 37 21 42 76 61 0 0 2 56 63 58 3 95 19 14 50 3 60 6 18 39 0 11 0 32 7 55 8 10 1 51 14 0 3 2 6 52 4 47 48 1 53 14 24 60 69 27 9 8 3 9 15 7 57 10 31 20 3 12 12 5 45 14
3 13 5 11 1 47 9 6 20 16 82 7 19 38 5 6 4 31 19 0 49 4 26 1 29 28 21 18 3 32 44 3 41 5 17 28 45 22 73 34 29 14 6 2 23 29 45 38 41 22 18 7 29 27 47 22 38 49 4 25 1 12 2 38 14 34 0 25 25 0 48 2 14 20 25 18 5 55 82 9 19 36 74 16 9 4 8 10 53 29 45 17 4 29 28 1 14 4 27 25
1 20 0 4 16 59 41 6 8 11 11 17 70 25 17 18 6 75 2 0 22 2 45 13 56 24 23 18 3 69 93 4 46 40 8 18 25 48 82 15 7 8 22 4 2 16 5 5 33 29 42 14 44 18 50 12 23 39 1 14 1 4 10 20 41 45 0 72 16 0 4 1 6 47 1 22 14 79 88 14 14 55 5 54 4 10 9 26 5 62 42 6 19 19 13 3 4 33 1 24
1 12 7 9 25 67 40 2 25 12 36 36 16 13 5 6 26 32 10 0 43 2 52 4 73 54 5 5 1 54 23 53 38 18 33 5 16 29 1 23 34 41 15 22 18 43 31 56 24 36 27 10 25 32 63 37 1 17 4 18 1 4 7 24 50 34 0 16 13 0 19 1 3 27 34 55 67 56 48 28 16 6 11 5 2 36 7 52 44 38 12 1 13 5 45 4 1 21 14 23
1 35 7 2 26 93 29 0 3 5 9 7 50 13 22 27 21 19 12 0 29 5 90 9 15 2 29 16 4 34 38 5 37 65 19 21 35 39 71 6 0 51 66 15 21 12 48 25 44 38 26 12 76 9 17 94 17 83 4 24 1 36 4 35 11 32 1 83 16 0 19 2 2 23 20 30 3 7 89 12 16 71 32 27 10 31 4 34 34 24 58 24 39 17 34 0 7 27 31 20
3 15 0 46 22 70 15 4 42 1 63 9 39 52 3 11 27 15 4 0 51 1 19 10 18 49 14 26 4 7 67 51 44 12 48 16 46 35 79 29 49 41 1 3 17 1 57 51 6 55 37 6 14 34 32 74 29 9 0 3 1 30 6 64 31 39 0 10 58 0 1 0 12 70 3 42 55 73 16 14 13 61 59 1 11 0 6 8 17 24 29 3 3 14 31 16 13 40 12 11
0 30 4 45 19 21 42 5 22 4 90 44 40 49 21 16 29 52 20 0 52 4 19 5 14 46 22 17 0 16 11 37 22 75 45 5 17 18 66 5 19 16 38 11 27 8 75 72 29 72 4 0 49 7 24 89 1 13 1 6 1 22 10 65 6 35 1 55 50 0 69 2 5 35 27 21 48 82 52 35 16 2 12 34 3 9 3 26 8 7 5 9 18 5 51 8 11 29 44 13
3 51 2 21 2 49 3 1 19 20 15 14 43 31 2 20 36 67 18 0 2 4 70 6 2 46 29 7 0 31 72 38 70 26 32 22 40 30 13 41 44 23 54 23 3 21 50 71 2 17 0 12 66 23 9 2 3 89 4 16 1 20 2 2 39 36 0 33 69 0 24 1 1 21 24 18 28 8 96 3 9 58 41 54 1 4 6 26 39 23 44 20 34 20 34 14 0 27 7 1
3 52 4 31 3 91 26 0 45 4 42 7 80 41 7 15 30 60 5 0 56 3 22 13 19 40 1 29 4 5 3 15 22 40 40 6 51 24 96 3 80 29 35 3 7 19 15 55 22 2 17 12 72 31 45 0 39 22 0 17 0 9 8 29 47 37 1 44 37 0 74 1 7 13 27 41 25 7 45 29 9 23 0 41 7 0 5 40 13 3 13 6 3 12 31 1 8 26 36 16
1 29 9 44 14 70 13 2 54 14 57 53 80 30 18 26 12 80 23 0 28 1 10 4 42 10 29 4 4 63 17 41 19 45 13 9 39 0 40 22 75 10 3 0 22 32 15 38 33 31 25 0 70 21 2 37 18 13 2 3 1 10 3 63 35 17 1 45 30 0 22 3 7 12 6 15 23 59 79 36 8 55 74 20 2 7 4 48 3 16 30 7 40 3 25 4 18 12 12 6
3 7 6 31 8 10 47 1 35 11 53 39 55 57 2 20 12 75 5 0 29 5 25 8 47 2 13 25 3 60 38 2 73 65 70 17 10 0 44 28 19 48 40 9 36 51 60 43 40 36 35 2 65 18 15 76 11 80 3 24 0 30 9 24 40 49 0 5 51 0 42 3 1 45 13 21 66 87 60 20 15 71 0 57 4 15 6 62 2 14 1 0 16 3 4 5 0 32 2 24
3 39 3 34 24 57 52 2 41 1 48 22 84 34 1 28 25 14 14 0 16 0 7 9 43 18 7 20 2 29 89 14 29 15 63 17 51 31 85 42 23 3 14 13 4 43 42 31 40 3 22 7 73 35 33 58 28 48 4 15 0 1 10 3 11 43 0 25 50 0 90 0 17 4 2 39 44 31 47 0 25 61 7 7 12 18 5 14 15 13 42 8 11 20 14 14 15 3 12 25
2 46 1 37 3 80 31 2 17 16 34 36 14 40 23 1 6 13 9 0 36 4 1 14 2 11 15 2 2 19 24 0 23 72 18 10 40 45 58 39 33 5 63 25 22 16 61 41 3 9 46 1 60 5 9 93 20 26 3 8 0 17 5 6 7 29 0 28 35 0 66 3 14 54 20 23 60 63 71 31 18 43 42 12 8 29 1 26 41 35 32 10 8 16 29 13 5 31 17 10
2 11 9 39 5 61 5 5 20 12 53 38 35 56 16 26 20 7 11 0 7 1 34 0 61 4 8 17 0 51 40 10 39 69 39 17 55 17 46 9 47 29 0 13 30 15 5 70 32 73 51 11 76 9 52 52 9 44 0 6 0 27 9 71 50 21 0 47 47 0 8 2 10 48 39 52 8 91 21 35 17 58 55 56 8 0 0 29 17 61 7 18 37 9 23 10 17 10 8 0
0 52 2 45 22 9 16 0 65 13 75 27 80 54 19 3 3 23 15 0 57 0 36 11 54 36 21 10 1 28 60 22 49 93 26 7 12 28 9 4 65 47 19 20 19 6 30 42 43 70 13 13 13 24 12 13 34 9 2 7 1 15 8 9 27 9 1 35 35 0 43 0 6 22 37 1 42 6 30 9 8 52 56 43 5 37 6 27 23 49 4 2 36 25 24 6 3 27 8 19
1 45 0 14 11 19 47 6 10 10 47 45 49 46 1 2 21 31 10 0 15 1 57 11 31 10 27 11 3 67 81 35 73 47 71 10 35 32 53 16 65 49 55 18 25 50 40 50 4 52 6 7 48 20 62 88 31 81 0 19 0 10 0 27 5 0 1 2 2 0 23 0 13 23 19 33 16 38 32 36 15 30 34 34 9 10 4 0 7 39 30 24 38 30 16 8 13 4 33 20
0 10 1 10 15 43 26 5 56 21 36 8 39 46 10 23 21 42 15 0 1 2 0 4 42 11 26 29 1 71 15 45 18 60 13 20 32 25 46 9 83 30 26 21 17 51 28 10 36 33 21 8 79 3 60 90 18 50 3 22 0 28 2 16 15 18 0 50 60 0 18 1 2 58 17 33 47 25 60 26 20 53 8 23 10 37 9 8 10 54 50 23 6 16 28 6 16 7 37 23
3 33 8 31 9 21 12 1 22 6 32 21 72 9 5 7 4 11 21 0 40 5 44 5 21 4 29 21 3 5 79 39 9 25 20 9 16 20 5 6 65 45 50 21 36 37 70 27 13 5 23 3 51 34 23 30 23 30 2 1 1 29 6 25 23 47 1 92 20 0 24 3 2 6 1 20 61 91 16 35 17 58 65 14 4 9 4 17 8 27 28 4 1 9 33 10 7 9 11 18
0 8 2 43 11 8 51 2 30 3 2 2 13 30 17 4 39 70 9 0 16 1 72 13 35 42 9 2 2 65 4 53 26 90 0 13 22 18 19 37 61 33 34 0 35 53 21 22 38 28 51 15 81 1 56 46 24 92 4 8 0 32 8 34 24 19 0 60 34 0 73 3 14 57 10 10 56 85 28 41 11 51 7 55 8 18 5 42 32 36 52 7 5 18 28 4 19 7 29 21
0 3 8 31 7 13 4 0 0 11 1 52 52 30 28 25 22 46 11 0 6 2 58 6 0 28 10 22 0 59 83 42 22 34 0 10 6 38 82 4 31 62 61 16 2 28 75 50 38 28 5 9 4 28 4 77 32 9 3 10 1 12 7 69 50 36 1 77 53 0 23 1 15 35 3 15 24 7 94 33 6 61 60 38 10 17 0 31 51 21 38 1 26 24 45 1 13 24 17 5
1 36 8 27 21 25 30 5 13 2 22 44 48 29 17 13 31 22 19 0 33 1 0 2 41 25 8 22 1 70 54 27 0 11 24 21 46 31 53 12 53 13 30 20 37 8 63 55 35 72 3 7 64 25 50 40 24 65 2 22 0 11 4 40 47 11 0 34 28 0 11 1 1 63 35 9 56 14 33 36 23 64 64 1 1 4 8 63 5 34 1 11 29 26 32 8 11 39 31 17
2 35 5 42 16 75 51 4 5 11 57 53 15 6 18 2 35 80 21 0 19 1 78 8 3 53 12 10 3 29 43 0 24 36 14 18 14 33 33 22 73 38 47 12 25 43 46 62 5 71 41 11 29 17 36 40 21 79 0 9 0 1 5 28 9 24 0 19 56 0 55 3 14 38 39 56 55 88 94 28 22 52 50 0 2 26 6 27 28 52 5 8 34 15 39 14 7 0 43 20
1 17 10 36 21 30 28 5 0 10 39 10 28 58 13 2 28 68 3 0 3 5 43 5 30 47 14 24 2 1 7 31 51 2 20 24 5 21 22 34 33 21 45 13 30 50 28 45 34 85 35 14 4 3 56 32 23 24 0 7 0 4 3 72 31 41 1 83 54 0 13 2 6 43 38 48 55 83 24 5 15 70 1 4 5 9 8 26 14 5 13 7 31 17 54 1 0 5 22 19
1 18 2 21 12 93 45 2 31 21 43 26 29 39 14 18 28 35 9 0 34 5 39 9 9 19 0 8 0 43 92 18 48 88 60 7 29 31 7 24 45 24 29 19 32 2 75 63 31 40 49 11 33 32 48 44 16 75 4 7 1 5 6 48 12 40 1 4 72 0 66 3 8 55 31 16 36 42 57 18 11 30 58 47 10 3 6 11 33 13 57 11 18 4 40 12 11 46 15 5
2 36 2 3 14 18 6 4 14 14 83 48 18 6 4 9 26 46 16 0 20 3 55 8 75 19 4 5 2 26 58 4 6 98 73 2 56 46 58 3 56 20 19 2 29 3 46 23 21 75 6 7 52 38 37 25 28 40 2 5 1 16 10 11 41 36 0 14 21 0 12 2 12 16 40 42 54 84 72 14 2 13 68 52 3 3 7 48 4 14 2 2 18 12 33 2 10 29 39 8
2 8 0 22 11 65 18 6 49 1 10 1 80 55 14 5 33 12 1 0 48 3 52 5 37 58 22 19 2 24 15 36 14 93 57 28 0 14 10 17 50 59 47 16 8 53 50 37 20 17 37 11 30 11 24 40 32 61 4 9 0 25 6 71 48 40 1 9 51 0 59 2 12 48 25 12 44 11 53 21 18 43 69 58 12 25 0 28 45 50 41 27 20 27 48 0 13 7 46 2
1 10 9 46 10 70 2 1 46 1 80 4 43 31 20 1 6 60 22 0 52 5 82 0 22 3 10 27 4 62 21 46 54 40 54 12 18 40 40 10 86 35 57 24 16 14 28 12 15 53 27 15 18 6 4 15 32 41 0 23 1 1 10 19 37 20 0 53 44 0 27 2 18 47 39 30 30 63 27 41 21 67 51 3 3 3 6 38 23 8 42 15 37 21 42 5 6 34 7 23
1 39 2 21 21 3 8 3 48 17 5 36 35 3 26 18 19 27 16 0 14 4 41 10 72 7 3 22 4 18 74 47 35 7 35 24 54 15 55 1 17 17 37 24 16 31 24 20 27 7 14 7 31 7 14 7 25 78 3 23 0 7 4 5 29 39 0 22 24 0 4 3 18 5 16 36 5 25 75 20 23 6 69 21 12 9 8 61 21 23 44 26 16 12 2 0 17 0 19 20
1 52 10 6 9 19 40 3 48 5 11 51 19 21 21 8 41 14 2 0 28 5 80 10 43 48 19 7 2 43 36 34 63 84 19 1 19 15 6 23 65 33 54 5 28 20 28 29 36 81 4 8 72 14 41 78 23 15 3 7 1 10 1 39 51 19 0 93 41 0 61 1 15 34 19 49 2 50 54 9 23 22 13 42 10 30 1 52 50 2 13 21 12 12 57 2 1 28 43 16
0 24 5 30 9 13 41 2 25 8 64 25 43 51 25 22 20 70 20 0 2 0 22 5 5 37 6 29 1 73 71 42 53 48 30 22 1 38 53 11 0 26 21 14 4 2 46 33 19 8 51 9 21 15 21 11 36 47 0 10 0 16 10 28 51 8 1 80 6 0 53 2 3 52 25 46 52 22 70 13 10 10 17 55 4 18 1 6 9 34 59 4 39 0 16 8 17 7 11 13
0 29 4 29 17 76 25 0 55 18 30 12 49 40 4 8 13 14 13 0 56 5 81 10 20 43 6 15 3 56 78 40 38 87 23 7 50 38 60 34 9 30 23 2 14 38 13 48 31 82 49 2 57 2 23 65 1 86 1 15 0 17 9 46 13 17 0 45 35 0 76 1 10 2 4 48 2 58 34 22 13 22 51 1 12 32 1 55 50 61 23 21 32 6 20 10 14 23 26 10
2 11 9 5 13 60 10 6 51 24 10 12 62 23 7 12 29 7 2 0 27 5 67 14 1 45 31 33 2 64 22 32 2 22 14 27 21 29 58 28 70 27 20 12 22 5 14 71 44 28 4 4 72 11 53 0 17 66 3 2 0 33 6 10 31 7 1 89 76 0 26 3 18 1 9 37 48 54 90 0 1 43 55 43 1 2 7 65 47 71 24 2 14 24 9 9 16 21 27 19
0 52 5 25 24 45 47 0 66 8 9 9 68 46 19 10 37 55 10 0 8 0 52 12 68 10 0 9 0 18 62 34 37 95 35 19 38 41 46 9 80 17 59 8 16 42 20 62 14 40 25 0 30 20 23 75 13 8 1 15 0 9 0 35 15 2 1 5 11 0 24 0 14 14 27 11 39 71 11 42 8 36 13 46 3 31 7 31 33 69 14 13 8 2 16 12 8 12 32 5
3 28 5 17 19 10 29 6 35 4 28 38 34 12 9 20 29 63 19 0 55 1 53 11 3 52 27 29 0 9 61 15 25 28 64 27 39 33 14 8 59 5 30 6 3 36 41 58 33 54 29 11 31 37 10 19 30 55 4 25 0 23 5 57 56 43 0 62 63 0 58 0 6 12 5 1 0 10 76 10 13 48 78 51 4 37 9 67 53 51 28 0 20 5 26 6 1 15 14 13
0 42 10 6 20 63 15 6 8 20 16 37 24 50 8 19 14 60 20 0 0 3 90 5 50 26 5 6 3 73 66 19 65 27 44 24 24 39 14 34 64 6 66 6 6 31 42 0 22 97 24 6 56 15 49 30 32 8 4 5 0 12 2 45 5 19 1 93 51 0 51 3 10 43 40 42 49 35 59 39 13 45 22 46 0 11 9 70 46 43 44 27 32 30 25 9 2 32 6 21
1 37 9 17 9 57 36 5 34 2 65 18 41 8 1 2 16 73 3 0 51 2 30 4 52 14 12 27 2 38 7 13 11 51 58 18 32 0 2 20 13 66 26 1 12 41 54 74 32 66 22 2 64 30 59 47 27 33 4 18 0 9 5 73 54 2 1 5 15 0 82 3 10 68 36 35 12 72 46 11 23 66 29 40 8 6 3 43 57 69 47 27 37 18 40 13 7 40 45 11
0 11 2 0 19 34 31 3 4 17 12 0 17 16 8 27 9 43 8 0 25 5 85 5 66 50 27 3 1 24 12 17 13 18 74 19 44 29 15 10 29 21 59 16 3 23 35 18 24 99 39 5 16 3 35 65 37 9 1 16 1 10 8 69 58 17 1 17 73 0 49 3 9 14 33 43 14 12 9 30 20 46 67 20 11 23 6 8 4 56 35 23 34 16 4 11 9 16 29 23
0 3 9 31 10 63 35 6 61 0 47 21 1 26 19 5 0 36 12 0 3 5 17 11 58 41 2 29 0 21 28 30 63 6 54 22 51 45 9 25 33 57 45 4 21 15 7 57 39 23 2 9 21 7 47 20 10 25 2 11 0 18 10 42 42 29 0 66 67 0 21 0 2 15 37 44 61 34 33 23 23 66 42 18 5 39 0 47 25 63 45 1 19 29 16 11 6 4 0 21
2 17 0 32 1 3 1 0 43 10 8 16 44 21 18 11 10 60 1 0 2 4 3 7 63 8 8 8 4 10 67 5 21 66 78 28 3 20 40 34 75 56 33 17 32 45 9 39 29 95 49 3 49 32 33 70 2 62 4 11 0 31 7 71 19 19 1 34 9 0 79 2 11 54 18 28 9 70 76 16 17 42 28 40 6 7 1 33 8 14 5 22 25 12 9 2 16 2 35 14
1 39 4 49 26 33 49 1 23 21 70 29 14 24 12 0 14 12 8 0 16 4 37 0 30 15 25 15 1 56 54 25 61 81 26 16 44 15 60 24 64 7 51 16 10 21 52 58 40 81 48 11 7 15 52 79 12 47 1 2 0 27 3 5 42 30 0 76 43 0 76 3 15 64 10 16 13 82 9 35 23 36 73 40 2 26 8 1 18 68 8 23 3 12 51 2 13 7 24 19
2 27 5 27 13 27 17 4 56 19 29 41 78 12 18 8 22 12 13 0 32 5 13 10 66 12 14 0 3 48 5 46 33 81 3 5 53 25 52 3 44 11 42 1 19 47 32 3 35 72 25 8 0 12 2 97 21 80 2 7 0 2 2 33 10 36 0 36 61 0 45 1 17 9 39 10 22 65 50 16 16 60 45 35 5 17 6 1 50 14 2 19 20 30 53 8 18 41 1 21
3 26 0 32 3 85 1 1 7 0 37 36 50 39 8 10 29 74 7 0 44 1 81 2 9 58 4 9 3 65 37 1 67 47 77 12 15 45 34 41 85 32 60 5 37 7 68 71 39 2 9 14 43 20 15 79 41 68 1 24 1 21 6 4 3 18 0 77 40 0 84 2 14 25 42 3 25 94 13 14 21 54 68 46 3 13 0 21 24 67 33 12 14 2 29 15 11 1 30 1
2 30 2 38 8 27 22 5 15 20 34 39 14 17 19 19 2 60 0 0 43 2 65 11 54 3 10 8 0 2 16 28 16 30 46 6 50 18 21 21 27 11 48 23 21 8 74 56 22 8 13 8 75 13 14 13 37 42 1 11 0 13 10 38 3 36 1 39 44 0 58 3 7 36 0 27 20 7 34 22 2 25 45 15 10 36 7 28 46 43 22 15 32 25 21 12 2 9 1 22
2 8 7 39 1 82 36 5 15 18 64 13 29 1 4 13 33 7 5 0 56 0 18 7 40 15 26 25 4 20 9 24 71 78 2 24 15 38 83 13 4 49 25 2 0 41 59 2 45 88 38 2 33 6 61 0 36 7 0 10 1 5 10 33 21 26 1 41 27 0 92 0 10 63 12 38 8 63 6 2 5 50 34 21 9 5 4 67 23 38 39 12 4 1 16 15 13 2 34 24
1 45 6 33 23 8 35 5 59 12 25 19 7 57 28 18 35 55 11 0 15 3 64 5 60 27 14 5 4 73 42 14 2 72 75 5 54 37 17 27 17 3 28 11 33 39 50 55 8 78 15 4 45 23 36 89 37 17 4 16 1 2 10 31 16 13 0 13 5 0 39 2 4 48 7 0 28 15 5 36 14 52 56 11 6 23 6 65 20 13 13 10 29 27 23 11 12 32 9 5
0 5 2 7 25 85 15 6 55 21 57 41 41 21 12 3 34 30 4 0 39 0 43 8 46 57 4 25 0 53 57 53 28 61 65 21 9 33 85 31 24 5 36 22 32 28 18 38 28 38 23 9 6 18 26 14 39 42 1 25 1 21 3 8 50 33 1 83 55 0 54 1 9 38 35 14 10 60 36 21 0 61 23 4 1 33 0 48 2 50 9 23 12 20 16 7 6 22 31 6
1 15 2 17 15 62 31 6 17 9 48 30 16 2 1 26 8 66 8 0 24 3 12 3 30 59 15 0 0 57 93 21 1 40 72 0 17 15 11 3 79 36 35 2 2 52 43 47 36 2 15 11 10 24 64 29 12 55 0 1 1 8 9 12 47 5 0 49 62 0 48 2 15 40 12 27 4 4 11 41 11 29 2 49 5 12 8 28 52 68 49 14 1 13 47 4 3 39 7 11
0 29 6 24 3 91 51 2 2 17 75 29 7 35 5 17 4 38 22 0 6 4 36 11 45 41 11 14 0 28 10 51 58 41 77 22 52 41 8 7 40 45 29 20 24 56 53 53 22 68 32 11 69 25 11 8 25 84 4 4 1 15 10 23 33 49 1 41 56 0 9 0 3 60 10 6 40 65 48 0 6 18 16 12 12 22 6 56 8 67 42 10 1 9 29 13 13 38 20 5
2 52 3 5 20 50 12 6 33 6 79 18 40 54 23 12 39 7 20 0 24 0 87 1 62 21 18 8 0 50 25 22 47 17 0 7 30 36 67 31 26 2 2 20 5 36 1 48 17 43 35 2 2 25 51 15 19 94 0 6 1 14 3 13 42 37 1 66 6 0 7 1 12 7 18 26 32 62 64 22 15 70 69 17 8 25 0 11 20 32 12 8 14 2 20 8 10 12 38 15
2 6 4 3 14 7 24 3 50 5 95 2 50 24 29 9 2 38 4 0 38 3 32 4 10 19 31 6 3 59 45 23 32 42 73 24 48 47 33 19 33 36 20 12 9 45 69 11 0 19 7 7 53 39 22 46 7 11 3 13 0 28 8 41 6 9 1 43 23 0 88 1 16 30 19 18 16 73 26 36 8 33 57 54 8 39 5 67 48 24 5 5 17 30 33 2 1 34 10 20
2 1 10 25 2 76 44 0 52 24 22 49 78 8 22 28 40 26 21 0 0 2 42 10 20 32 29 19 2 52 6 10 0 78 36 5 38 27 58 10 86 14 55 25 30 25 5 45 21 81 2 8 13 0 60 35 32 79 1 23 0 15 4 27 1 13 0 87 42 0 60 1 18 26 40 21 52 59 14 37 14 67 32 46 5 37 6 39 40 38 16 13 34 30 0 8 3 15 44 19
1 36 0 2 24 61 20 0 48 15 69 33 17 12 4 14 41 51 17 0 5 4 89 12 24 8 17 20 0 66 80 41 0 92 42 20 23 30 94 9 55 49 41 6 2 30 15 31 36 15 49 1 47 4 60 0 12 21 4 5 1 28 1 31 5 8 1 57 65 0 81 1 18 60 42 33 51 46 67 17 10 35 75 0 4 0 7 19 54 16 49 1 38 4 46 11 11 32 8 25
0 48 6 28 22 27 31 0 21 21 27 40 79 47 8 16 20 19 13 0 11 5 59 12 19 22 23 2 2 7 85 6 39 62 3 20 54 26 10 34 31 66 53 10 14 4 5 1 4 12 51 15 21 29 40 71 12 94 3 10 0 17 9 58 48 30 1 33 46 0 4 2 6 19 31 33 56 29 34 19 5 62 28 12 11 0 9 45 10 46 41 22 15 19 30 2 11 19 45 6
0 32 4 44 14 11 47 0 27 1 74 4 71 17 19 15 10 15 15 0 18 5 67 5 68 1 14 11 2 24 33 29 50 98 36 3 36 41 87 26 15 43 19 10 17 29 27 26 19 38 3 12 54 15 8 23 14 50 0 9 0 28 4 40 4 2 0 30 51 0 38 3 11 38 25 27 17 0 67 33 24 40 65 48 10 32 1 3 47 41 12 4 8 10 39 15 15 45 32 8
0 55 7 2 17 60 28 1 7 17 11 20 24 1 1 19 16 5 0 0 28 3 28 6 11 28 10 21 2 45 21 10 44 90 23 21 12 27 90 28 21 59 9 20 2 20 16 10 25 99 6 13 57 3 59 22 35 92 3 2 1 36 2 58 50 32 1 46 42 0 4 0 16 68 1 9 34 8 42 40 21 36 72 14 0 18 7 41 51 43 9 26 12 26 51 7 2 39 24 9
3 36 2 22 4 82 9 2 60 15 82 39 44 21 28 24 28 74 12 0 5 1 33 14 65 23 13 0 3 20 69 47 29 77 26 10 0 42 26 43 69 11 30 9 33 34 44 37 44 29 20 13 6 5 35 45 8 49 4 10 1 33 5 41 49 26 0 51 3 0 18 3 7 46 22 17 38 12 8 15 16 61 16 19 11 23 1 46 45 14 5 20 32 16 47 8 9 15 41 24
1 37 9 1 10 21 27 0 62 14 28 28 14 41 8 0 24 19 9 0 25 2 5 13 28 42 28 28 1 51 65 42 60 18 50 12 31 28 13 38 84 26 32 15 31 26 11 48 0 62 38 5 32 36 5 9 3 13 0 2 0 21 7 65 9 20 0 82 4 0 27 3 0 4 21 10 47 40 25 25 1 25 70 8 10 31 6 8 38 0 39 17 16 30 34 3 3 46 44 13
0 26 10 32 5 27 11 4 50 14 16 42 20 8 23 8 6 44 8 0 25 3 38 4 12 32 9 5 3 61 21 17 47 50 78 6 49 24 97 21 11 57 7 11 6 9 35 38 14 80 30 1 20 29 22 70 33 74 1 14 0 18 4 39 0 23 0 66 61 0 28 2 3 40 30 51 62 56 57 19 23 34 39 4 8 29 2 30 7 60 29 15 15 28 53 14 3 11 1 0
3 56 7 18 26 50 13 6 18 4 75 13 58 23 2 27 32 61 14 0 10 2 6 2 48 21 12 12 3 5 86 9 50 15 6 25 29 3 28 36 81 55 36 10 20 51 57 42 5 31 46 5 45 29 30 76 41 23 3 13 0 26 6 61 43 34 1 82 65 0 44 3 0 58 22 20 62 76 74 8 14 32 23 25 9 14 5 26 49 67 57 26 1 20 54 7 14 23 42 21
0 55 3 3 1 60 0 5 20 10 34 42 14 25 18 20 39 55 9 0 5 0 37 11 32 46 28 11 3 74 81 47 64 67 19 11 38 18 87 24 19 51 62 2 14 38 67 69 19 6 50 3 34 35 59 33 24 40 2 7 0 9 5 66 45 31 1 48 56 0 88 3 6 44 27 21 60 59 94 3 23 17 26 57 6 15 5 65 45 15 51 6 39 18 32 7 14 23 6 2
3 53 9 32 25 33 23 4 20 12 86 23 52 14 13 15 35 4 5 0 15 5 92 7 75 30 11 26 3 58 42 47 26 13 62 4 37 2 8 2 42 5 27 20 11 35 39 22 16 40 1 8 17 12 8 70 37 88 4 12 0 33 5 38 35 21 1 3 35 0 58 3 10 46 2 16 56 90 75 18 6 59 72 57 12 39 6 12 48 16 27 25 3 12 14 15 8 25 36 11
1 19 6 39 17 68 21 4 68 18 63 31 80 37 14 2 20 8 13 0 37 4 4 10 14 2 7 15 0 35 18 15 68 14 72 28 45 7 67 22 50 48 18 15 30 4 54 49 5 67 26 2 5 8 3 56 31 40 2 8 1 9 8 50 21 47 1 30 40 0 10 3 14 24 37 55 1 55 49 14 4 26 63 21 10 12 1 58 56 7 12 2 29 12 24 7 5 33 21 4
1 56 6 46 19 43 32 4 43 2 94 11 3 0 25 7 1 63 7 0 57 5 83 5 73 46 4 27 2 73 55 18 3 12 77 9 24 28 40 38 73 37 65 18 12 29 49 30 45 14 23 3 25 23 19 90 12 25 3 22 1 1 8 50 22 28 1 12 0 0 33 1 9 5 41 15 57 48 59 5 17 16 52 29 0 16 4 69 46 45 20 21 18 2 53 14 6 15 6 5
3 48 3 47 4 66 18 5 53 9 55 34 20 51 24 26 23 41 7 0 22 2 9 5 18 34 1 10 2 73 23 45 15 48 36 22 44 6 59 2 50 32 8 5 3 1 57 60 34 53 6 13 14 5 32 56 34 37 0 4 0 3 8 20 27 36 0 19 56 0 51 2 7 57 32 49 30 14 67 37 22 40 1 37 6 31 0 4 31 63 33 1 40 25 25 11 17 19 3 1
1 41 0 3 15 50 51 2 16 25 3 3 14 5 23 13 13 20 18 0 46 2 84 7 27 32 29 8 4 65 88 16 51 69 48 28 48 11 90 1 10 66 50 23 3 49 37 1 40 91 18 2 35 20 17 50 38 63 4 8 1 4 7 14 42 49 0 65 72 0 67 2 18 24 41 18 61 44 18 10 16 67 78 19 9 4 2 22 0 4 54 3 29 30 41 8 4 30 34 15
2 7 8 41 18 61 46 5 32 15 58 46 66 42 24 14 30 0 17 0 11 2 67 8 24 9 19 6 2 45 12 52 23 84 55 15 8 36 3 30 51 24 26 5 25 41 72 47 25 83 23 14 17 25 61 35 27 59 3 9 0 25 6 15 2 22 1 36 68 0 53 1 16 37 37 46 13 40 62 7 5 20 57 19 9 2 1 53 47 45 29 26 26 21 27 2 7 9 14 13
1 43 0 33 1 28 10 4 64 7 68 5 66 29 18 19 14 18 8 0 15 5 61 4 26 35 26 13 3 26 87 51 66 13 19 18 22 25 98 5 79 62 10 17 7 0 4 29 30 1 8 8 8 0 8 63 32 60 0 4 0 0 5 17 0 2 0 29 37 0 92 1 2 56 7 34 29 85 53 39 0 18 25 45 7 25 1 68 24 13 43 3 39 19 8 8 19 45 17 8
