98 87
84 91 96 64 1 99 19 55 87 86 87 30 79 96 53 36 79 10 52 15 61 63 83 76 74 5 38 47 16 79 8 53 11 42 33 17 85 11 9 33 32 28 88 37 57 7 5 22 63 52 40 100 69 41 84 41 72 28 29 56 17 86 72 67 87 100 16 95 94 85 63 4 20 76 19 62 62 75 16 98 80 22 69 36 33 55 43
28 21 83 0 1 80 0 22 80 56 45 8 54 72 27 2 49 7 51 12 27 0 58 15 64 5 4 0 9 8 4 1 11 40 31 5 16 2 0 18 14 24 1 36 28 1 4 1 56 39 39 14 64 10 77 20 24 7 11 32 14 32 34 52 13 14 7 3 35 54 5 2 7 39 19 19 58 60 16 23 46 19 7 7 7 39 8
60 17 52 57 1 20 18 21 14 8 32 1 20 91 30 28 67 4 18 2 32 62 4 33 1 3 14 3 12 22 1 14 4 5 4 16 6 2 6 1 23 28 8 35 54 5 1 19 32 8 18 8 9 36 61 15 48 9 28 39 2 65 45 41 78 9 14 35 84 1 1 0 1 56 16 17 54 12 16 97 79 18 7 25 14 18 16
14 25 79 53 1 63 17 55 22 61 7 20 40 86 41 5 78 8 48 3 1 13 1 33 47 2 4 32 10 0 0 44 8 9 13 5 65 9 6 25 15 12 45 19 5 1 3 3 41 20 33 81 3 15 15 28 48 12 16 17 7 39 1 53 73 11 4 77 34 51 29 4 11 7 4 30 31 72 15 21 16 11 38 3 33 45 21
69 83 13 2 1 52 5 0 44 23 52 28 24 40 22 17 61 4 25 11 11 25 27 39 20 0 6 34 13 42 3 52 7 37 28 6 33 4 3 22 19 13 43 21 6 7 3 2 62 31 1 68 21 9 33 24 43 22 21 16 10 84 56 8 30 47 15 69 70 37 53 2 20 36 3 3 58 24 4 8 63 17 52 17 29 22 33
64 90 63 25 0 96 2 9 42 39 16 3 33 81 47 36 22 0 22 10 1 16 75 42 5 3 24 26 16 15 8 24 0 29 9 7 9 7 4 17 14 18 14 17 44 7 2 16 25 38 12 10 20 29 35 2 29 26 15 25 12 82 8 56 8 76 2 44 9 44 10 4 0 34 16 12 50 24 0 56 26 15 43 19 5 0 7
43 6 42 10 0 64 17 35 71 23 27 7 3 40 44 17 56 10 31 10 47 20 63 58 49 2 27 28 11 52 3 17 5 21 23 1 62 10 8 32 14 26 7 1 48 6 5 19 30 6 21 72 61 2 81 34 18 23 3 55 3 37 22 33 75 43 12 48 56 70 46 4 16 1 10 42 4 47 14 60 35 17 42 27 8 6 32
60 78 80 1 0 83 6 37 17 55 1 19 69 33 29 16 58 9 11 4 7 44 13 28 63 5 10 6 10 0 3 10 5 40 29 9 63 8 3 0 29 19 28 25 43 1 4 4 23 39 21 27 32 11 53 3 53 23 27 36 10 1 65 4 87 34 9 29 23 75 41 2 15 7 12 5 3 48 3 37 19 21 17 5 31 47 29
15 21 30 10 1 4 0 15 50 29 15 8 67 69 33 20 50 1 23 10 31 19 81 57 53 2 23 6 13 14 6 29 1 12 33 6 10 9 7 18 28 25 46 26 2 1 4 2 13 34 4 54 25 30 68 23 53 28 28 55 5 23 65 53 46 77 5 80 91 36 5 4 13 29 0 44 38 45 12 36 71 5 5 25 2 50 10
33 4 9 41 0 86 8 6 35 16 56 27 9 76 6 34 13 1 8 10 10 21 0 52 20 0 22 9 16 16 3 28 10 16 7 12 80 7 0 1 0 24 32 32 50 6 3 19 2 1 34 78 11 16 31 4 6 28 27 37 0 70 64 11 14 25 3 39 20 43 9 2 3 20 17 0 26 3 6 65 19 15 63 19 19 8 15
33 18 88 59 1 20 10 3 81 54 85 8 54 17 24 22 22 5 19 2 23 36 29 51 46 4 9 12 4 41 3 18 3 39 30 8 2 6 6 18 27 28 35 34 9 7 1 5 49 25 14 45 50 29 79 30 38 12 0 30 5 40 47 52 2 49 16 65 63 70 24 3 10 28 19 30 45 35 13 94 28 10 18 33 23 50 23
63 71 19 44 0 19 12 36 22 64 14 14 38 79 32 20 51 10 32 13 18 40 29 33 28 4 7 15 3 20 4 6 1 9 3 8 43 10 0 16 13 5 66 11 56 6 2 17 16 50 25 0 10 8 79 36 55 23 4 10 1 76 67 15 84 7 4 69 16 4 44 4 20 60 5 2 22 75 6 55 37 1 18 36 19 49 36
83 36 87 18 1 93 17 30 20 20 77 10 32 48 16 3 78 0 12 11 52 47 28 36 7 5 1 28 11 60 0 50 5 33 13 5 67 1 4 1 22 11 52 0 11 5 5 10 7 38 19 50 34 0 44 36 49 26 0 34 2 60 33 4 22 70 1 8 55 27 39 1 5 64 15 29 59 4 1 23 72 10 60 35 13 13 17
65 55 16 47 1 23 4 14 67 56 47 19 71 42 5 26 15 1 40 14 20 41 5 16 52 5 5 10 2 64 4 47 4 6 5 3 57 6 4 31 22 16 34 20 47 7 3 17 51 34 25 47 25 18 32 16 58 5 0 2 3 41 45 54 65 59 14 18 73 62 62 4 19 65 8 12 49 32 5 22 75 10 69 36 24 26 14
84 88 9 2 0 41 2 28 35 44 64 6 67 39 27 26 68 8 50 11 0 1 13 52 13 1 38 30 15 30 0 30 11 9 6 12 27 10 8 11 0 1 28 35 26 4 0 19 43 50 4 88 67 21 76 41 3 12 1 14 15 75 6 59 14 5 10 70 19 28 21 4 15 18 4 36 7 9 13 87 2 3 19 23 11 12 12
64 82 17 7 1 5 10 6 62 9 45 0 44 25 32 28 18 0 30 13 16 29 25 70 37 2 8 28 10 70 2 4 2 39 30 8 37 5 9 21 13 25 0 27 11 5 5 2 23 29 34 55 27 21 25 1 58 22 2 18 15 37 30 59 28 94 3 1 56 72 60 3 7 73 4 60 15 73 1 79 19 22 45 5 24 31 18
67 86 18 10 0 71 2 22 54 20 18 6 61 16 36 36 59 4 31 9 0 27 9 62 19 4 29 2 11 51 1 52 6 36 0 5 36 7 7 15 4 16 48 21 44 5 4 7 11 22 38 58 55 0 15 11 57 14 7 10 16 62 62 7 56 73 11 78 6 58 21 4 18 54 6 13 18 62 7 24 15 19 61 21 26 28 5
49 29 38 9 0 38 9 36 12 22 54 23 43 93 36 22 51 3 48 11 32 16 1 68 66 4 4 20 12 58 1 0 1 33 32 13 3 4 0 2 14 12 52 0 10 1 4 5 60 1 20 61 8 37 71 17 68 20 24 6 10 81 61 58 33 87 8 91 7 83 20 4 19 73 17 17 37 52 15 82 34 21 65 7 32 47 25
31 4 58 57 0 91 15 52 2 41 35 9 28 8 34 32 15 7 35 12 18 49 0 62 74 0 30 16 16 65 8 39 5 32 10 13 76 0 0 28 6 2 48 31 11 2 2 4 38 10 36 7 58 20 66 32 44 18 23 56 2 67 61 49 27 41 2 11 37 32 6 4 18 25 6 7 9 40 15 60 8 2 56 28 26 28 38
49 24 3 63 0 44 8 30 9 20 64 26 17 36 19 34 2 0 13 9 52 20 44 50 54 5 8 10 3 77 5 3 2 40 6 12 8 0 7 25 2 6 79 28 50 2 0 22 61 31 13 73 62 8 6 27 10 18 13 52 0 9 19 30 52 56 2 55 11 73 25 1 2 30 13 10 49 45 8 86 5 10 42 3 8 10 16
20 17 34 41 1 81 6 48 3 67 28 16 60 53 10 7 40 0 31 8 52 44 73 30 22 3 35 15 12 28 3 20 10 36 0 3 12 11 4 8 3 14 10 9 25 3 4 9 9 19 35 30 45 0 77 33 71 13 8 14 10 16 54 10 69 95 15 57 1 22 22 1 9 76 9 40 21 12 16 78 4 10 54 24 9 32 16
12 12 11 41 1 25 4 15 62 50 2 9 78 95 27 36 34 7 42 2 25 34 57 4 1 2 35 3 9 31 6 45 11 1 14 13 8 8 0 32 15 8 51 15 20 2 2 3 8 32 6 87 63 39 15 29 39 14 9 42 17 75 7 11 20 74 5 95 34 32 6 4 3 16 17 17 30 21 2 59 74 19 50 36 8 45 38
31 67 15 64 1 7 13 34 12 22 29 4 49 28 24 26 27 6 25 5 47 6 70 9 39 3 5 22 14 29 4 5 10 21 29 4 12 10 3 23 10 12 84 34 32 4 5 19 23 31 36 95 63 3 79 32 26 1 9 6 1 70 45 49 6 60 9 87 30 34 3 0 19 5 16 45 48 19 14 57 33 10 16 8 5 41 30
2 72 66 8 1 95 1 33 24 64 81 6 37 70 31 0 61 6 45 12 6 3 44 28 15 0 27 33 16 54 0 20 7 16 21 7 35 11 6 9 12 22 87 30 27 3 4 15 59 37 30 57 47 12 59 22 9 5 8 32 8 73 30 9 14 41 5 27 67 23 3 1 13 15 7 30 58 6 4 87 78 13 59 33 7 8 39
65 28 86 28 0 43 16 9 80 44 61 1 26 94 32 15 45 9 31 4 31 18 43 46 12 4 26 15 5 58 5 5 3 3 23 1 51 3 7 17 24 8 64 11 50 4 5 0 29 44 11 57 35 4 7 41 24 8 9 13 10 75 23 50 59 49 8 84 85 39 7 0 0 55 9 16 16 24 7 92 79 14 65 28 12 29 30
50 30 74 26 1 5 14 7 2 66 31 30 61 74 1 33 70 3 35 5 14 3 36 4 2 5 2 10 9 18 2 14 2 13 32 8 56 4 0 1 9 8 16 18 55 6 1 22 38 6 21 31 63 1 0 7 23 20 5 46 14 6 28 49 73 42 8 38 90 84 28 1 7 7 14 11 11 47 10 72 4 14 50 27 26 28 5
53 81 0 5 0 74 6 51 23 56 36 17 41 69 10 8 70 3 23 13 30 5 7 45 18 5 30 3 8 13 2 5 1 4 28 14 70 7 4 7 5 12 40 21 16 5 3 8 26 19 22 39 45 6 21 1 31 17 16 26 2 24 32 30 28 9 12 37 34 53 12 4 4 38 7 15 33 33 8 21 35 20 49 34 13 2 5
63 13 42 43 1 63 11 39 27 17 2 13 70 18 32 11 23 2 6 0 34 30 58 36 46 2 0 4 15 37 3 30 0 12 24 17 40 4 3 3 18 6 29 34 13 4 5 22 51 51 13 50 20 26 64 14 56 22 0 28 15 49 32 44 8 59 10 31 30 21 59 0 16 59 3 10 48 36 4 32 23 6 68 8 3 1 32
39 68 21 13 1 88 19 4 55 62 50 0 62 68 3 22 33 4 19 10 61 42 58 47 53 1 14 14 13 69 3 45 0 14 11 17 30 11 7 24 29 5 48 8 9 3 0 1 49 47 22 41 36 14 57 19 23 26 26 51 2 22 14 37 71 43 13 4 3 45 38 3 14 59 3 46 25 15 10 7 5 3 38 0 15 42 16
17 25 42 49 0 64 10 32 35 66 24 1 76 22 16 16 53 5 51 8 43 32 57 29 58 0 25 41 6 27 2 33 11 27 21 12 0 7 3 23 1 25 76 37 12 6 3 17 12 47 26 57 45 34 65 30 38 18 24 55 13 0 37 34 75 56 2 19 13 51 63 1 2 22 12 61 40 38 6 11 35 18 36 3 16 41 27
25 5 82 14 0 56 9 31 6 21 75 2 74 20 38 19 69 4 8 4 28 3 48 4 72 4 23 26 7 74 8 13 8 5 31 0 5 7 0 20 27 6 73 15 7 0 3 3 20 33 12 31 10 12 29 25 61 7 26 0 10 26 30 59 12 88 2 88 91 16 57 3 20 37 10 16 62 48 11 60 57 3 62 28 25 50 32
26 6 9 52 0 22 16 37 40 84 67 22 46 59 52 5 44 3 41 13 23 61 37 22 20 2 9 26 9 18 6 34 0 6 1 3 2 9 5 5 19 14 48 32 28 3 3 0 19 7 37 31 59 17 42 1 44 28 18 50 4 23 11 21 78 98 6 20 86 62 44 1 15 40 3 58 55 10 13 51 4 19 62 1 18 43 30
70 76 54 14 0 34 16 45 53 32 47 20 37 79 42 28 45 6 3 14 38 19 2 33 22 4 5 36 3 52 4 6 2 24 19 17 8 3 9 2 19 0 52 22 25 0 2 21 43 46 2 91 28 27 42 1 27 16 25 4 8 7 64 3 76 12 12 50 13 48 2 3 6 60 10 18 44 33 7 50 70 0 25 32 6 27 1
49 65 22 33 1 69 7 27 60 19 45 21 67 23 28 18 67 9 17 13 21 26 59 23 51 0 4 42 5 61 1 21 2 18 12 1 84 9 3 19 14 16 6 27 21 6 1 0 23 5 4 57 45 16 6 7 50 25 7 54 12 13 32 57 84 23 6 92 77 82 60 2 0 54 11 43 16 50 3 64 41 5 65 20 2 41 42
80 74 26 58 1 5 4 16 87 10 37 12 59 16 11 2 45 7 39 8 46 56 59 12 23 2 17 27 2 6 4 48 5 41 0 9 18 9 1 16 2 2 3 15 31 4 4 16 51 7 1 44 13 29 9 26 18 2 8 19 3 4 51 10 34 21 0 39 39 43 52 4 5 59 7 31 2 23 1 13 72 20 2 16 18 34 2
59 88 72 9 1 10 9 49 38 23 66 12 28 78 2 18 65 5 34 11 28 50 82 17 50 4 5 46 5 72 4 24 9 4 28 8 50 8 0 9 12 2 30 35 51 1 0 1 16 28 1 38 32 36 13 14 71 7 12 42 16 5 14 59 50 88 12 85 75 69 42 3 20 7 14 27 38 13 14 64 58 6 9 35 26 51 6
23 13 11 18 1 74 9 32 80 30 85 24 50 9 51 10 77 9 51 5 1 20 9 41 0 5 12 46 5 6 5 51 11 41 23 6 37 0 5 11 3 22 69 4 36 1 2 2 39 1 37 84 21 25 81 36 16 3 18 38 10 50 40 56 33 48 0 27 43 43 29 2 2 52 13 59 25 27 13 56 69 8 20 20 7 51 32
28 85 90 25 1 18 14 15 70 28 47 5 16 42 53 6 22 7 15 2 32 47 34 27 6 1 17 17 5 68 8 22 10 1 20 10 61 10 5 26 7 10 67 6 15 7 2 14 53 15 14 39 3 1 2 3 53 0 1 11 17 8 72 14 36 66 4 58 76 34 46 4 19 70 4 33 59 58 10 9 44 10 43 24 9 50 16
3 81 14 42 1 86 19 16 34 6 73 4 74 25 43 18 40 2 47 10 27 49 53 54 3 4 26 27 8 59 4 47 11 27 30 16 40 6 9 22 21 13 81 20 18 6 4 22 29 2 6 55 55 17 24 39 1 4 16 46 3 11 72 52 78 90 11 71 57 81 15 3 4 21 6 54 11 56 13 83 6 12 45 31 30 6 35
78 44 21 49 1 93 0 11 81 38 83 15 74 66 29 34 14 4 3 2 38 41 44 45 35 2 3 25 14 43 6 42 10 13 13 11 53 6 4 5 32 13 34 28 47 2 3 5 20 8 16 69 24 41 65 21 48 10 3 34 13 15 33 44 28 40 6 21 12 56 19 1 3 5 9 57 33 26 16 56 62 22 37 3 12 34 6
0 34 71 35 0 17 17 50 21 55 23 12 6 77 4 4 22 9 39 0 45 25 37 43 68 1 23 32 7 76 8 4 1 0 3 12 11 9 4 14 13 10 57 13 40 6 4 1 4 42 12 14 43 34 24 22 39 24 10 8 6 12 66 14 15 52 3 42 1 22 7 1 3 58 15 4 14 68 15 39 55 17 6 5 24 44 20
21 73 0 37 1 41 11 0 59 3 52 24 18 4 17 12 0 1 48 7 27 49 14 0 0 3 30 4 5 59 2 44 6 10 16 4 53 6 0 12 12 24 86 6 12 0 1 15 7 10 20 13 28 29 34 36 30 22 21 8 8 50 19 20 43 9 16 26 44 37 8 1 17 60 18 48 21 18 0 74 65 7 22 23 18 31 34
46 43 18 19 0 85 9 51 78 62 4 0 45 4 2 21 11 8 9 2 31 57 80 70 43 4 36 31 3 29 2 5 5 40 12 5 81 2 7 32 32 17 38 36 1 6 0 6 16 35 14 61 4 16 47 22 54 15 16 3 4 15 55 37 70 4 6 77 65 33 48 0 4 64 2 4 53 12 8 75 63 21 26 1 31 3 27
41 89 40 13 1 53 8 9 62 11 30 21 14 21 37 29 36 5 30 13 49 19 29 43 36 3 19 11 1 58 6 37 5 35 20 9 76 5 2 10 22 12 49 22 31 2 5 11 22 38 2 44 23 9 0 18 60 24 29 32 14 61 57 13 56 14 9 20 53 60 25 4 3 75 13 55 1 65 3 75 0 22 34 2 12 39 18
63 52 46 4 1 26 13 12 42 77 47 22 70 18 27 31 48 5 45 12 36 46 77 27 20 3 15 28 2 73 2 5 7 36 25 7 14 1 0 9 16 5 40 3 27 2 2 10 3 37 27 96 10 7 27 3 61 11 27 41 2 71 17 13 78 33 4 8 6 31 56 1 8 42 1 44 10 34 13 0 41 16 48 7 21 36 27
75 19 39 36 0 29 18 4 25 47 64 6 27 95 45 34 52 1 15 5 8 2 13 36 58 0 3 46 2 48 5 17 1 16 1 13 16 7 2 10 13 25 61 31 43 0 3 1 33 43 2 36 31 0 9 4 60 24 8 46 7 63 4 24 37 25 10 83 47 14 52 2 8 67 18 29 52 27 13 50 12 18 16 17 11 32 7
33 6 52 1 1 41 10 2 43 15 41 28 62 48 12 3 33 9 16 2 7 31 52 64 49 5 3 6 15 55 5 4 3 24 0 13 46 4 3 20 32 9 86 11 27 2 4 14 37 32 4 92 19 34 14 24 23 17 8 31 4 58 55 28 74 97 7 1 73 13 6 0 16 11 12 37 44 1 3 10 73 2 28 29 4 47 33
56 72 38 32 1 27 17 4 32 29 59 18 55 72 20 32 2 6 25 1 23 43 76 2 5 4 38 22 11 54 8 45 2 12 22 9 16 3 7 24 0 12 37 11 17 7 4 2 58 7 0 48 58 31 13 3 48 25 19 2 12 8 50 32 81 45 5 27 41 80 39 2 10 2 8 46 56 14 13 74 41 12 22 0 25 46 37
43 28 76 60 0 42 16 17 74 53 46 4 55 88 19 29 66 1 12 14 58 56 27 48 52 5 7 37 1 55 1 47 11 12 33 5 2 0 4 26 21 25 10 26 21 6 1 19 33 24 11 72 30 15 25 11 1 27 25 24 15 74 70 40 64 35 13 36 5 72 61 0 6 35 0 4 37 19 0 13 15 7 68 26 20 21 34
39 1 45 28 1 42 3 43 7 20 83 12 23 4 41 13 42 1 36 14 2 58 57 75 63 1 29 17 9 57 0 37 5 23 9 9 48 2 5 7 13 13 67 1 20 3 1 13 40 24 3 26 21 30 34 2 5 23 2 21 9 28 51 59 79 69 15 41 37 54 39 0 2 64 1 29 16 63 11 23 9 6 22 17 33 48 10
37 69 76 3 1 71 8 23 13 57 17 0 22 74 53 6 4 2 22 11 53 38 25 19 18 5 35 2 15 16 0 9 1 1 33 10 43 11 0 30 12 19 57 9 8 6 0 21 23 35 14 76 68 33 74 26 53 13 26 29 13 80 55 66 39 85 2 34 48 46 54 0 19 18 2 53 16 3 13 60 54 13 27 0 24 7 9
50 6 52 22 0 90 10 45 1 69 25 30 19 90 4 14 53 2 22 0 15 40 22 50 68 5 21 22 4 8 4 44 4 15 30 3 19 5 1 18 29 18 18 9 0 4 2 18 57 13 7 16 58 32 81 11 62 20 23 30 5 1 24 24 13 23 8 79 78 1 31 2 17 13 9 33 21 59 2 24 1 16 24 25 27 40 15
34 75 3 44 0 43 17 2 46 61 27 17 57 45 2 36 51 8 19 5 54 21 21 47 27 0 13 25 0 44 3 35 5 36 32 11 79 10 6 0 11 17 41 1 38 6 1 2 3 26 30 10 58 27 43 23 4 1 14 42 1 46 3 30 60 90 10 75 29 74 34 1 14 37 14 23 32 24 12 29 34 6 32 22 19 30 31
5 19 30 10 0 79 2 16 49 37 62 6 10 6 13 29 39 3 9 11 55 46 25 37 56 2 20 36 10 33 6 37 2 23 18 15 21 10 1 25 28 5 29 33 44 5 4 19 38 24 25 70 36 37 34 25 1 19 17 11 9 20 52 9 21 61 7 2 69 73 54 3 10 29 12 23 17 32 7 57 40 9 10 25 2 11 8
31 76 35 31 1 11 18 53 35 11 12 18 29 52 15 7 66 1 51 14 50 7 0 22 66 3 24 33 8 22 8 2 7 26 18 9 69 0 8 18 29 9 40 30 16 2 4 12 12 27 20 95 30 24 37 27 29 12 17 7 17 40 0 49 28 51 7 58 40 68 46 0 0 42 3 45 35 73 4 83 79 17 23 12 32 27 40
54 66 92 42 1 93 15 46 53 59 87 15 66 53 27 13 42 2 16 4 20 0 66 57 15 1 19 5 11 28 7 19 8 31 7 3 31 3 2 19 15 13 3 23 26 5 0 14 38 36 33 3 60 26 79 30 71 8 1 31 16 0 39 2 71 64 7 64 10 59 32 2 11 46 8 9 7 24 0 49 2 2 7 12 0 6 30
75 86 80 13 0 87 17 29 47 6 8 27 63 45 32 35 44 0 44 5 4 13 67 1 10 2 7 23 9 41 7 42 3 13 26 0 35 7 3 30 3 17 75 8 31 2 2 8 10 46 21 83 12 3 17 6 38 20 25 38 14 76 45 31 28 57 4 83 54 24 39 3 19 18 18 4 20 34 2 1 78 16 59 9 1 50 31
2 16 37 27 0 57 19 20 34 44 60 4 1 44 29 20 33 0 13 10 30 16 74 29 65 0 26 36 5 42 6 16 9 0 30 4 77 9 3 22 17 13 51 6 11 1 5 6 44 39 31 55 32 0 73 20 63 2 2 22 15 10 62 14 72 93 6 69 55 68 35 3 15 8 19 51 3 36 13 13 33 14 26 5 20 46 9
20 79 64 3 1 10 12 45 44 60 18 22 74 36 4 26 37 3 36 12 7 8 27 71 63 5 13 0 4 30 6 14 2 33 15 3 77 3 9 2 25 7 0 7 8 7 3 18 36 49 21 26 42 8 6 23 27 18 27 53 7 54 40 16 55 46 4 36 54 9 35 1 20 43 18 30 44 12 4 21 25 21 29 7 11 29 2
82 43 73 33 1 0 14 35 84 10 80 3 35 14 10 6 17 4 49 2 61 14 82 13 22 0 2 14 10 11 7 32 8 16 18 1 22 3 0 1 21 22 63 25 12 2 4 13 25 37 36 27 52 38 8 39 40 18 4 15 10 64 41 61 25 70 10 60 12 48 52 1 16 20 13 29 8 69 11 7 30 9 37 0 14 28 32
51 3 69 10 1 43 11 33 72 1 53 23 67 19 47 2 14 7 52 2 52 4 11 4 65 3 5 24 14 41 1 31 7 30 27 7 42 4 2 15 16 25 77 29 16 6 1 5 29 2 12 2 56 28 72 41 1 21 20 19 10 5 0 32 31 64 0 44 15 69 9 0 17 68 18 43 34 74 15 30 60 18 21 12 27 29 36
24 47 10 12 0 7 7 35 1 15 82 27 41 52 20 9 75 0 38 9 19 25 49 19 41 2 15 40 0 53 7 4 6 29 3 16 19 11 3 7 10 17 22 21 0 6 0 14 36 20 22 71 49 34 51 9 13 27 16 2 13 68 1 22 50 33 11 56 6 76 20 4 3 26 11 40 51 54 14 72 13 3 48 30 21 24 10
56 22 27 38 0 9 14 16 15 57 10 2 57 94 44 27 25 6 45 8 49 40 82 60 52 0 17 24 3 5 6 39 9 25 28 11 40 11 1 15 22 9 58 14 8 7 4 13 20 51 37 96 11 25 39 15 61 26 2 25 7 62 22 32 71 9 9 87 41 6 22 2 14 48 1 60 50 12 13 28 33 10 35 31 33 0 7
65 16 54 45 1 17 2 43 75 62 70 7 62 35 51 5 37 10 20 11 39 15 8 11 50 0 13 12 7 40 1 1 10 23 3 10 0 2 9 0 14 13 54 19 55 7 2 0 40 30 33 100 65 5 64 13 7 15 9 1 4 64 2 65 75 51 1 63 12 27 58 1 9 37 16 21 56 25 1 5 23 12 55 0 6 47 18
22 91 70 26 0 43 9 22 63 76 11 16 70 79 26 34 67 4 8 5 24 5 13 31 40 5 11 15 8 25 5 23 5 38 23 9 39 5 5 0 7 7 85 21 17 2 2 1 27 5 35 35 68 27 77 40 31 25 19 45 8 2 13 7 7 69 6 50 82 64 35 1 3 38 11 17 24 20 10 70 46 4 5 5 4 4 43
75 39 82 7 1 7 10 18 4 44 23 24 11 17 9 5 75 5 42 2 22 44 17 10 69 4 23 45 15 32 6 7 2 42 9 10 26 7 4 27 6 20 15 16 4 4 1 12 23 23 30 71 43 19 34 9 51 7 6 48 6 12 40 17 43 70 13 2 21 68 55 2 17 19 8 24 55 44 10 44 44 21 41 35 17 15 28
5 39 20 29 0 22 6 28 60 26 75 11 46 10 29 21 40 10 34 4 14 56 42 1 54 2 17 41 10 24 8 9 0 28 19 17 41 7 9 3 10 21 86 0 57 4 4 19 42 22 28 22 62 36 75 6 51 11 27 26 13 2 52 35 84 60 4 39 47 3 37 0 18 30 10 26 61 69 13 36 50 16 44 22 4 2 30
39 74 65 24 0 62 14 26 82 66 23 0 47 4 0 17 50 6 27 1 23 45 75 49 70 3 13 24 9 54 0 28 6 28 29 7 17 7 0 11 12 27 17 33 16 3 5 20 55 38 13 88 63 36 71 4 71 10 15 48 9 32 68 34 77 100 16 92 33 38 28 2 16 13 12 47 3 22 15 71 42 2 28 34 25 5 4
83 44 44 36 1 29 6 43 24 81 50 19 62 63 50 34 79 5 26 2 28 53 63 72 58 1 8 9 7 42 6 16 6 36 0 8 68 2 8 0 11 2 65 13 24 7 3 8 11 7 30 95 2 28 53 17 39 20 1 51 6 15 12 37 54 74 7 94 38 17 9 2 0 10 19 36 15 39 12 67 17 11 12 8 22 24 3
14 81 20 44 0 29 17 31 42 60 1 15 76 44 6 6 70 6 29 12 38 63 57 49 30 3 14 20 0 41 8 37 11 2 15 6 43 3 3 32 6 1 7 5 54 3 0 4 32 32 27 75 63 16 60 35 28 21 1 32 0 57 55 50 82 63 13 77 42 50 21 3 3 31 10 59 26 17 11 54 67 16 6 16 8 33 4
10 21 88 12 1 5 9 3 50 11 31 15 70 27 13 32 33 0 15 5 1 32 23 61 40 5 3 44 13 68 4 36 5 14 4 4 33 10 7 19 6 8 88 26 18 6 0 9 25 52 30 56 59 37 25 20 49 9 7 9 15 32 8 36 68 81 12 10 75 54 56 3 17 48 0 43 24 60 4 87 30 1 49 22 19 7 34
18 50 4 12 0 88 0 53 34 14 6 18 65 7 48 12 24 2 17 14 24 34 37 54 72 2 10 21 2 34 0 1 0 41 28 8 26 4 4 28 16 13 36 1 8 0 4 16 32 3 7 16 52 26 67 1 16 6 2 44 14 83 37 18 23 91 3 26 5 48 20 3 5 72 3 32 27 5 9 65 4 11 44 9 30 31 14
53 22 63 6 1 37 17 37 54 10 66 24 64 65 52 14 57 1 24 6 41 31 81 10 20 1 5 0 7 0 8 37 9 24 18 13 38 3 1 20 10 20 18 3 51 5 4 12 43 8 31 40 58 1 8 10 52 26 1 52 3 69 37 1 20 79 10 25 77 37 49 3 7 34 5 2 18 70 1 3 66 5 46 14 4 52 4
40 67 21 11 1 72 12 21 71 17 16 15 26 20 26 12 42 10 13 6 45 3 3 29 56 3 19 11 15 43 3 21 0 17 22 7 6 3 1 11 32 0 60 7 38 2 2 14 34 51 15 38 31 32 19 10 36 16 1 45 13 9 51 1 70 11 1 48 51 63 18 0 3 42 5 19 24 30 5 13 28 19 7 22 32 48 26
13 0 82 56 0 20 4 9 55 43 3 0 18 80 5 3 72 2 12 5 14 21 36 55 27 0 18 43 0 12 4 36 8 42 5 13 74 9 5 11 27 17 40 0 12 5 2 13 24 32 26 83 6 20 5 39 58 15 23 16 5 2 1 52 22 12 9 74 65 53 53 2 13 36 14 5 10 16 2 63 3 20 33 8 11 4 0
12 17 24 9 0 57 5 10 27 16 56 28 64 88 24 5 26 1 20 1 38 23 0 32 22 2 21 16 14 10 0 10 11 27 8 3 41 11 1 13 25 4 69 18 53 0 3 13 59 35 33 10 29 31 77 17 21 1 13 53 14 80 44 34 29 92 15 47 0 85 54 0 5 52 19 55 2 65 2 70 21 3 9 22 10 29 25
20 11 33 45 1 44 15 37 51 34 2 16 7 16 29 30 30 7 31 3 38 14 44 17 21 0 12 26 0 15 6 23 3 6 26 10 39 0 3 27 27 9 16 3 29 3 3 20 10 27 25 62 21 31 53 1 30 23 10 3 2 8 16 6 49 96 4 51 56 0 30 4 16 73 8 61 14 29 13 31 78 15 29 11 9 31 17
8 65 27 17 1 81 0 35 44 37 15 8 68 26 28 22 76 4 27 13 18 60 10 62 0 0 18 13 9 78 1 41 4 11 12 5 30 3 5 23 17 7 44 36 15 1 4 5 62 13 31 86 6 22 83 0 48 3 2 2 17 47 45 23 2 80 3 28 49 0 60 4 1 57 9 5 5 75 7 13 11 4 57 27 10 27 33
68 10 64 62 0 56 14 13 52 69 45 17 29 23 25 24 48 6 24 15 45 45 64 51 50 1 10 37 8 6 0 6 9 7 22 10 73 2 1 0 12 16 32 10 23 5 4 11 24 45 22 2 52 23 34 19 6 19 8 32 4 83 7 17 24 67 7 76 82 45 11 1 13 27 10 28 39 8 5 31 67 1 19 16 8 13 19
48 62 83 28 0 76 7 29 11 29 42 22 37 62 25 27 79 1 1 12 21 19 55 25 14 4 27 5 2 26 4 46 8 15 3 17 78 3 3 20 28 21 64 8 10 2 5 20 20 36 20 1 50 1 78 27 23 27 26 0 2 27 64 0 70 70 5 40 27 60 48 2 6 38 14 56 41 67 10 36 22 19 45 6 17 52 1
76 83 22 31 1 87 7 0 83 68 24 29 43 32 47 22 35 0 9 5 15 23 73 70 63 2 21 36 2 70 6 48 11 18 25 17 41 11 6 28 22 25 70 3 29 3 0 8 53 10 1 32 32 10 78 26 28 9 18 17 4 14 25 16 29 60 8 60 17 36 43 3 15 12 16 34 35 50 3 62 13 12 16 4 18 3 32
27 85 40 7 0 22 4 37 0 11 14 6 3 54 26 17 56 10 42 5 40 29 22 74 29 2 19 23 4 64 5 4 5 31 27 17 77 8 3 13 28 9 47 3 15 1 5 4 59 3 37 13 31 11 45 18 11 23 28 33 0 43 60 2 17 77 5 18 67 69 4 0 16 49 1 11 52 53 8 70 74 13 39 23 7 40 10
8 43 7 64 1 36 5 45 51 50 32 29 24 72 26 0 5 1 40 2 44 31 29 63 25 5 25 25 12 49 7 12 4 3 26 1 79 1 3 10 6 10 35 32 23 7 1 3 20 37 40 57 45 23 48 22 25 2 5 9 15 29 57 27 48 2 1 3 67 8 46 0 5 71 17 13 27 73 7 7 14 19 63 21 13 22 43
43 27 96 23 0 35 9 18 87 64 56 25 79 16 6 15 12 9 15 6 39 12 26 18 47 1 1 43 3 60 3 23 5 14 15 2 45 0 4 18 29 27 71 36 24 5 4 18 50 50 22 4 39 40 40 34 40 22 15 44 4 66 24 34 85 82 16 15 7 71 53 1 17 61 13 12 57 17 15 53 29 6 65 30 13 7 18
30 49 95 58 0 31 7 37 23 34 2 20 9 80 48 12 43 2 51 14 53 25 72 53 72 3 0 38 16 4 7 6 0 19 31 3 74 6 3 10 18 20 24 29 42 5 3 5 3 15 16 4 48 34 53 21 8 8 3 38 1 83 64 5 46 75 14 41 83 27 15 2 18 15 4 12 54 24 8 88 46 1 36 11 9 13 5
51 39 20 33 0 92 3 32 31 52 70 8 67 2 34 14 33 3 34 2 12 10 66 69 33 0 37 38 4 14 5 8 10 33 8 11 1 9 4 7 16 3 19 34 46 3 4 22 36 31 40 0 39 38 35 30 11 27 29 25 8 85 24 65 67 98 13 58 8 59 5 3 1 31 0 12 35 16 3 54 54 5 59 9 17 52 36
76 33 45 51 0 83 8 13 33 86 54 22 75 4 33 6 26 9 45 9 56 28 67 41 0 1 20 27 13 1 3 52 4 42 1 4 36 4 7 11 15 7 45 4 15 5 0 7 26 10 10 53 30 15 61 4 2 11 2 40 8 50 25 31 14 95 12 71 70 81 62 4 14 11 19 13 61 5 2 39 14 11 3 36 9 50 28
18 20 38 49 1 45 11 22 20 13 25 25 49 86 18 11 57 7 15 0 13 28 45 40 7 2 36 14 3 45 4 42 8 36 20 16 25 1 9 32 15 20 60 13 8 0 1 22 10 20 25 85 5 37 35 15 29 13 5 11 3 24 23 39 45 67 10 22 67 52 51 2 8 26 8 20 35 17 13 81 46 9 10 10 4 11 3
41 0 29 48 0 15 19 2 68 61 66 12 42 75 18 24 19 4 28 15 8 6 6 3 42 1 8 46 16 1 7 3 0 38 24 16 48 9 3 23 1 26 69 24 15 2 2 21 56 7 7 79 14 0 66 15 47 28 5 6 8 55 52 60 30 25 3 19 36 67 33 0 17 66 9 40 18 66 5 97 64 15 11 33 29 38 40
4 16 6 39 0 87 11 34 41 32 58 18 24 25 2 12 31 1 12 14 21 34 79 63 70 4 12 8 4 54 1 19 11 22 7 13 36 1 6 27 24 15 88 34 7 0 2 10 36 5 33 87 24 40 76 0 69 11 29 14 2 22 11 31 27 53 7 3 94 47 49 0 13 0 14 53 22 10 10 16 3 2 19 36 33 35 24
31 70 45 40 0 75 13 27 48 86 54 28 35 82 13 2 64 0 10 5 2 35 2 24 46 4 38 9 10 32 0 38 7 15 25 17 27 6 9 27 20 16 73 25 7 5 1 1 48 41 15 23 3 12 58 5 41 14 10 25 12 26 51 67 6 92 2 10 48 63 10 1 11 50 15 55 56 55 10 1 29 20 63 22 28 48 3
80 22 74 32 1 5 2 34 69 49 44 6 73 73 50 14 7 0 36 4 39 29 42 73 17 3 11 20 10 38 8 27 11 38 23 0 0 9 1 18 0 1 9 37 20 4 1 2 45 17 3 97 60 23 12 24 33 17 29 26 0 57 66 64 79 66 10 8 76 61 14 2 9 48 18 37 34 71 16 50 46 15 20 17 18 34 14
17 26 87 41 0 92 10 13 76 32 37 5 75 10 46 14 48 10 32 7 45 28 6 73 55 5 8 24 7 55 5 34 4 15 30 15 66 6 6 22 9 12 34 1 1 2 0 6 31 6 22 14 8 37 37 27 54 12 5 46 4 28 2 20 74 88 10 45 16 9 22 0 7 56 19 41 60 59 2 0 69 6 18 24 1 38 2
41 87 8 10 0 70 11 50 87 86 37 18 52 58 45 36 35 1 8 11 48 21 79 49 51 4 23 15 14 42 8 3 3 35 28 14 18 9 2 5 13 14 21 9 45 2 3 2 61 8 14 29 52 35 74 6 45 9 20 3 7 52 35 34 51 71 3 69 5 61 4 2 19 73 11 21 0 56 2 87 64 13 22 13 24 4 31
83 66 41 1 0 26 10 16 42 9 33 13 68 88 52 3 75 2 10 7 38 25 8 52 4 1 34 19 6 65 0 33 2 20 24 10 13 6 7 19 7 0 26 37 31 0 2 7 44 51 17 56 15 19 67 28 43 2 10 47 0 49 42 63 24 99 0 89 34 85 5 1 6 45 15 58 23 15 10 6 19 10 5 31 17 6 28
9 30 26 48 1 85 15 24 30 22 60 4 18 50 10 10 37 3 25 5 32 41 3 7 31 4 29 13 4 7 0 26 4 30 19 12 73 5 4 22 4 19 45 6 20 6 4 4 32 25 7 54 2 23 13 22 53 19 29 15 13 15 49 20 17 63 4 25 4 65 33 0 6 75 11 8 32 26 7 4 17 22 37 28 25 43 32
13 79 44 5 0 37 11 48 26 40 17 2 64 29 23 11 38 4 50 10 14 7 72 39 24 0 37 9 15 28 2 30 11 21 1 8 4 5 6 11 14 1 58 22 21 3 3 11 22 38 28 66 28 22 5 0 28 27 28 34 3 3 61 12 52 44 15 79 67 7 13 2 4 24 1 40 51 67 15 56 68 15 56 16 2 51 2
53 88 2 2 0 9 16 10 7 52 65 19 6 54 30 15 13 10 52 1 48 13 50 36 59 2 10 23 13 51 1 40 9 8 28 15 18 9 9 4 5 20 62 26 40 1 5 8 8 51 27 32 24 13 21 12 68 26 0 36 16 75 25 37 44 56 6 76 78 51 32 3 2 32 1 39 50 60 5 70 31 13 69 7 6 51 3
3 36 57 55 0 10 0 33 4 8 87 15 34 16 29 3 73 4 21 8 31 52 75 44 28 3 18 15 7 23 3 16 5 2 23 5 38 9 6 26 3 21 2 24 3 7 4 19 2 20 19 67 21 37 77 31 36 26 29 55 4 44 46 40 3 46 13 41 81 7 16 1 10 34 11 37 15 9 5 97 49 8 25 9 15 22 17
