100 100
100 100 100 100 100 100 100 100 100 100 100 100 100 100 100 100 100 100 100 100 100 100 100 100 100 100 100 100 100 100 100 100 100 100 100 100 100 100 100 100 100 100 100 100 100 100 100 100 100 100 100 100 100 100 100 100 100 100 100 100 100 100 100 100 100 100 100 100 100 100 100 100 100 100 100 100 100 100 100 100 100 100 100 100 100 100 100 100 100 100 100 100 100 100 100 100 100 100 100 100
54 51 15 22 75 13 93 11 36 96 99 32 91 58 99 71 28 46 84 11 63 71 9 12 25 93 17 36 97 59 15 25 63 61 20 37 39 96 26 3 68 90 83 5 29 54 65 19 5 53 50 85 69 17 66 51 81 22 80 29 63 98 66 92 95 16 34 47 62 57 83 4 92 19 60 41 40 51 71 5 15 7 73 20 46 95 85 0 6 60 76 84 73 93 10 23 25 60 21 94
13 1 27 42 61 33 56 98 95 49 38 7 28 43 53 66 65 45 43 68 59 32 49 93 54 58 34 61 90 100 64 29 44 47 77 84 75 7 88 21 21 39 96 35 99 1 54 95 18 61 54 63 59 61 71 18 73 49 14 76 26 46 83 36 60 11 66 27 14 74 39 2 63 22 42 27 22 42 99 87 92 99 75 37 6 52 53 14 58 96 69 39 50 84 42 13 83 57 15 68
75 67 8 47 63 69 82 43 39 36 16 31 45 35 75 81 84 16 28 41 29 88 1 82 14 95 3 43 77 94 41 18 96 92 62 67 98 3 41 25 94 66 70 4 45 46 36 7 71 26 32 85 80 66 3 100 90 3 74 33 85 50 13 44 63 25 23 28 18 55 48 20 22 39 99 93 43 48 52 62 13 28 73 91 58 96 88 26 10 51 50 4 55 29 78 18 92 46 58 50
76 34 80 16 94 50 18 8 99 60 56 71 29 36 78 62 63 91 8 87 17 86 88 62 8 55 82 88 41 9 98 57 100 93 53 17 84 22 84 100 6 10 40 27 66 37 92 85 87 25 52 28 88 39 74 45 47 33 44 30 46 75 1 84 18 69 80 0 14 8 77 89 31 57 78 85 32 87 75 38 49 68 75 64 35 6 72 60 94 68 6 73 17 34 47 96 86 60 64 20
4 83 36 55 89 9 88 60 18 93 76 24 9 74 37 36 76 4 52 30 91 22 27 85 5 8 64 47 50 74 63 22 71 99 70 78 60 75 97 44 75 81 74 49 31 90 65 56 41 27 65 14 42 26 70 0 34 8 72 23 54 40 22 13 99 63 23 92 24 57 79 86 78 81 84 59 73 23 57 49 7 56 12 62 71 88 32 92 80 46 34 10 8 13 74 56 78 41 15 38
66 20 73 88 2 46 28 52 53 23 9 25 28 95 11 84 55 83 87 61 5 31 17 96 37 66 67 17 9 80 64 12 0 64 78 94 56 48 83 85 11 39 61 6 90 49 67 39 23 36 15 89 94 54 19 83 41 63 0 50 63 19 34 32 60 56 97 40 52 6 1 88 51 86 73 50 68 59 41 51 41 88 26 73 51 56 86 21 89 99 27 59 17 67 21 68 97 98 17 95
41 81 40 6 78 31 5 13 73 37 17 10 7 37 81 90 29 51 93 16 58 46 99 6 17 10 92 19 89 74 73 24 92 77 98 90 87 29 54 44 80 8 31 46 74 88 31 100 34 76 86 24 47 9 18 14 69 9 33 3 42 96 13 50 92 19 61 19 22 73 79 5 22 35 0 12 26 48 2 96 42 11 11 72 7 79 19 72 63 87 70 34 80 62 1 45 97 60 30 43
0 96 56 5 81 79 84 90 63 46 58 47 21 57 66 62 19 26 46 36 76 4 21 60 28 26 61 30 76 5 19 13 11 10 23 80 59 12 69 72 14 98 2 81 98 76 59 43 43 3 90 25 66 62 66 17 61 49 69 24 40 55 90 44 8 40 23 13 83 41 82 7 79 25 70 45 65 77 88 57 69 17 97 17 28 33 93 83 84 66 65 97 82 34 67 89 76 73 16 42
76 36 49 44 60 50 24 43 23 30 65 98 23 37 31 0 43 48 42 39 69 12 52 20 46 50 81 41 24 39 16 49 38 11 74 54 32 87 9 62 95 82 74 21 90 19 87 67 88 85 92 56 64 61 79 91 53 2 2 51 24 59 70 54 78 19 70 68 12 71 69 17 55 8 100 84 54 20 4 13 19 14 4 55 27 75 56 57 67 14 61 6 57 86 52 28 37 79 90 65
8 31 71 48 36 83 45 94 6 25 6 81 77 28 85 23 9 53 11 26 64 87 99 2 48 19 80 59 61 58 13 23 92 78 34 11 50 54 24 60 63 34 16 70 77 11 4 97 57 17 10 28 74 90 16 92 95 75 1 19 18 36 4 65 14 72 0 66 77 51 40 60 89 85 84 64 42 2 26 13 63 51 12 47 51 94 4 86 3 44 17 89 14 98 30 88 34 17 39 72
75 16 11 60 27 86 6 40 49 69 70 71 20 63 7 1 92 74 37 15 19 31 33 44 45 48 88 60 55 66 79 0 36 9 48 85 10 5 69 35 41 87 98 75 16 5 16 61 56 81 2 42 45 40 8 5 70 91 17 34 21 72 65 34 39 75 97 77 19 68 91 61 72 46 12 17 0 69 18 57 68 66 95 7 0 70 29 20 78 61 34 58 83 16 24 70 39 78 99 78
38 27 98 22 36 73 31 80 19 1 1 9 63 65 65 30 4 30 69 64 28 14 19 93 35 91 33 34 8 21 87 70 57 95 34 86 84 22 56 90 52 35 23 28 38 99 15 46 92 57 81 60 90 57 64 0 85 96 77 81 79 34 71 11 34 17 26 99 25 77 40 6 87 16 58 27 76 45 56 35 71 46 50 87 84 7 33 6 74 23 77 74 66 94 68 59 78 54 31 91
37 9 82 91 77 77 47 39 83 75 7 83 99 41 83 75 78 91 57 19 32 14 20 26 97 13 56 17 50 38 2 21 91 99 33 66 61 95 45 68 41 15 72 97 67 96 94 63 49 35 10 47 79 94 28 13 64 96 93 59 69 21 59 39 32 86 17 37 72 6 39 5 43 8 45 19 74 82 53 17 88 64 24 55 94 38 100 33 82 57 33 40 77 13 19 37 46 84 15 59
19 12 10 6 40 32 44 47 50 48 68 0 87 56 25 99 26 13 27 71 53 13 36 46 99 61 78 58 12 8 50 54 33 25 62 20 64 80 76 36 68 21 85 51 95 45 75 28 49 29 11 98 77 49 71 4 37 80 39 74 55 43 65 54 13 88 36 9 9 55 46 28 98 80 75 62 54 67 14 17 59 85 60 69 33 69 79 1 12 90 38 82 64 3 59 86 67 82 40 68
96 71 11 30 93 20 53 12 74 99 94 49 36 55 6 94 27 20 88 9 70 58 57 75 52 24 72 65 53 27 77 22 94 7 51 56 43 52 22 19 90 25 49 61 77 35 73 87 69 15 97 3 27 70 76 96 11 35 19 92 62 43 50 63 4 97 34 13 25 5 14 72 6 20 71 51 34 91 22 68 58 84 84 65 82 33 23 11 3 23 68 80 38 38 94 17 36 13 63 91
70 57 65 8 17 76 92 21 80 73 73 82 70 65 78 83 38 78 79 40 69 30 11 62 73 24 82 1 64 28 35 9 52 86 66 68 32 33 67 59 75 63 31 36 93 23 88 100 35 96 41 37 77 24 54 32 57 4 14 27 48 29 74 15 56 5 60 66 15 20 74 99 28 61 57 41 69 55 18 33 43 81 20 0 18 58 42 86 9 93 37 66 36 69 90 73 29 14 15 57
53 84 56 72 83 8 91 57 14 5 4 20 12 88 70 76 63 6 99 54 44 77 74 90 31 5 63 50 99 73 50 94 16 97 60 78 9 83 81 75 50 70 24 52 100 36 21 65 100 7 97 85 16 45 65 79 45 4 93 0 75 69 28 91 15 57 5 4 85 94 45 19 56 100 7 36 94 80 38 50 4 27 28 57 11 95 48 46 82 39 24 64 25 73 96 13 66 9 48 36
57 36 37 27 97 37 97 62 37 55 66 95 19 7 32 17 52 30 99 48 13 31 16 91 28 68 19 72 70 67 31 49 32 21 66 93 53 26 77 22 24 15 53 4 86 61 2 27 34 88 96 5 94 94 2 47 81 93 63 42 47 88 7 68 7 47 65 45 91 39 31 18 84 77 90 88 2 48 46 43 17 76 95 9 48 35 31 86 78 77 33 98 2 11 58 96 37 59 74 11
49 4 10 23 34 88 97 10 24 19 82 29 19 82 100 91 8 44 51 8 51 93 55 24 36 7 64 65 47 41 80 27 48 3 88 3 41 43 3 40 57 17 8 100 87 39 3 11 100 56 72 55 56 30 51 93 0 89 8 50 9 77 71 19 35 42 100 62 31 69 50 50 85 11 82 0 0 25 6 82 68 12 53 65 21 78 67 27 20 80 84 95 87 36 69 44 66 35 20 84
49 77 71 14 73 17 68 47 80 33 74 35 70 19 5 45 3 83 28 47 29 34 56 4 78 24 4 74 8 6 39 38 86 85 6 60 19 27 29 35 98 91 5 43 38 81 38 40 78 81 95 3 38 81 0 45 60 54 17 26 45 40 36 12 29 76 17 31 61 77 78 51 99 35 76 40 83 73 61 44 64 50 54 33 72 56 76 39 17 63 72 16 24 51 24 55 15 99 54 84
89 59 62 0 61 49 13 0 91 42 13 32 9 6 33 56 81 73 8 5 69 0 54 86 17 52 48 75 2 42 11 30 90 94 32 5 16 89 83 61 53 78 84 59 23 100 36 38 96 61 18 8 12 42 5 48 65 63 46 21 1 33 29 95 34 54 50 94 92 50 64 28 51 52 3 76 40 39 37 67 41 89 80 93 48 6 36 51 77 100 77 49 5 1 12 70 83 88 48 18
48 74 37 9 72 58 83 82 13 62 46 43 3 67 64 53 0 91 24 39 19 84 94 26 14 61 12 17 11 64 59 42 70 17 1 68 66 10 75 100 44 64 5 62 51 34 13 7 66 23 85 86 12 49 43 85 73 28 38 15 65 0 19 99 88 94 30 61 41 30 40 31 0 80 69 64 86 49 38 89 90 33 81 11 2 19 46 49 48 59 44 71 16 91 88 38 4 73 38 48
99 96 36 19 55 82 78 16 4 53 14 98 33 37 82 79 37 33 7 73 1 80 85 98 63 73 26 69 61 86 55 36 86 72 22 71 87 55 86 63 21 73 75 89 100 94 97 54 68 68 65 52 89 69 22 33 48 27 72 34 91 23 50 35 36 32 85 85 47 64 65 5 5 62 2 84 58 2 56 47 51 45 47 99 99 83 50 28 18 2 49 36 48 6 35 59 60 89 75 23
24 17 31 33 81 6 46 79 20 100 47 59 19 6 32 69 19 78 38 26 100 35 71 13 66 68 52 0 47 22 14 75 36 83 50 100 96 86 3 14 90 92 4 56 1 16 41 7 54 19 26 44 71 86 79 52 22 30 56 82 26 67 10 100 82 66 50 88 56 48 17 72 51 76 10 12 1 16 32 53 24 87 86 60 92 89 0 73 81 46 20 43 6 4 39 43 41 98 72 25
32 29 86 81 34 69 95 89 52 50 9 49 99 47 4 90 95 89 52 20 2 89 64 59 96 76 28 70 17 71 59 89 92 20 47 60 90 10 55 68 48 63 72 32 44 19 56 43 60 30 73 55 100 74 10 27 12 31 4 39 9 21 66 6 20 58 89 86 42 31 18 13 66 4 10 100 28 89 49 47 62 78 7 22 63 80 66 24 100 49 36 15 67 26 16 39 59 4 98 16
69 54 30 64 68 69 48 67 67 75 23 14 0 44 72 54 82 98 63 28 14 78 23 49 86 80 86 36 78 91 98 8 24 22 16 15 10 3 18 40 71 77 27 18 22 47 2 87 58 37 41 32 54 0 67 58 37 40 79 41 4 95 48 24 43 51 43 77 45 59 16 55 8 63 47 20 5 70 84 82 59 21 91 50 87 36 82 38 85 15 69 68 61 19 7 55 81 24 13 13
40 27 74 41 84 16 67 99 78 100 92 41 17 42 59 62 25 83 54 87 65 77 26 88 43 45 37 83 94 63 57 18 75 11 10 98 63 91 8 18 81 50 77 59 46 9 6 87 52 15 18 59 13 51 49 2 36 13 84 75 90 14 82 81 97 16 11 79 66 68 18 17 53 60 59 14 49 43 4 8 46 84 48 65 74 94 77 59 11 59 75 51 9 39 73 0 81 75 87 75
53 78 67 58 96 82 12 83 42 95 70 12 23 55 94 22 48 40 68 91 91 72 89 19 28 90 25 73 31 61 96 8 7 75 58 33 11 17 50 71 24 57 8 72 60 15 82 48 15 2 78 50 26 42 58 56 59 31 47 82 94 3 43 24 26 90 79 59 64 10 64 41 69 11 89 33 17 11 33 40 65 31 66 50 74 48 76 59 62 0 10 52 44 66 78 23 20 40 15 4
8 76 14 54 68 62 73 70 11 2 47 3 68 87 94 1 0 19 47 87 6 16 48 2 73 21 42 95 83 86 62 48 83 29 53 60 68 70 0 25 30 74 92 29 73 65 84 42 99 76 80 95 85 33 76 43 51 48 43 75 45 98 36 88 25 94 66 15 18 61 45 51 97 7 40 28 32 39 67 29 89 38 42 26 59 70 58 50 62 26 73 46 6 94 43 33 23 42 0 30
99 7 41 30 45 41 87 94 62 85 96 50 68 46 44 39 16 9 3 56 23 8 1 59 50 46 63 38 74 87 26 18 83 81 0 99 91 70 59 57 41 84 83 33 72 61 23 86 79 31 43 68 84 89 36 38 38 77 64 14 22 90 27 89 33 90 49 82 97 27 33 65 25 47 3 93 19 50 30 83 80 100 11 82 19 53 67 67 50 62 75 65 13 28 56 75 33 13 86 90
56 52 2 89 21 55 3 88 94 67 79 90 68 73 92 31 16 9 67 79 69 8 79 45 58 16 68 23 55 10 100 98 70 38 53 37 63 89 62 52 33 80 69 90 64 57 9 99 73 8 18 47 8 61 29 49 88 83 34 34 94 78 51 55 27 25 31 38 7 19 19 43 100 95 17 26 14 60 79 65 96 56 15 40 55 54 4 7 89 22 13 64 35 23 9 78 55 16 3 86
3 42 73 90 81 19 5 52 54 43 12 93 10 27 87 48 52 94 2 48 51 84 81 26 66 97 19 38 84 58 45 90 83 76 19 39 1 35 57 41 12 92 50 58 15 3 30 81 89 54 51 78 18 71 21 2 0 35 77 48 49 84 6 55 25 0 73 75 8 81 80 29 80 51 45 13 74 81 70 45 91 88 37 60 52 80 14 21 23 45 8 92 7 47 68 44 100 59 37 55
42 76 12 15 27 85 73 68 60 83 50 28 41 87 32 4 41 92 5 97 66 27 84 26 38 17 80 37 44 93 62 0 98 66 28 11 33 72 52 35 70 53 11 54 36 5 30 39 55 81 80 91 63 94 84 81 73 51 10 70 97 12 30 67 87 93 70 38 54 42 94 53 84 75 48 49 11 82 66 50 27 25 94 35 74 81 19 74 72 81 89 31 45 35 99 26 30 73 40 50
78 77 37 16 39 22 75 65 91 87 8 26 89 3 97 17 14 86 20 67 76 8 36 51 4 57 83 64 8 59 75 96 76 27 41 73 66 69 85 2 46 76 80 45 29 73 98 65 57 76 0 99 50 46 76 39 30 47 63 58 94 87 85 48 86 53 39 85 6 42 100 6 92 58 5 50 8 56 5 81 63 35 4 44 13 2 51 42 99 19 0 11 73 82 34 62 45 58 25 63
30 5 65 21 42 74 84 56 81 26 32 69 64 23 31 23 74 34 4 78 66 92 32 35 23 10 15 43 63 19 64 72 34 12 39 23 64 50 2 14 11 88 48 30 47 25 39 99 39 9 22 0 47 26 76 24 43 40 59 25 51 4 26 25 24 19 50 51 81 17 17 33 65 55 61 62 82 7 62 25 72 28 79 7 48 79 41 40 15 83 27 31 87 24 49 100 0 83 52 98
43 51 69 75 11 3 24 68 80 29 90 81 67 62 25 95 93 31 25 13 64 2 40 23 56 89 77 89 17 61 61 7 51 10 77 28 89 15 39 59 65 54 54 15 99 15 32 55 56 58 95 68 92 23 14 48 95 8 74 33 53 80 87 19 16 7 84 33 37 57 5 9 57 3 18 71 75 25 76 23 10 37 98 38 65 43 29 25 7 23 85 11 46 23 87 26 62 57 17 2
63 2 62 33 47 26 45 50 23 64 59 3 83 10 61 70 74 65 87 29 18 94 38 25 90 8 41 69 66 54 60 50 3 7 23 42 25 16 26 47 13 90 96 58 40 15 97 77 84 54 7 43 80 37 5 5 65 32 98 45 25 31 35 58 51 50 48 12 93 15 77 87 45 100 5 29 75 31 9 73 44 86 52 10 55 8 83 99 67 65 2 78 64 68 41 73 92 26 54 43
79 88 75 20 36 60 33 42 59 93 41 57 82 20 58 1 76 3 10 86 67 79 78 9 97 56 36 7 17 92 14 20 43 43 89 48 72 46 49 50 72 56 56 65 10 38 75 51 66 38 82 93 93 86 84 63 2 20 85 28 62 53 21 11 30 80 3 23 27 9 56 58 63 93 73 28 50 36 25 58 59 2 90 55 46 66 15 26 51 21 35 88 96 98 23 37 52 64 98 67
99 69 65 17 35 27 24 67 20 23 20 54 20 24 80 64 84 0 85 58 9 19 80 63 20 84 37 47 29 3 3 96 75 73 32 56 96 2 48 76 66 29 49 0 3 90 17 29 96 74 52 55 56 18 32 23 66 42 69 44 86 27 88 76 36 13 0 45 16 40 90 57 72 92 37 12 7 21 29 36 39 67 60 15 69 2 65 53 48 41 68 32 32 55 88 93 45 21 28 27
90 81 41 12 30 99 74 73 39 30 18 16 46 57 98 45 23 64 83 38 31 65 18 4 16 1 14 31 19 87 60 44 72 55 79 62 97 18 18 20 73 88 92 82 27 23 2 51 13 16 84 41 31 90 72 85 52 85 29 92 11 55 36 74 51 47 92 43 54 60 23 73 6 49 91 21 77 21 28 51 15 25 80 85 3 74 65 41 32 85 16 83 7 76 22 69 32 5 92 85
47 100 51 34 15 32 94 79 35 12 38 77 6 1 1 88 69 51 83 71 36 84 49 99 86 19 27 71 10 76 23 46 7 49 89 97 76 56 90 53 42 53 47 95 55 35 66 87 13 51 86 80 85 56 17 2 52 99 65 91 4 86 77 52 15 59 92 29 80 73 63 77 50 51 46 82 34 48 79 53 24 57 51 39 91 49 67 98 77 12 33 45 9 84 19 18 73 31 82 33
86 18 84 27 38 46 9 13 26 62 49 92 57 3 0 66 78 64 65 19 50 53 66 21 100 99 59 23 5 77 74 60 29 28 79 54 47 96 97 75 77 60 98 30 98 13 9 36 15 10 15 5 62 32 52 56 20 62 13 43 68 40 69 88 67 68 74 45 9 18 46 51 5 58 23 68 42 39 89 20 36 49 6 24 11 19 72 70 54 64 34 22 33 61 11 1 9 91 20 34
90 3 19 82 84 78 21 56 4 80 15 66 46 53 44 39 84 65 10 8 27 94 66 82 13 75 3 93 1 33 31 62 80 8 92 74 51 27 73 81 62 58 3 70 39 53 69 72 41 68 25 72 0 83 56 29 84 94 11 12 35 56 73 98 18 1 12 77 86 62 64 12 30 83 90 95 32 90 15 10 12 85 43 33 79 74 86 68 53 13 57 17 69 6 92 74 86 24 28 31
78 80 97 33 78 66 0 31 94 77 84 85 97 39 10 96 21 62 66 48 89 12 6 40 24 48 71 52 10 56 23 55 35 59 62 62 90 96 59 1 17 81 46 41 88 14 95 100 29 88 23 51 1 72 30 35 17 91 47 92 35 73 6 87 5 81 32 50 58 73 37 33 53 9 100 23 81 95 94 43 50 100 78 72 44 86 55 70 88 87 72 69 98 84 46 20 73 61 79 16
40 39 43 34 62 47 34 99 87 39 67 51 39 41 74 86 33 63 53 82 0 45 65 65 68 53 69 100 18 80 93 8 62 66 10 64 34 32 73 87 66 46 80 58 12 77 83 28 85 37 100 4 21 67 97 57 50 0 87 5 11 85 49 83 36 2 88 27 20 47 16 97 14 64 29 78 87 24 92 44 43 99 28 14 25 100 95 96 20 92 16 14 54 57 91 33 8 1 22 51
28 80 98 74 77 76 71 96 89 19 9 12 81 83 27 98 86 53 62 85 96 40 76 85 11 95 1 38 73 23 16 95 7 10 60 100 93 58 75 32 29 15 11 43 69 50 76 46 5 7 18 56 6 45 24 13 14 49 11 19 23 93 21 67 78 40 99 91 27 93 5 63 15 19 78 5 96 1 11 91 86 90 25 35 92 14 72 18 86 33 64 59 54 10 7 95 53 47 46 15
87 47 35 61 12 82 59 88 17 32 52 41 24 7 28 37 62 62 47 70 4 51 51 64 98 44 77 41 67 38 29 79 75 65 20 33 3 60 65 73 44 93 34 15 83 41 27 60 15 26 63 21 22 99 17 36 23 2 98 18 78 55 48 99 10 4 44 82 78 11 42 48 88 18 47 57 73 13 10 6 62 4 91 59 37 68 92 86 24 28 19 42 11 0 20 11 53 90 67 65
50 63 29 20 39 13 71 24 62 5 37 86 12 1 13 11 22 54 26 92 85 91 59 5 74 4 34 78 24 4 98 18 18 45 18 96 73 4 56 19 4 33 10 15 72 19 34 34 0 8 55 60 16 93 33 93 83 98 90 19 55 46 96 29 70 35 9 9 31 90 46 62 49 35 35 4 6 46 42 62 60 0 8 28 66 64 39 94 31 49 30 17 9 100 85 59 98 39 1 100
55 82 36 32 97 20 12 10 88 21 58 20 48 82 49 71 97 37 10 6 83 99 100 34 0 2 61 61 46 1 8 88 81 56 65 75 61 6 52 92 31 13 55 50 62 64 52 12 29 67 42 49 58 22 10 56 17 39 48 2 85 43 88 80 95 2 95 30 59 85 27 37 1 60 95 29 27 5 21 62 42 44 20 40 85 82 90 38 82 35 55 74 35 68 97 9 96 54 89 64
83 70 3 60 96 100 0 57 62 36 6 8 31 41 57 35 89 87 96 6 69 80 49 35 12 11 11 83 51 13 86 44 4 55 61 69 25 35 37 76 84 27 100 61 46 76 32 7 48 28 83 81 12 37 84 35 21 12 47 62 95 53 56 43 82 73 68 34 27 25 25 73 73 19 81 8 7 12 49 50 47 24 97 52 78 11 22 73 15 38 32 100 91 75 4 93 77 65 81 67
42 22 35 94 0 73 57 60 97 34 81 80 92 10 41 83 75 18 62 84 26 35 38 8 20 15 86 36 45 78 21 98 16 64 35 60 97 19 76 51 59 56 9 100 75 32 33 90 10 19 23 8 16 82 74 89 100 67 82 61 31 76 29 14 89 39 45 30 14 54 11 88 47 69 35 70 46 47 79 72 17 79 53 79 16 99 66 80 45 53 21 66 48 66 25 47 77 41 58 17
32 63 73 81 78 1 13 39 84 74 23 54 84 71 62 59 88 32 21 15 65 56 13 7 51 99 4 11 70 59 70 61 72 52 1 10 69 47 51 27 19 18 2 49 25 21 11 73 0 38 22 58 1 94 90 33 87 74 9 20 68 80 20 32 94 64 16 76 66 99 83 85 78 77 46 61 100 55 48 17 79 79 32 91 49 71 30 9 82 60 49 78 4 40 12 17 90 20 9 37
22 5 70 86 48 96 1 66 12 0 3 19 46 45 17 3 71 80 2 80 23 82 51 57 28 34 58 15 64 69 81 34 28 56 91 59 13 86 10 6 1 97 90 80 47 57 16 48 19 47 3 83 65 86 34 63 39 75 80 50 70 38 96 49 46 42 78 62 96 88 10 39 79 43 78 67 83 41 53 12 60 38 4 58 48 19 90 28 52 52 96 59 8 75 3 81 74 26 88 69
78 63 42 14 4 31 89 93 56 55 88 6 90 40 36 78 39 66 82 80 58 62 41 28 17 14 94 38 95 59 11 18 18 29 72 50 13 36 63 57 65 62 54 45 68 67 80 40 93 85 40 69 42 93 50 83 21 80 34 40 15 69 94 35 55 65 37 28 11 73 95 75 99 33 77 12 46 69 18 10 9 33 55 15 18 31 77 76 70 71 59 16 23 5 23 88 41 16 64 83
69 15 33 96 84 29 38 46 92 5 5 6 64 46 7 59 65 88 97 80 98 92 50 11 5 39 81 17 96 67 81 29 69 37 98 53 44 93 79 9 99 32 17 92 81 50 0 40 17 23 98 53 75 9 96 24 83 74 31 48 38 43 39 88 45 83 31 51 53 64 66 60 91 95 100 47 75 84 99 19 3 41 98 87 38 41 41 97 4 19 18 11 92 54 66 49 64 90 74 24
93 55 85 62 76 63 81 74 19 41 88 53 82 63 28 73 77 77 57 1 6 90 47 51 31 11 38 12 62 93 74 6 92 38 78 39 60 46 43 94 48 80 8 79 22 76 5 58 2 15 52 80 47 49 89 43 30 15 43 12 27 81 53 31 31 65 91 67 29 14 100 70 59 67 29 10 45 63 36 30 50 83 42 3 50 74 43 85 99 83 97 24 66 25 75 30 11 29 53 50
88 4 75 77 0 44 81 82 66 40 70 21 98 72 20 44 3 95 0 71 36 98 99 38 28 72 51 51 77 84 8 41 23 73 34 90 65 74 54 84 41 6 6 30 17 25 53 10 75 77 88 94 8 64 81 42 20 22 55 94 35 87 96 96 78 43 77 92 12 42 52 59 66 70 64 86 62 63 38 20 56 89 65 43 10 57 15 97 61 68 77 98 79 49 63 52 100 80 91 0
6 14 26 23 78 87 5 29 43 92 5 64 96 13 49 46 46 70 30 97 44 60 89 13 92 27 78 78 5 36 31 65 2 94 46 34 4 65 5 4 35 67 22 48 8 73 63 28 33 21 18 43 42 59 34 89 50 89 41 89 97 81 71 53 42 98 81 71 72 21 38 60 10 85 84 28 13 80 75 1 58 16 15 37 4 62 30 32 4 100 0 43 17 99 10 15 55 12 10 61
89 12 39 20 24 17 2 88 11 34 41 2 21 53 85 19 26 16 95 48 42 47 45 74 68 28 10 76 34 35 58 62 4 78 71 57 87 53 12 2 5 6 23 82 72 44 15 93 9 29 46 79 42 57 22 100 56 57 62 21 67 30 93 42 41 2 2 37 18 85 15 37 0 45 75 10 65 86 35 7 65 3 19 66 10 22 69 24 51 85 11 22 70 5 51 93 46 1 33 95
58 14 16 85 17 51 41 4 82 83 58 1 27 8 82 93 69 16 25 94 59 2 17 71 9 18 81 72 88 80 80 79 87 91 90 56 58 87 95 34 53 16 78 14 7 89 3 48 86 66 16 6 59 6 21 34 55 78 76 62 64 28 59 91 18 42 16 40 66 18 100 72 38 21 43 60 82 92 12 97 32 22 55 97 45 92 8 24 38 6 35 95 10 74 90 39 64 0 90 61
71 76 96 13 88 74 0 79 56 91 15 42 80 9 25 84 36 61 93 36 99 45 51 24 3 77 4 31 36 63 89 90 22 56 49 5 65 45 27 32 65 98 4 21 80 11 21 12 36 31 74 13 25 36 68 21 9 10 36 66 78 41 66 77 0 95 54 47 4 67 56 58 62 50 63 93 23 62 100 31 78 64 29 32 46 54 20 86 16 53 66 76 35 78 22 54 15 94 21 89
65 86 32 9 30 71 33 45 83 55 55 57 63 23 26 68 29 13 46 66 42 16 10 69 53 86 17 67 66 50 66 68 3 27 10 1 35 65 30 23 49 27 15 59 94 78 43 24 38 50 100 55 20 40 1 93 39 40 75 72 23 40 42 3 60 15 38 34 60 57 4 21 34 51 81 8 76 66 52 15 90 84 73 1 83 71 52 76 71 41 44 77 52 97 90 1 43 46 84 91
56 67 55 96 67 43 55 49 33 31 0 28 72 80 89 5 38 59 48 74 83 8 14 84 72 2 80 94 14 47 91 93 28 27 66 27 19 22 14 60 51 79 98 75 4 83 39 98 67 16 71 64 75 85 60 23 62 84 92 18 52 16 38 10 96 13 33 96 38 98 65 5 76 29 23 71 18 70 55 84 100 23 48 70 61 94 36 33 91 86 1 19 25 73 13 7 31 96 83 78
78 84 35 50 36 11 3 2 60 2 87 33 6 3 61 100 48 90 52 40 87 73 67 84 28 30 5 65 0 49 29 23 40 98 25 11 35 55 44 46 82 9 79 17 95 100 45 31 72 10 53 1 5 6 6 30 23 86 41 52 45 34 22 65 39 45 13 95 49 36 19 84 19 51 58 1 38 88 40 40 30 60 28 28 40 50 21 90 94 54 76 74 51 59 41 24 38 91 29 90
63 83 19 0 84 68 89 75 65 17 54 2 47 33 99 59 83 91 14 84 94 48 68 67 100 99 90 21 22 95 51 48 54 8 68 51 76 28 42 53 44 78 23 97 66 63 41 79 47 76 14 12 99 44 21 87 65 39 89 87 55 45 36 64 45 25 61 7 76 70 89 37 12 66 89 42 33 90 10 80 30 78 59 67 92 36 91 87 31 66 58 83 44 72 52 81 16 52 2 79
77 94 20 100 67 24 83 35 71 96 46 72 59 12 12 73 27 51 60 54 49 57 91 14 91 55 43 45 84 17 63 11 88 78 49 82 2 21 54 6 74 51 17 63 61 45 68 45 64 55 95 66 66 3 53 22 47 54 49 22 7 80 62 66 77 76 8 13 55 50 13 72 75 75 18 46 99 71 26 87 93 33 2 14 86 98 43 9 45 43 15 87 73 83 72 85 53 84 61 19
12 28 7 32 25 98 69 90 21 10 4 13 57 39 32 54 42 68 37 40 11 0 84 43 71 41 38 86 65 39 7 46 97 92 79 64 14 28 94 25 31 57 79 35 88 66 86 54 87 40 78 87 34 10 13 3 91 69 70 40 82 8 88 25 14 19 44 32 20 98 85 46 28 65 99 88 66 60 99 43 36 66 2 55 81 70 76 23 13 83 24 55 12 31 81 6 56 99 50 72
80 76 83 26 64 82 8 57 53 46 97 13 79 32 34 35 97 4 28 97 15 97 4 11 96 34 85 56 61 49 62 57 4 86 34 82 12 41 37 52 34 19 3 46 74 77 52 25 14 24 58 100 68 22 5 97 75 25 18 72 68 4 52 68 29 42 93 51 66 51 60 38 77 1 98 81 64 41 54 28 33 90 49 52 6 99 50 46 37 71 91 9 73 43 35 44 9 0 15 77
23 77 21 25 33 97 31 80 99 63 40 14 7 41 31 14 56 20 53 24 77 33 12 51 32 78 10 69 81 22 27 5 39 23 97 7 38 80 73 6 59 74 87 73 26 33 25 65 40 51 82 99 68 38 65 94 44 29 61 38 99 50 6 66 14 20 43 99 49 97 30 64 66 45 55 53 12 63 90 65 50 91 55 65 17 99 66 69 70 54 89 14 51 69 14 48 47 0 30 19
19 76 32 84 69 85 84 59 53 85 53 48 10 54 19 90 81 96 47 93 39 64 80 53 50 7 15 83 1 1 34 82 4 9 74 56 13 83 70 77 68 51 98 28 94 35 9 68 31 60 40 10 97 71 79 26 53 82 43 9 93 12 8 20 96 63 11 90 0 19 13 31 99 62 1 5 7 94 33 60 87 91 75 46 21 39 95 83 99 68 23 41 51 58 7 16 8 28 74 26
59 16 32 39 65 51 12 25 16 59 85 73 46 65 99 1 68 97 46 58 89 90 23 49 8 53 4 95 67 88 78 3 30 31 16 99 45 30 8 17 28 77 63 14 21 80 73 31 65 55 39 49 18 53 4 89 55 62 20 56 39 34 13 96 94 87 1 96 29 82 96 4 19 77 45 27 80 56 47 17 89 10 46 90 93 91 77 86 11 83 90 26 22 28 62 10 69 99 58 27
44 6 77 42 55 37 26 5 1 31 38 98 95 54 71 87 87 67 17 50 96 7 74 2 32 70 60 64 10 98 21 6 53 34 26 33 42 19 19 6 36 70 13 31 57 93 4 78 98 13 9 65 63 96 36 22 67 66 40 15 11 14 29 81 99 44 71 46 68 3 92 38 3 69 72 6 23 59 28 97 31 74 80 8 9 76 84 76 65 43 63 21 96 28 56 74 60 37 93 52
71 89 15 38 75 63 76 51 98 11 16 8 17 20 20 13 57 37 82 20 90 73 59 21 9 90 62 51 93 32 91 48 85 27 9 42 30 25 29 91 52 0 25 49 76 56 35 54 68 3 77 60 17 34 7 55 80 18 62 28 72 24 20 86 65 37 61 15 6 31 42 64 30 57 7 1 54 71 6 45 95 96 86 93 79 51 78 27 66 57 51 55 91 30 76 88 99 79 28 13
22 97 72 24 54 87 82 4 40 80 80 0 87 33 41 95 54 81 3 22 55 78 3 63 10 23 41 10 65 60 65 18 43 35 99 30 15 63 13 19 50 96 40 93 59 69 71 89 31 77 56 39 58 11 21 63 57 0 21 86 99 84 91 60 18 29 89 100 39 46 77 52 97 69 98 51 53 43 2 51 34 28 63 80 18 80 47 62 88 72 13 86 93 95 19 62 69 54 75 33
8 97 12 88 5 93 68 15 16 79 24 44 83 53 90 2 69 83 60 69 2 88 90 98 27 55 76 94 1 76 5 84 60 6 15 18 63 35 1 92 14 49 48 91 5 58 8 18 62 15 45 80 30 13 99 49 20 25 8 55 85 62 35 25 33 0 41 15 16 60 14 50 36 63 73 34 96 26 10 10 52 98 52 81 86 99 50 69 95 52 54 71 25 31 6 61 17 72 7 77
39 15 64 54 53 34 78 19 80 66 88 33 5 1 14 48 71 12 92 51 14 74 19 65 72 27 35 76 35 32 95 78 36 1 6 28 0 68 50 55 88 44 50 100 4 37 86 31 97 19 38 45 42 85 42 97 40 95 8 39 11 22 62 69 33 93 39 6 9 30 56 28 91 100 2 28 52 88 43 0 45 51 33 22 70 92 17 91 2 46 63 29 75 60 50 8 18 100 86 77
0 95 64 3 32 38 23 83 42 65 89 85 76 63 46 16 73 24 46 53 73 28 5 71 2 0 0 94 100 73 30 44 100 67 93 76 34 20 25 95 97 27 42 19 80 75 61 50 2 94 10 76 66 5 66 85 36 13 69 55 94 42 70 99 43 83 16 75 96 13 99 50 1 91 85 1 1 23 79 95 6 86 82 32 77 31 68 64 13 42 6 97 32 95 89 83 99 54 71 50
87 49 97 48 78 72 26 46 81 34 3 32 99 39 78 83 55 90 42 94 51 65 92 37 97 33 7 8 55 82 10 88 37 65 40 53 89 94 55 76 10 36 71 63 92 30 24 6 7 93 9 89 97 100 95 72 40 29 4 68 91 33 14 89 0 43 74 93 95 13 37 97 20 41 63 84 80 36 29 91 97 56 6 24 87 81 41 96 96 85 33 65 43 69 65 76 54 17 80 62
39 51 26 12 75 35 97 79 51 21 53 98 36 24 40 14 86 75 53 30 36 41 98 11 89 36 51 89 7 25 94 95 73 67 87 82 67 56 41 5 57 21 25 79 84 27 88 72 82 98 84 64 19 9 87 13 74 100 52 57 26 12 0 17 68 61 97 58 7 20 2 5 63 43 49 11 16 88 2 29 14 63 28 29 42 24 52 13 4 32 100 69 2 92 58 72 8 9 73 75
17 10 3 76 14 50 11 48 58 99 56 84 9 86 26 38 57 14 76 46 77 21 63 81 74 11 57 63 27 34 94 40 59 78 55 88 33 58 85 60 32 45 84 39 14 68 89 20 92 8 40 64 3 62 38 71 45 83 30 64 23 4 1 29 44 19 53 19 79 54 21 62 89 82 62 11 55 53 46 19 95 39 36 72 43 50 29 100 93 82 96 28 49 59 32 55 98 89 88 26
25 5 28 89 25 40 75 89 87 30 22 56 1 46 19 53 26 82 90 36 28 24 82 14 78 34 94 65 52 61 95 52 48 72 33 36 36 47 40 2 34 29 26 10 94 81 63 96 20 60 64 53 1 82 80 86 43 39 10 34 79 80 62 5 4 65 90 61 96 2 9 98 68 89 75 46 55 5 41 79 22 50 8 39 18 0 33 53 100 19 55 58 52 45 61 90 64 14 4 27
97 68 61 84 99 57 53 30 90 4 55 73 4 59 58 78 23 9 7 64 52 12 44 39 66 98 22 49 28 57 57 44 93 1 15 80 39 74 36 94 61 10 25 24 57 61 66 19 19 53 63 0 72 72 58 52 1 21 54 24 61 50 4 40 86 80 11 15 86 2 33 59 23 54 93 35 100 60 86 8 14 6 96 71 96 59 94 11 17 92 59 2 95 90 51 74 45 41 20 32
100 47 16 90 37 39 50 33 84 56 72 95 73 53 43 61 46 39 37 22 41 32 79 48 60 46 64 46 13 23 66 19 38 19 70 42 98 0 81 81 51 4 5 13 47 41 86 25 56 74 24 22 20 54 20 94 46 80 83 25 30 73 23 9 7 27 25 62 14 44 37 9 54 48 26 30 77 37 49 37 49 24 42 57 74 18 9 60 91 95 93 79 9 82 49 27 40 0 87 15
34 64 94 65 98 60 5 69 64 12 47 15 40 77 62 22 86 78 18 32 8 35 100 26 14 36 54 42 16 45 50 97 73 33 93 44 18 18 32 71 91 33 41 63 2 61 90 92 39 69 92 9 85 68 24 19 74 96 72 90 80 66 24 45 50 32 41 97 86 39 33 63 53 13 51 13 34 33 67 27 98 52 38 72 19 58 95 69 36 91 97 44 47 22 57 4 58 94 82 27
79 92 28 53 81 100 64 44 35 60 42 90 100 34 14 25 39 24 7 76 93 44 38 7 32 37 16 94 11 52 98 14 87 63 13 87 71 90 54 5 33 3 13 29 20 16 54 53 80 10 10 96 39 18 47 84 69 61 71 77 78 17 25 48 35 78 55 14 81 37 82 62 34 4 70 54 69 81 72 25 72 29 2 7 96 63 97 57 40 29 17 68 17 20 18 41 35 74 35 22
55 74 7 57 4 71 43 97 16 42 62 74 49 89 8 33 78 73 52 37 66 70 28 52 72 7 30 37 11 11 40 0 47 7 55 70 5 8 94 96 31 48 73 36 42 88 5 58 56 68 6 89 87 50 41 0 92 20 89 98 4 81 33 32 17 5 0 19 11 96 86 5 66 25 5 60 18 87 18 1 97 56 18 57 64 16 14 56 29 56 16 34 56 82 45 97 20 37 26 73
8 45 97 8 68 88 22 97 65 59 88 82 98 7 61 88 100 37 95 19 22 95 19 97 65 7 2 98 23 22 49 52 27 10 72 18 78 18 18 27 76 8 81 26 97 18 82 60 19 67 40 92 92 42 50 53 99 87 95 74 45 87 24 70 84 96 70 41 78 68 33 14 52 51 14 73 81 13 6 50 60 90 35 100 92 79 81 9 87 38 4 55 29 17 5 50 41 81 8 80
66 74 36 61 78 93 74 51 97 21 76 99 71 83 13 74 94 67 76 85 50 39 67 51 63 100 81 36 78 93 23 64 78 6 30 58 77 77 12 75 78 89 26 16 10 6 44 81 58 50 65 41 25 29 92 19 91 80 95 65 2 16 82 24 55 53 70 4 49 16 81 100 86 87 43 90 86 16 0 67 34 8 72 56 100 81 57 39 10 55 47 25 66 63 18 91 69 25 75 41
77 58 89 27 0 92 64 90 10 78 77 84 73 24 82 48 25 61 2 86 80 40 66 62 2 39 64 32 97 53 98 47 27 94 21 89 0 63 90 32 7 76 71 17 47 93 69 31 12 32 22 3 90 43 22 71 81 80 29 8 75 90 45 74 20 73 89 15 53 13 76 90 61 16 47 63 21 53 82 14 45 47 66 11 87 63 74 90 19 99 98 100 60 34 97 27 80 35 23 86
52 8 54 52 8 96 69 38 83 80 2 94 70 2 37 61 64 50 39 30 78 47 83 3 15 48 38 78 83 28 41 61 35 69 98 20 67 15 57 68 48 29 13 93 0 83 100 51 9 71 16 89 29 31 36 8 58 33 15 17 60 63 86 97 27 100 41 4 79 37 55 64 28 69 2 11 74 0 81 40 90 22 56 95 98 9 78 30 53 87 74 51 46 89 16 55 69 99 32 99
10 57 16 66 33 66 37 14 32 37 35 50 66 28 84 2 95 34 35 40 89 17 55 93 88 48 70 97 20 7 21 77 92 65 84 82 78 100 52 43 65 80 64 82 78 3 41 4 10 80 74 39 72 67 40 53 36 46 39 58 89 98 55 74 27 78 71 4 53 17 83 33 2 31 36 7 96 79 11 9 85 1 56 55 55 42 45 84 92 58 27 92 80 62 91 13 67 47 65 25
31 65 86 25 98 98 25 40 61 43 5 7 57 30 52 99 7 73 37 63 54 30 41 22 33 62 92 2 29 6 97 64 11 43 43 34 50 22 36 35 20 73 72 27 42 97 53 74 9 73 47 63 35 70 77 86 72 73 10 34 21 33 22 41 76 35 4 31 6 8 93 17 31 99 49 56 59 58 3 26 41 72 93 91 52 91 2 62 75 72 12 64 9 9 27 20 90 0 91 26
26 57 90 25 23 23 42 5 66 39 50 56 29 86 89 51 76 50 37 20 78 48 36 0 69 70 96 43 9 98 66 74 59 47 22 87 68 17 46 44 45 23 77 15 99 78 32 44 56 35 95 91 56 75 60 89 4 29 44 37 72 6 75 52 86 13 34 18 33 99 22 57 50 56 25 52 74 7 32 39 64 32 55 65 10 24 97 95 23 87 0 51 44 14 68 20 48 39 37 11
72 85 46 11 76 24 1 47 45 100 66 40 71 69 74 40 46 93 69 71 34 89 90 62 19 7 68 37 62 27 46 38 63 42 65 44 16 85 6 65 3 79 28 54 44 92 27 98 13 64 86 23 82 80 99 65 25 8 5 76 35 44 8 0 10 97 13 100 44 61 99 61 25 97 52 95 46 47 39 14 92 24 40 93 95 39 44 88 24 84 78 92 62 34 47 59 61 35 11 75
70 41 89 58 17 17 52 96 96 19 43 7 83 65 5 79 12 20 76 74 60 53 26 45 30 64 45 5 5 97 87 13 16 88 40 63 76 73 89 67 68 27 4 18 30 91 68 37 7 55 69 18 37 39 90 74 79 96 96 10 6 58 53 23 82 84 61 23 11 96 72 4 25 10 37 19 30 55 48 35 74 54 21 69 39 18 46 84 91 80 75 55 75 86 34 64 14 94 4 71
62 9 88 53 84 55 64 23 81 47 87 4 17 28 50 34 22 57 55 23 46 98 99 1 97 47 6 18 85 7 5 74 65 61 8 24 19 33 22 64 80 5 26 87 21 71 57 12 40 84 100 43 9 61 57 85 6 59 18 35 46 15 56 99 43 79 100 39 32 64 56 19 59 51 12 93 43 66 28 89 55 90 12 16 5 63 91 14 99 70 68 38 78 82 71 6 67 85 56 5
29 51 59 78 5 44 19 11 68 11 70 60 6 41 56 74 48 72 26 5 34 17 23 58 60 47 42 57 27 36 62 15 27 0 4 36 11 17 26 63 53 62 10 80 50 92 64 64 76 62 43 32 31 42 81 83 84 59 52 95 32 83 15 26 62 74 22 61 89 59 4 92 35 91 86 44 9 53 75 87 61 53 6 65 35 82 93 28 15 84 89 38 30 63 25 5 61 66 99 74
16 74 95 49 29 40 40 2 59 73 60 66 35 72 44 72 80 3 15 22 69 86 34 17 82 91 6 99 100 27 39 1 81 60 4 76 54 64 41 42 23 35 21 13 76 53 70 68 88 16 84 57 78 62 8 90 38 16 33 80 75 18 56 72 11 20 33 62 85 10 64 17 100 76 0 20 60 74 95 93 63 93 33 30 80 95 85 72 53 54 53 59 45 81 29 96 57 52 65 77
16 80 100 93 83 38 74 11 35 95 54 9 7 83 74 68 91 88 85 36 52 84 35 91 33 69 34 7 58 27 44 39 99 36 39 77 45 30 55 42 18 86 51 58 6 81 19 66 81 26 74 38 69 71 92 17 37 70 84 21 0 39 95 46 90 27 89 4 53 70 51 0 23 48 92 40 7 18 77 56 26 46 95 7 12 89 37 92 82 13 13 54 48 9 19 10 91 38 89 30
96 96 91 77 84 14 83 14 87 47 77 24 19 51 73 11 55 77 73 71 32 0 69 50 49 92 42 25 25 13 42 78 97 56 69 94 45 6 45 95 4 12 23 59 77 18 22 64 97 80 21 95 53 49 61 17 30 87 77 85 48 5 74 17 95 80 92 91 90 91 53 17 96 94 64 25 56 97 63 46 40 60 93 86 80 15 7 4 69 28 40 65 85 7 23 98 56 17 29 19
