83 13
86 4 3 0 24 36 34 24 19 56 81 93 77
3 2 1 0 16 5 2 22 12 6 30 15 59
60 1 0 0 14 3 14 12 14 32 73 20 60
47 4 2 0 6 11 0 12 16 23 69 21 29
26 4 3 0 7 11 12 14 0 23 69 10 12
35 1 3 0 13 32 21 5 7 45 14 75 44
80 2 0 0 5 0 26 22 3 52 23 22 13
3 0 3 0 4 4 13 8 9 24 26 2 33
33 1 0 0 12 1 28 14 16 8 6 91 46
56 4 0 0 0 28 9 22 15 45 7 10 51
0 2 0 0 6 6 21 0 7 29 57 48 27
1 0 2 0 9 32 16 23 9 11 57 74 39
23 1 3 0 4 1 23 5 1 35 79 24 54
59 4 3 0 6 17 27 15 13 30 32 44 55
66 1 0 0 4 14 15 10 6 31 6 36 65
74 3 2 0 22 36 12 1 19 43 58 25 59
32 2 0 0 19 3 5 19 16 37 54 79 4
76 4 1 0 24 33 28 18 17 31 1 78 73
24 1 2 0 7 16 33 15 4 33 1 72 25
47 2 2 0 14 20 7 21 13 40 80 58 72
83 1 3 0 20 30 21 24 9 55 1 43 47
54 4 1 0 5 12 15 3 5 44 69 69 4
84 1 3 0 13 3 3 12 9 48 25 40 39
23 1 3 0 23 31 17 7 13 34 5 40 26
79 1 0 0 17 31 33 20 3 0 16 14 54
32 3 2 0 15 22 5 5 13 27 73 10 17
27 2 1 0 11 23 32 2 3 44 32 47 48
9 4 2 0 18 33 4 2 7 27 6 42 11
18 0 1 0 11 16 30 19 19 39 42 55 67
85 3 1 0 22 7 11 10 8 29 32 4 46
12 4 2 0 5 30 29 19 6 54 8 10 6
70 4 2 0 0 5 13 21 6 14 8 62 24
71 0 2 0 23 32 24 3 2 27 45 5 56
70 4 3 0 20 26 25 20 17 42 24 48 21
39 0 2 0 17 11 32 5 12 3 72 40 54
70 0 1 0 19 10 27 7 18 20 21 29 45
50 4 2 0 6 4 4 9 1 51 47 70 14
3 0 3 0 11 19 23 2 14 48 45 92 54
39 3 0 0 2 3 13 18 17 27 12 17 64
27 0 2 0 24 23 6 1 17 35 53 88 38
13 1 2 0 15 4 6 3 0 13 0 80 41
21 4 1 0 23 26 16 12 11 33 67 11 11
76 2 3 0 24 20 10 14 4 31 10 34 75
73 3 1 0 19 20 15 10 16 8 64 15 64
83 3 1 0 23 28 2 18 9 22 10 18 0
84 2 1 0 24 26 3 17 16 10 17 88 64
62 0 1 0 17 15 25 23 6 36 30 48 28
49 3 2 0 3 6 23 21 3 1 68 62 4
36 4 3 0 18 5 16 1 12 8 41 53 63
31 2 3 0 9 9 32 15 1 17 18 54 65
14 0 0 0 10 13 14 14 5 22 10 25 3
42 0 2 0 24 17 23 18 3 27 62 84 76
3 0 0 0 8 4 20 7 17 39 28 31 20
8 0 2 0 19 14 14 14 13 56 48 0 50
12 2 3 0 20 30 26 14 10 5 80 2 30
44 3 2 0 20 15 25 18 4 13 65 88 49
59 1 1 0 19 8 2 18 19 17 4 46 72
78 1 3 0 23 0 26 6 2 42 38 50 75
10 1 1 0 9 7 19 13 13 1 68 72 38
34 1 0 0 7 29 28 17 0 23 63 48 59
57 0 0 0 0 6 11 3 11 9 39 0 54
46 4 1 0 3 4 30 21 10 32 28 69 41
61 4 3 0 7 32 24 14 7 35 32 55 17
19 1 0 0 11 10 12 6 4 33 47 24 66
41 2 3 0 5 26 14 22 12 11 44 55 76
30 3 2 0 11 35 14 10 2 20 29 4 52
16 2 0 0 4 23 26 6 10 12 54 90 63
11 1 0 0 17 26 22 9 7 1 6 40 21
79 0 1 0 8 25 34 10 12 52 30 53 7
61 3 2 0 20 34 34 5 8 6 12 68 31
17 3 0 0 7 35 28 16 10 17 3 46 36
22 3 1 0 15 21 23 5 6 48 1 52 29
62 1 3 0 10 35 30 24 0 8 2 85 46
85 1 1 0 18 10 6 7 9 41 49 53 14
68 2 3 0 21 24 14 15 8 6 75 89 51
12 0 2 0 3 13 18 24 17 0 51 57 70
62 3 1 0 24 17 30 5 18 54 1 29 44
34 1 0 0 9 23 4 13 3 6 64 50 36
54 4 3 0 14 14 33 20 19 3 53 77 39
17 2 2 0 13 1 27 2 15 5 47 71 45
29 3 2 0 15 20 13 12 10 54 52 20 73
38 2 1 0 14 2 23 23 4 30 46 75 71
4 1 1 0 6 10 9 13 15 25 51 41 34
56 0 3 0 4 35 12 5 7 2 12 49 69
