100 100
25 14 54 81 9 14 95 21 79 83 35 1 1 42 96 86 47 96 89 33 14 68 37 80 42 61 90 87 78 19 61 53 62 71 13 21 33 69 55 78 6 84 50 73 76 65 74 74 7 79 77 81 70 54 81 45 83 60 76 80 82 42 85 26 6 63 62 79 60 40 36 78 90 11 35 53 64 89 35 23 88 47 44 8 67 90 53 93 95 12 48 11 26 24 8 15 11 22 53 42
2 7 32 42 6 9 34 13 35 44 25 0 0 35 78 83 19 64 29 12 5 50 35 45 31 0 46 15 7 1 10 27 49 13 12 0 25 7 51 74 4 22 19 1 24 1 64 65 7 10 36 49 40 31 13 19 23 20 67 65 44 40 25 11 3 59 54 47 55 26 7 21 90 8 11 15 12 20 31 22 2 30 7 5 26 17 19 91 63 3 38 4 21 6 7 0 8 6 34 33
6 8 26 13 8 8 40 18 44 28 34 1 0 7 90 61 45 68 87 1 13 65 6 12 21 52 13 77 36 3 28 29 19 32 4 20 31 34 14 3 2 12 39 28 28 56 44 32 1 59 23 52 59 20 21 20 72 59 41 77 51 13 52 3 6 4 12 13 38 32 16 25 28 0 34 22 64 34 10 22 79 3 42 2 31 79 6 93 88 12 27 5 2 18 2 11 1 10 19 10
12 5 12 4 7 2 52 20 27 32 6 0 0 22 13 80 37 64 72 13 9 43 5 76 27 27 4 81 18 18 53 48 62 0 6 19 12 38 32 6 3 22 47 52 51 6 63 28 3 61 23 38 58 34 7 42 30 26 35 69 24 16 26 13 6 38 36 67 41 15 33 59 57 6 12 38 45 55 20 4 46 12 1 1 55 56 12 29 86 1 20 6 3 17 1 13 1 16 21 9
19 2 54 64 1 14 7 3 70 10 25 1 0 14 45 26 20 27 14 22 6 41 34 66 32 26 5 84 68 18 7 8 56 41 11 19 12 27 26 66 3 40 40 67 54 62 21 37 0 32 12 41 47 54 63 27 82 21 19 31 48 34 64 2 4 21 32 5 49 30 17 32 77 2 9 30 51 28 28 2 79 3 12 5 50 89 12 91 24 5 29 4 6 5 1 11 7 8 37 15
15 4 18 65 3 3 93 4 14 49 11 0 0 15 4 71 40 33 41 6 0 9 2 35 39 61 88 70 3 6 16 29 22 30 2 20 22 47 14 72 2 53 41 6 38 14 17 49 1 78 62 42 35 30 20 16 76 27 29 51 71 41 56 25 5 47 9 54 20 34 27 14 90 2 2 1 34 7 24 10 69 32 11 0 36 72 41 75 35 4 41 6 24 24 4 10 9 15 2 42
15 9 0 1 2 0 33 21 39 64 15 0 0 5 46 5 13 52 44 0 13 44 0 56 0 20 77 30 18 18 42 12 7 56 7 3 17 50 42 67 1 37 46 48 47 16 57 2 0 40 35 61 37 11 12 21 27 51 63 72 80 9 12 20 3 24 55 42 11 2 30 15 20 9 22 44 44 65 30 20 46 18 7 3 33 22 7 90 83 8 6 7 1 0 7 15 7 2 32 14
24 2 22 1 5 0 8 2 40 34 7 0 0 21 51 38 34 4 54 7 11 25 10 32 5 32 64 81 78 16 1 8 20 28 7 8 14 69 5 65 0 84 9 43 66 54 18 68 5 64 54 29 47 30 24 3 61 52 58 5 42 32 1 5 5 41 61 36 21 16 25 18 50 3 26 34 6 28 25 18 13 16 17 2 31 84 26 40 49 4 32 6 18 15 4 12 1 12 4 35
8 0 6 53 4 0 75 3 7 6 5 1 0 14 58 12 37 76 44 29 6 41 32 25 30 27 52 50 24 6 3 49 40 27 6 4 9 6 29 54 0 43 1 37 66 2 13 22 1 3 13 6 9 9 37 26 71 33 68 39 40 6 10 17 6 63 34 59 1 15 17 46 8 8 19 51 46 24 23 13 50 22 33 8 4 6 14 38 37 2 15 10 14 19 0 6 11 16 44 32
1 11 16 67 6 5 53 15 50 31 17 1 1 34 49 25 9 33 54 14 1 17 21 76 3 11 1 12 62 2 52 10 53 4 10 0 27 53 2 44 2 66 41 41 33 5 11 27 2 35 34 40 55 18 38 39 21 7 40 36 11 20 9 15 2 51 27 45 4 26 32 36 13 5 31 21 64 33 27 10 67 17 20 3 62 4 17 71 63 0 27 7 13 18 0 13 8 9 16 11
8 2 3 66 1 7 54 2 44 12 17 1 0 24 26 23 0 34 71 12 12 59 25 65 33 51 6 12 8 11 43 26 6 24 2 2 6 60 6 43 6 54 41 43 3 49 5 41 2 69 29 63 16 53 37 26 30 27 44 29 14 11 10 22 0 61 22 61 19 27 3 11 88 11 33 3 40 72 30 23 6 28 30 0 10 80 31 18 36 3 27 7 10 13 5 0 6 14 44 17
6 2 20 41 8 2 10 19 39 76 4 0 0 5 81 81 40 66 72 12 6 44 31 2 17 28 39 25 39 11 2 52 45 14 13 17 6 0 33 27 3 55 18 33 61 29 72 20 3 45 40 62 28 15 79 12 15 25 1 43 42 27 0 17 5 34 1 16 23 33 5 12 87 9 6 51 29 7 25 3 87 20 35 6 21 33 4 89 31 11 17 1 7 12 1 10 5 2 39 22
25 12 1 45 3 6 6 2 46 13 35 1 1 10 71 40 18 72 36 2 12 43 16 1 42 15 11 29 38 12 44 7 14 41 7 3 20 26 42 78 3 39 28 65 2 35 47 47 7 58 28 3 56 14 75 2 12 19 63 68 21 35 65 12 4 29 57 42 31 4 32 35 33 7 33 19 10 78 12 14 86 1 20 7 5 84 43 59 40 4 14 2 0 21 4 12 11 6 32 4
2 13 44 53 2 8 33 14 54 6 13 1 0 31 58 78 47 16 39 4 2 37 17 4 28 59 72 4 65 15 6 50 26 62 6 4 23 43 22 76 3 9 17 2 10 17 66 45 5 42 59 60 56 43 27 42 51 18 33 22 15 6 24 10 2 46 61 56 60 13 31 31 81 11 35 11 27 68 17 10 68 4 15 5 36 56 16 43 37 0 19 11 17 22 2 1 10 20 20 38
19 0 40 20 8 14 44 9 3 76 27 0 1 18 83 9 46 5 25 14 12 44 27 11 41 52 36 42 16 3 40 34 26 44 3 10 6 7 8 33 5 50 36 6 46 21 38 17 1 75 24 80 13 17 4 7 15 56 9 21 52 15 38 4 0 45 15 50 44 17 27 50 8 2 16 38 46 4 5 18 19 26 1 3 60 70 18 25 53 4 18 0 7 2 4 13 5 15 8 2
6 9 11 36 5 5 45 12 64 81 2 1 1 39 30 67 12 91 83 13 4 46 16 71 24 24 55 85 53 17 5 50 58 12 12 6 23 29 39 60 6 60 47 62 41 59 9 63 0 57 77 12 41 24 12 35 69 30 0 42 26 41 85 20 4 44 43 33 10 19 34 30 63 7 4 18 42 65 6 4 13 25 6 1 12 56 38 57 79 5 5 10 3 5 2 6 2 3 53 15
14 13 41 68 9 13 53 8 50 19 9 1 1 38 92 43 14 38 9 2 14 6 35 79 32 17 6 29 37 19 53 34 55 19 8 18 2 34 45 64 5 16 27 73 48 43 15 48 4 62 77 9 0 6 64 26 16 59 12 52 80 41 37 24 4 47 6 70 1 23 24 74 46 5 18 30 19 67 34 21 45 15 31 4 59 31 52 13 2 12 7 9 12 5 2 3 11 16 32 18
18 5 48 80 4 13 70 18 63 78 26 0 0 21 90 69 41 89 8 20 12 41 34 25 29 53 52 79 70 18 7 24 41 0 3 4 23 47 22 38 1 70 37 72 33 43 61 0 1 69 57 74 37 30 15 6 33 52 32 31 62 37 4 8 2 55 26 3 17 5 16 70 75 2 23 35 49 21 33 13 1 40 34 6 4 74 25 76 53 0 45 11 11 2 8 0 3 15 34 23
5 1 33 63 2 12 70 6 50 23 13 0 0 23 89 66 34 58 34 24 4 53 33 23 39 24 24 40 20 5 47 19 27 54 11 17 7 56 37 10 2 28 17 15 67 7 44 65 1 16 9 1 10 14 78 34 52 45 8 26 77 15 24 20 6 54 48 42 60 1 2 31 79 0 19 52 26 4 20 3 9 20 27 0 66 41 13 83 39 6 27 6 11 3 0 6 3 18 24 13
25 12 15 25 2 1 7 10 13 70 27 1 0 1 0 67 1 95 50 26 14 12 6 30 7 42 20 13 65 10 22 41 36 53 1 11 3 40 12 20 1 78 48 32 70 49 7 5 3 29 74 57 22 35 19 8 6 8 28 20 5 24 23 17 1 35 61 31 0 9 4 20 43 7 10 23 5 51 9 0 4 14 20 8 19 33 28 42 3 2 6 1 10 19 8 15 2 13 46 27
7 12 16 18 7 3 12 10 14 44 15 1 0 27 51 37 6 7 80 27 5 36 8 64 19 33 38 38 1 3 20 53 24 23 12 16 9 6 52 54 6 34 1 52 51 0 52 64 5 16 75 53 64 43 29 4 73 6 67 80 69 12 7 22 1 58 60 18 48 31 3 44 2 11 3 25 1 57 5 12 30 11 22 3 33 44 39 8 53 2 43 4 3 14 6 9 8 22 40 36
6 10 26 79 4 4 39 7 43 23 20 1 0 23 21 36 31 67 32 8 13 28 4 9 10 51 75 4 24 16 49 27 28 8 0 0 14 13 55 32 1 15 29 63 20 11 32 33 4 1 54 80 25 19 10 15 61 55 13 76 39 29 36 0 0 40 25 23 3 3 30 72 50 6 17 45 18 50 5 0 43 46 10 2 8 51 36 0 93 0 8 2 22 18 7 13 2 20 42 6
25 13 29 27 5 3 36 10 23 24 1 1 0 26 93 83 17 23 50 32 13 24 37 60 14 32 17 23 22 17 38 39 6 61 0 11 10 6 2 63 2 66 46 63 16 12 31 58 7 53 48 73 36 47 72 44 52 13 70 46 25 6 38 15 0 43 52 27 59 11 26 40 18 2 0 18 6 36 13 12 16 7 39 4 52 76 21 20 86 11 6 2 18 22 6 4 3 14 38 2
11 0 42 78 2 4 23 21 10 30 2 1 1 5 0 61 40 71 74 6 1 14 30 63 8 59 53 85 29 2 7 33 48 54 6 19 12 35 14 7 5 62 7 27 1 61 2 49 7 23 45 31 29 9 10 11 44 4 54 17 61 17 0 11 2 28 18 28 18 38 27 63 14 6 17 17 10 55 18 20 86 13 22 6 42 27 45 10 16 5 14 9 25 4 6 5 7 8 49 16
3 2 24 27 6 13 59 0 0 74 26 0 1 37 66 68 20 74 89 17 14 3 13 66 23 35 89 75 52 3 19 34 2 51 4 4 24 53 12 6 4 26 29 3 19 38 36 25 2 32 2 0 51 5 7 4 16 12 76 16 54 7 71 26 5 57 57 54 36 8 22 78 34 6 20 40 3 87 33 19 86 46 12 5 53 32 14 10 94 0 36 2 14 22 4 12 7 6 41 2
20 11 4 3 1 11 86 11 13 68 26 0 0 4 9 32 26 72 30 13 12 54 28 32 16 46 53 21 76 0 45 52 23 21 5 10 29 62 38 7 5 84 42 6 44 23 31 37 7 0 67 10 42 36 31 18 62 30 58 3 70 12 45 26 1 52 11 23 16 31 28 3 67 0 10 35 8 85 33 16 3 46 4 6 42 70 19 42 62 7 42 0 0 22 1 5 10 4 34 37
12 10 22 64 2 8 51 16 58 83 10 0 0 31 11 86 33 52 80 31 2 41 21 35 14 49 46 14 39 13 42 13 53 20 9 2 20 12 25 30 0 20 17 25 67 13 30 37 2 41 28 64 38 33 79 44 37 23 18 62 57 26 28 2 3 54 15 19 29 39 0 39 86 6 34 30 37 34 17 23 18 10 14 6 3 77 13 14 16 3 31 11 21 5 3 4 4 19 29 6
8 3 31 40 0 10 23 9 39 45 10 1 1 38 68 27 22 95 38 12 1 44 14 32 22 18 7 38 20 16 20 8 20 55 2 2 32 16 28 3 6 22 20 19 37 11 6 65 0 71 44 39 3 27 75 27 70 43 27 14 38 35 21 1 0 53 34 26 44 1 20 63 64 2 25 35 4 86 13 16 70 41 14 5 34 10 43 67 8 5 47 4 13 0 8 3 7 10 21 33
16 13 7 31 6 3 35 19 78 63 28 1 0 13 8 71 31 85 11 6 1 31 27 75 0 25 56 59 39 0 18 10 37 43 3 15 25 50 30 19 2 11 40 48 55 4 68 41 6 62 15 74 32 45 0 43 43 8 34 3 28 37 33 20 6 44 40 25 52 11 15 77 4 1 12 21 60 72 4 17 14 30 5 7 66 30 51 39 69 9 41 6 24 20 1 14 6 11 18 8
9 4 38 21 4 2 42 19 2 47 26 1 0 30 12 62 44 69 24 15 4 61 27 69 32 46 20 61 73 18 15 22 16 7 4 3 30 36 38 65 6 14 33 31 70 49 16 11 6 54 42 12 62 50 58 43 59 49 52 8 81 0 49 23 1 0 33 13 1 23 8 30 65 9 24 33 10 79 8 0 52 30 35 6 28 71 6 82 53 8 18 0 13 17 7 15 4 17 9 2
9 4 23 29 5 14 94 10 39 19 19 1 0 34 3 85 29 17 44 8 12 17 21 38 41 0 7 69 67 3 25 10 11 32 6 7 7 68 5 68 4 7 3 54 42 14 23 27 0 70 0 4 22 36 40 36 21 38 76 58 11 9 13 11 0 4 33 36 3 28 16 45 12 8 16 37 57 70 24 23 86 43 4 0 62 56 46 63 66 3 35 7 11 21 6 5 11 15 16 19
6 5 6 0 8 8 23 19 66 21 14 1 1 27 4 33 35 91 43 4 12 46 21 21 24 45 21 40 41 8 54 3 62 25 10 17 6 31 19 2 6 65 13 56 56 61 39 33 5 41 11 45 17 40 12 20 36 19 48 29 43 34 0 18 0 36 32 57 37 8 2 74 63 11 4 27 21 84 32 17 73 22 35 6 53 21 22 29 68 5 30 7 4 7 8 14 5 17 31 40
7 5 44 69 2 11 48 20 70 43 28 0 1 18 47 19 30 17 88 31 1 15 5 1 0 16 20 75 74 18 14 11 39 64 6 2 29 23 45 10 1 84 34 60 63 1 68 62 3 39 39 56 22 35 29 26 41 58 49 11 28 42 30 26 6 59 41 69 44 21 16 26 48 11 22 27 51 30 22 21 83 9 37 0 38 65 45 28 19 5 40 2 20 17 3 10 11 12 11 20
6 6 49 42 2 13 5 18 29 82 29 1 1 35 34 45 20 13 15 26 4 15 20 52 33 4 78 48 70 10 53 32 6 8 4 9 14 25 23 49 2 74 27 15 42 22 53 33 4 33 71 12 11 41 70 24 45 35 49 71 28 25 77 0 1 27 13 29 33 7 1 61 29 2 23 50 17 13 23 15 40 16 25 1 15 74 3 90 64 10 21 9 11 23 8 15 5 1 34 38
23 2 43 34 7 7 78 21 48 73 12 0 0 9 5 82 44 3 40 23 11 8 4 38 13 41 44 37 76 4 25 12 19 44 11 15 31 40 20 50 5 27 28 61 24 7 31 50 7 65 33 35 47 19 59 43 58 55 67 78 68 40 65 2 1 2 51 18 26 4 32 41 60 7 7 4 52 15 20 1 8 16 27 0 17 63 20 31 90 9 43 4 8 2 7 8 0 15 9 18
6 14 39 65 3 7 15 14 64 34 11 1 0 15 26 78 44 30 42 29 2 6 5 60 28 18 61 46 29 15 34 5 49 40 8 18 25 36 16 63 6 83 28 31 27 19 34 17 6 24 10 79 18 11 61 3 10 8 17 5 63 38 50 20 2 53 33 69 17 6 30 46 46 3 11 23 40 24 8 9 8 2 26 8 40 10 20 28 22 11 45 2 7 5 3 6 0 3 16 32
1 5 18 44 5 8 49 17 72 59 29 1 1 18 51 0 21 90 18 1 7 38 4 30 8 18 48 69 51 4 19 50 20 32 10 16 26 51 52 27 6 67 30 69 48 47 72 34 6 42 47 18 20 5 53 27 10 40 72 47 73 4 75 4 2 32 36 69 20 10 27 14 64 5 3 44 3 59 25 16 46 23 29 0 24 9 45 88 91 8 23 5 22 16 2 11 0 1 15 23
19 13 51 67 5 11 34 18 24 13 21 1 0 17 92 26 42 26 22 8 14 45 22 78 27 5 67 5 6 4 10 7 45 46 8 10 15 12 14 6 1 7 32 23 57 29 38 18 3 64 21 30 70 52 24 0 37 60 28 45 81 0 74 7 0 52 0 49 3 23 7 45 11 6 26 6 28 28 15 5 83 38 4 4 10 59 44 58 52 7 26 6 5 16 4 5 11 2 40 7
3 3 35 7 6 1 44 7 12 77 6 0 1 25 35 80 35 69 15 30 4 24 14 44 28 28 39 33 33 9 20 52 16 64 1 11 8 31 16 30 0 27 34 33 53 55 53 32 7 61 52 46 52 16 26 7 5 17 76 33 5 13 63 7 0 18 13 5 19 10 33 42 43 1 30 40 2 47 14 21 64 23 10 6 2 66 40 7 85 1 45 0 8 4 4 13 5 9 43 8
4 10 6 62 7 5 2 6 71 59 13 0 0 2 77 45 9 52 45 11 11 7 16 29 40 44 89 48 76 16 33 37 36 46 6 16 3 37 44 54 0 56 43 64 17 52 36 70 5 70 48 36 23 45 20 36 41 60 0 66 18 29 71 14 2 28 29 23 15 29 12 1 43 11 25 45 59 28 32 11 66 1 25 3 25 7 41 62 37 0 19 0 15 2 1 9 3 6 18 21
1 11 19 61 6 4 81 3 33 12 8 0 0 31 85 75 14 63 42 1 5 50 32 0 22 2 54 6 43 1 8 14 37 35 5 11 10 42 5 25 1 9 40 9 8 31 47 7 1 4 49 65 56 17 76 11 23 52 24 16 28 40 44 23 1 41 3 6 42 10 7 36 39 1 17 30 26 82 16 19 39 27 21 7 52 77 52 26 29 9 17 9 18 4 2 8 2 19 52 16
12 9 24 49 7 7 61 7 34 25 20 0 1 5 81 2 25 82 70 12 12 41 30 74 27 36 54 22 13 9 48 26 39 45 4 20 11 57 39 60 6 48 26 55 23 20 50 50 3 62 21 4 56 51 35 30 32 47 42 67 75 0 23 26 6 11 60 79 1 15 0 18 4 3 22 23 43 45 30 13 27 0 36 6 56 68 39 0 90 11 33 0 24 15 0 3 9 9 15 4
24 14 14 8 6 9 4 3 0 61 13 1 1 42 60 47 44 42 42 28 5 14 34 66 4 12 81 58 72 7 43 42 27 30 4 5 15 12 14 34 2 71 26 5 5 29 47 16 6 66 42 12 7 20 64 2 41 60 15 40 29 8 71 1 0 54 15 51 51 17 29 36 24 0 2 30 15 0 5 12 78 13 15 6 62 4 8 26 10 11 28 8 23 2 7 1 10 18 52 28
8 13 50 3 8 13 7 7 68 19 23 0 1 42 70 24 28 43 85 9 9 32 12 53 23 38 57 62 53 1 42 35 55 41 0 14 30 22 29 74 4 8 30 70 26 61 65 4 2 43 23 44 32 33 42 7 42 34 58 39 59 1 5 10 0 31 10 45 31 12 24 62 72 8 2 39 16 8 7 2 75 43 14 3 33 59 13 32 7 5 17 10 4 22 1 13 3 16 43 2
19 5 43 56 3 14 21 2 47 46 30 0 0 42 65 7 29 95 72 11 1 38 29 14 10 50 42 75 46 18 42 17 45 46 13 6 25 38 30 57 2 72 36 0 30 26 49 32 0 70 66 55 70 48 24 32 18 51 34 37 37 20 57 12 6 49 40 12 13 30 27 16 50 2 6 24 31 33 31 21 75 7 25 4 14 10 13 79 30 4 9 6 13 16 5 8 8 4 12 21
2 6 13 52 7 5 69 19 32 63 14 0 0 10 87 34 26 86 29 26 2 22 36 62 27 37 66 65 61 16 41 13 32 37 6 17 30 23 42 36 4 59 34 24 47 18 48 60 1 67 14 46 49 45 58 17 41 0 19 10 7 7 40 5 4 51 40 4 1 31 16 54 68 10 13 1 35 37 31 5 45 15 19 6 33 87 43 54 23 7 35 10 25 9 8 7 4 17 11 3
1 10 51 41 6 9 72 1 19 31 20 0 1 17 72 13 18 73 76 29 5 30 3 52 16 50 38 10 44 3 43 47 18 41 12 1 22 38 25 76 2 48 4 38 75 63 15 26 1 17 18 54 19 26 74 3 59 47 47 32 49 32 14 22 5 20 7 29 6 39 32 68 68 6 6 46 53 85 30 23 86 8 18 4 32 87 50 20 30 9 7 4 25 1 0 12 6 13 27 34
18 0 33 34 9 12 21 11 17 9 14 0 0 37 93 66 15 86 23 24 2 3 24 70 18 14 33 51 49 12 4 8 12 64 10 12 1 69 10 8 3 11 49 9 10 38 2 9 4 57 4 12 43 31 61 27 3 25 22 36 27 34 23 5 1 48 44 13 37 5 30 14 16 7 30 11 17 12 2 7 87 34 24 6 20 34 52 88 50 2 29 3 16 8 6 9 5 5 46 1
8 4 31 15 8 5 7 17 21 33 5 1 1 21 29 75 40 40 66 13 14 33 20 28 3 35 17 46 76 11 61 37 34 11 11 17 0 35 7 28 5 83 36 7 33 5 55 37 2 25 6 75 64 39 38 24 15 47 23 38 21 5 58 22 1 45 27 51 12 34 30 7 64 8 21 7 2 70 21 5 75 24 10 6 18 20 1 55 32 5 5 1 2 10 5 12 5 1 32 14
18 6 41 16 3 11 2 15 44 42 20 1 0 17 69 20 27 61 2 20 14 14 8 41 26 47 82 27 41 6 25 50 49 34 0 15 25 39 39 9 2 42 43 24 12 15 19 5 3 77 67 29 56 40 18 23 41 35 44 75 71 9 84 18 5 44 56 78 33 35 16 71 32 5 24 33 51 18 34 14 16 14 32 6 43 54 42 2 86 6 12 11 25 8 7 14 6 9 37 28
17 14 10 33 2 7 20 18 61 38 6 1 1 25 17 10 37 73 80 23 1 17 14 17 2 5 29 54 70 11 17 14 50 6 8 21 1 40 18 69 0 3 7 42 71 11 49 41 0 27 2 14 16 43 70 9 65 37 12 16 26 37 7 22 0 55 32 19 48 17 14 18 6 6 14 39 64 72 21 12 8 18 9 0 17 61 42 4 74 9 26 1 10 12 3 6 0 5 53 35
12 4 4 36 4 12 73 10 60 21 10 0 0 22 67 40 30 4 86 18 0 57 10 13 3 49 1 33 30 14 54 20 31 10 11 21 0 7 48 76 6 75 0 48 48 38 29 47 4 41 28 56 26 7 4 4 40 50 23 13 1 38 23 2 0 9 46 45 51 2 8 70 17 10 6 8 12 62 23 22 41 13 23 6 43 14 15 75 40 9 20 9 0 11 4 14 11 21 12 40
5 2 26 57 3 13 79 13 16 44 18 0 0 9 79 43 39 90 75 7 14 64 6 5 8 58 20 19 74 14 40 50 53 17 11 1 11 19 4 57 1 34 34 14 71 53 1 37 5 54 45 58 33 40 63 40 15 47 60 34 55 6 24 14 1 54 61 39 31 1 5 31 89 11 28 5 25 41 33 6 83 1 35 2 18 14 13 28 86 6 27 6 21 10 5 6 7 22 20 9
25 8 39 11 0 10 0 10 19 8 1 0 1 36 75 83 33 9 30 14 12 46 2 16 36 15 10 16 39 18 22 11 19 58 2 1 30 24 10 25 1 35 47 23 63 45 46 68 7 79 41 23 46 15 25 18 54 28 31 3 34 32 10 18 5 60 2 31 7 7 21 34 46 7 11 42 49 52 21 11 80 47 44 8 57 12 38 41 70 1 2 9 0 10 5 5 0 22 30 1
17 1 17 41 6 10 16 9 29 37 15 0 1 25 44 3 25 48 59 7 1 37 7 18 24 3 32 24 0 7 45 25 38 31 0 17 15 55 45 71 2 33 5 47 11 10 21 61 5 43 22 2 60 3 15 0 67 26 11 39 79 11 5 18 2 23 24 25 15 37 22 26 15 6 29 17 28 36 21 18 40 23 43 3 12 74 5 34 41 6 35 0 4 10 0 11 9 21 3 16
24 8 14 4 2 2 29 17 30 29 11 0 1 23 42 77 33 69 63 8 14 45 23 20 13 51 69 34 40 4 24 53 49 18 10 18 13 51 3 74 6 35 18 19 16 58 23 49 2 67 28 62 15 26 51 39 15 56 17 50 51 38 76 6 6 13 3 72 60 26 27 38 22 10 22 24 33 26 6 14 7 3 4 0 44 23 27 86 81 0 0 6 9 5 1 0 0 5 28 26
12 1 49 0 4 13 5 16 33 30 6 1 1 4 7 82 34 38 61 25 1 55 29 67 19 10 13 2 10 11 52 14 40 25 10 9 0 43 1 9 5 65 1 22 22 4 40 15 7 34 3 20 26 19 61 3 22 29 12 18 53 35 40 25 1 45 33 39 25 33 24 4 38 6 27 14 60 17 25 14 78 42 33 5 7 50 29 54 26 0 9 1 26 24 8 8 10 22 25 32
15 6 47 39 5 1 61 7 28 52 11 0 0 26 83 38 47 84 15 21 14 38 13 20 27 21 14 14 12 11 43 26 29 42 11 4 2 42 11 67 0 4 26 45 71 39 43 70 7 70 77 8 36 38 6 11 7 36 40 2 29 26 33 12 5 51 51 17 4 31 29 70 79 11 32 3 60 85 7 2 24 11 39 7 53 75 1 77 88 8 16 3 23 24 1 3 7 18 4 24
24 6 24 54 4 5 90 7 77 74 9 1 1 40 37 22 37 76 9 32 1 47 17 22 12 48 67 54 8 14 19 22 51 1 8 2 21 52 28 59 4 56 10 30 65 40 49 37 3 29 75 12 4 29 72 37 58 48 18 51 22 32 22 7 2 46 26 61 52 4 17 5 79 0 14 36 3 7 14 12 54 3 3 4 26 72 29 57 71 6 31 4 1 18 8 15 1 6 51 10
22 11 34 8 7 4 60 11 73 75 16 1 1 36 12 58 17 75 51 28 3 34 21 13 14 18 6 43 42 7 8 40 21 12 13 12 32 31 53 17 3 23 29 56 22 65 36 30 0 15 32 51 17 32 34 30 2 35 19 72 25 32 43 14 6 19 49 26 39 14 33 62 71 8 9 14 38 38 6 6 40 35 18 0 11 65 53 14 6 3 22 5 18 14 8 2 4 8 41 14
5 7 18 31 8 12 38 21 14 43 17 0 0 30 71 83 44 2 24 24 9 30 27 46 4 30 83 6 44 14 43 30 36 21 10 6 33 38 37 35 1 30 42 62 7 56 23 46 4 77 16 61 7 0 35 28 6 24 35 69 43 11 7 12 3 32 8 6 10 25 34 1 74 8 5 31 39 50 13 8 1 14 2 1 39 62 3 80 2 11 26 1 17 6 1 1 1 1 51 25
19 2 24 17 6 1 84 16 43 69 2 0 0 21 12 57 6 90 28 30 2 16 32 55 13 27 12 27 49 7 30 49 22 65 7 3 7 11 15 10 2 21 45 11 38 53 54 65 7 77 30 7 7 25 14 5 20 56 13 60 46 40 63 7 5 60 15 57 41 5 18 57 66 8 7 26 37 36 28 22 86 34 40 2 18 35 3 83 59 10 22 2 19 18 0 7 5 7 43 17
13 8 46 48 9 11 6 6 40 39 12 0 1 30 39 56 2 42 57 14 5 66 36 29 37 32 83 26 54 7 43 9 56 1 1 0 10 4 6 44 4 2 29 19 48 20 15 37 7 37 69 2 20 6 33 35 1 16 5 71 61 23 25 5 6 0 46 39 55 22 22 50 79 7 5 20 64 53 4 17 61 30 28 1 14 40 39 48 80 12 30 10 15 18 8 0 9 20 40 9
19 11 23 44 3 6 3 20 56 15 10 0 1 42 87 40 25 2 24 33 1 58 22 62 39 22 31 73 56 6 35 46 4 44 13 7 7 21 34 13 3 71 39 44 51 31 18 47 5 65 71 16 42 14 70 36 39 33 57 50 42 23 71 2 1 59 31 42 55 13 12 7 10 6 15 35 26 12 31 10 73 27 33 1 14 77 27 88 3 12 47 8 5 15 2 13 6 3 20 22
9 13 43 29 4 5 70 16 60 79 34 1 0 31 89 63 11 48 41 5 8 6 28 34 37 7 84 15 3 18 49 46 35 14 13 17 18 5 23 22 4 77 44 45 57 27 30 45 2 64 62 5 28 29 2 16 64 42 31 37 64 13 12 3 0 30 39 53 7 38 23 13 3 9 32 13 2 21 21 2 28 38 22 6 34 31 34 39 84 3 40 5 0 2 7 11 3 16 37 34
14 0 16 15 8 10 44 1 36 3 24 0 0 16 43 17 34 2 59 9 2 1 8 36 19 31 43 62 37 8 56 52 43 47 9 17 2 60 38 48 2 72 5 19 75 0 27 20 3 23 72 42 52 48 60 8 22 21 58 79 3 30 62 23 0 4 33 33 26 32 5 15 32 11 0 33 50 40 26 21 54 24 13 0 48 25 47 65 40 5 34 9 21 18 0 7 3 15 29 42
13 10 39 38 1 9 85 17 38 16 31 1 0 10 95 21 1 63 76 22 14 4 17 26 1 57 40 42 30 19 3 52 35 6 11 15 0 55 46 68 0 9 42 11 6 22 34 23 4 51 4 1 3 10 28 32 1 33 36 47 65 10 35 0 4 21 20 68 44 33 17 0 29 4 25 14 39 30 3 21 75 29 8 4 8 59 41 49 11 11 32 4 7 10 3 13 1 5 9 7
0 11 16 30 4 2 86 5 23 73 15 0 1 39 20 44 1 31 69 32 13 12 5 49 39 50 10 68 66 8 36 13 59 38 10 2 4 9 49 50 2 50 22 65 31 62 11 33 6 60 26 21 49 49 23 33 41 4 49 77 52 31 32 12 2 40 50 13 30 26 9 40 78 6 11 3 21 14 30 5 77 23 11 3 66 16 47 14 76 6 38 9 21 15 5 4 8 1 18 26
4 12 49 32 3 2 48 3 58 36 8 1 1 1 14 35 7 47 20 31 5 47 5 26 33 45 1 28 35 0 50 37 36 9 9 3 30 6 5 72 1 22 36 45 65 42 1 45 1 43 22 57 69 49 33 36 23 7 74 21 28 18 60 20 3 26 29 18 46 15 23 72 58 10 22 4 25 15 23 7 7 41 40 4 26 40 7 28 73 7 40 2 17 13 0 14 10 10 34 18
25 0 34 14 1 10 34 6 21 7 23 0 0 19 39 30 46 29 30 27 4 33 0 56 40 18 39 64 76 0 37 49 61 65 9 2 17 5 29 76 4 46 15 4 52 62 52 33 0 35 9 80 68 47 23 23 24 40 46 30 80 34 67 16 1 60 7 3 51 5 12 57 30 5 23 10 25 21 32 22 57 16 11 0 11 4 9 92 77 6 24 8 3 22 0 0 0 22 37 26
20 14 9 7 0 4 26 11 55 3 25 1 1 30 85 19 35 79 63 8 14 51 36 11 12 53 71 68 13 1 27 12 4 13 9 1 14 44 38 26 1 27 42 9 37 30 35 24 0 61 57 60 37 16 3 27 3 9 14 31 60 28 84 0 6 31 1 44 17 30 3 25 76 0 2 2 33 44 22 2 54 33 2 6 34 63 27 73 73 10 32 0 21 14 2 14 8 2 14 39
22 5 20 33 9 7 42 12 41 20 34 0 1 4 81 81 31 6 42 19 10 10 16 75 39 3 21 39 28 10 19 3 10 53 7 19 28 68 36 78 3 69 21 51 32 17 28 57 0 23 8 17 40 22 20 8 47 0 60 3 64 5 32 3 3 28 3 11 36 12 12 28 16 7 25 10 44 68 19 14 22 46 42 1 21 56 12 22 81 9 6 11 0 23 7 2 4 16 43 1
5 3 0 13 1 13 65 11 66 51 19 1 1 4 59 30 17 52 79 16 14 27 12 70 4 57 30 0 27 8 43 25 54 54 6 4 5 61 30 37 1 43 12 35 33 25 49 31 4 1 9 14 28 32 27 43 37 39 42 80 71 5 47 12 0 8 28 46 37 36 7 38 73 8 4 10 27 66 12 22 48 36 40 1 40 62 48 12 24 4 11 8 19 21 6 3 6 14 43 5
18 7 50 63 8 6 9 20 50 67 25 0 1 21 26 6 37 20 88 6 6 20 26 51 33 49 60 61 9 13 14 51 2 7 5 17 16 21 3 3 2 37 34 41 18 55 71 54 7 13 9 19 18 44 58 9 82 57 60 65 19 36 9 19 5 59 46 73 2 4 32 54 11 10 12 41 12 80 26 21 46 10 35 3 46 18 21 46 55 8 40 10 4 2 1 1 2 9 33 12
21 12 13 37 5 4 67 7 58 69 0 0 1 29 56 5 27 85 24 30 7 68 16 37 24 17 77 79 68 18 49 15 49 32 1 6 13 50 34 57 0 37 39 38 52 53 40 13 2 24 28 47 45 33 30 42 44 25 48 31 8 25 72 10 0 3 53 57 56 15 19 39 19 11 7 3 51 15 17 12 43 15 20 6 22 74 14 64 89 9 32 5 19 10 3 1 8 8 36 34
23 9 33 70 9 5 41 0 39 53 27 0 0 4 27 41 45 42 79 20 6 40 36 63 26 29 18 39 52 3 38 35 38 69 2 10 1 34 23 12 3 34 42 3 57 42 70 32 1 18 44 22 13 54 50 10 74 8 72 29 8 9 79 8 2 30 54 79 59 3 23 33 9 2 13 5 55 32 12 18 52 34 27 7 59 40 10 37 55 1 27 6 10 16 3 9 0 17 43 36
9 14 11 75 4 12 86 17 47 35 30 1 1 11 74 8 21 85 68 13 0 66 15 55 8 21 0 73 71 15 19 26 35 38 10 1 20 39 13 9 6 48 31 24 50 26 24 9 7 66 36 74 63 35 29 8 13 6 15 1 73 21 23 20 6 43 15 9 28 7 17 53 62 9 23 19 64 21 15 17 9 23 35 4 7 67 8 84 87 8 41 8 2 0 4 15 2 1 30 42
10 10 32 51 6 1 19 12 5 78 34 1 0 11 87 56 32 3 21 0 10 36 4 5 31 51 72 51 43 14 9 16 46 58 5 15 9 33 46 69 5 22 11 54 72 48 2 1 5 32 57 27 24 29 12 19 3 56 15 21 30 28 75 0 4 3 41 54 21 31 28 73 36 6 4 3 58 1 28 4 26 12 18 6 46 73 37 76 41 3 0 7 12 8 8 7 9 0 8 40
13 10 7 43 6 12 89 8 31 12 3 1 1 26 19 3 17 18 15 10 12 64 31 28 7 4 74 8 26 6 34 52 46 15 4 8 5 31 31 66 3 72 24 2 5 55 38 8 1 49 27 29 67 16 49 41 71 51 75 59 70 39 68 23 6 50 7 50 50 4 30 5 31 1 21 21 44 16 24 5 42 35 29 3 49 14 43 50 86 12 34 11 16 24 5 4 4 9 47 0
4 12 22 17 2 3 28 15 5 54 15 1 0 3 77 78 24 32 28 31 7 47 28 0 15 24 59 69 13 4 32 48 53 44 4 15 19 52 15 36 5 46 9 63 28 15 21 48 1 28 4 31 23 0 39 23 66 52 22 48 31 1 3 4 0 44 56 44 10 0 35 26 71 1 10 16 56 63 15 19 47 41 16 5 25 14 35 49 77 7 44 8 6 23 8 4 4 17 28 22
7 8 50 71 8 0 47 10 20 24 16 1 0 31 53 72 24 87 78 17 9 48 10 45 29 11 54 12 37 2 15 1 6 33 4 4 31 43 53 49 6 68 4 17 3 56 59 64 4 50 72 30 61 19 9 32 47 28 20 48 14 5 31 22 2 3 41 70 36 34 8 48 11 7 13 30 8 29 25 17 87 19 41 3 40 70 51 34 40 5 40 10 9 15 4 1 10 12 10 30
7 0 36 9 7 6 82 11 5 60 27 0 0 26 0 58 23 56 26 2 10 64 2 19 18 19 57 38 67 9 59 38 58 15 0 11 2 46 44 56 0 48 27 34 59 48 25 39 1 68 21 52 45 40 44 23 66 30 25 29 39 33 65 0 4 31 23 20 21 10 35 52 84 8 6 27 51 38 8 19 75 34 26 1 66 37 34 70 38 3 29 6 23 17 2 10 3 18 34 34
16 5 50 35 5 13 88 13 9 72 6 1 0 6 36 29 38 14 58 8 5 66 24 79 21 55 66 52 71 17 57 33 21 1 8 10 2 61 21 73 0 25 26 51 69 5 57 7 7 15 2 58 0 39 43 14 15 4 44 59 67 9 47 9 5 36 18 71 58 28 28 19 5 8 26 40 36 16 13 19 15 4 6 4 45 69 5 64 86 4 36 8 5 15 2 14 10 8 51 42
6 6 54 41 6 5 18 19 15 70 11 1 0 18 76 21 42 51 7 19 9 53 7 4 22 0 40 12 28 5 10 28 4 64 11 0 3 37 51 74 6 46 29 37 51 11 34 56 6 59 56 57 6 47 71 27 9 54 5 69 27 33 81 1 6 24 58 61 10 24 32 64 16 8 13 34 21 9 19 9 54 21 11 2 22 89 52 67 51 3 47 4 26 19 4 7 6 1 27 8
0 9 53 8 1 3 61 11 62 21 8 1 1 35 1 42 23 78 56 14 0 53 10 6 19 16 69 41 30 10 13 22 12 54 4 11 9 60 5 42 6 74 47 21 4 24 71 73 1 21 21 65 39 0 79 8 70 53 35 28 38 3 2 24 6 20 0 47 37 31 36 9 33 7 25 52 36 46 35 16 84 42 22 8 6 61 34 32 83 2 48 1 17 12 8 0 7 6 24 36
0 2 30 51 9 6 80 8 21 43 14 0 0 26 29 58 37 82 20 30 9 32 18 13 1 58 17 51 70 19 35 32 20 6 10 20 10 66 21 5 4 64 8 58 64 34 13 73 7 0 63 57 53 9 2 3 62 1 5 23 28 15 75 21 0 36 7 20 50 11 32 58 42 11 1 12 30 60 2 10 57 24 32 2 8 38 7 37 64 2 40 5 12 7 7 14 7 11 26 30
25 14 30 71 5 13 26 16 28 0 16 1 1 26 94 75 43 49 18 27 1 58 8 79 29 19 42 42 0 3 0 24 51 6 13 7 11 45 22 57 0 49 2 15 7 41 74 53 7 28 11 9 17 31 28 16 70 19 49 76 37 6 75 1 3 61 44 18 22 31 5 29 85 8 22 42 49 66 32 1 48 34 17 6 11 61 11 68 63 8 12 7 26 13 8 3 1 7 35 13
2 11 34 53 1 7 17 14 55 32 21 1 1 27 30 85 26 70 1 0 3 33 37 32 7 23 13 58 59 7 45 28 45 71 8 18 3 54 7 23 0 42 14 47 9 50 37 59 1 16 27 11 59 41 43 28 23 27 37 63 12 18 37 6 5 17 1 71 27 39 4 78 62 3 25 45 42 1 3 13 15 28 25 3 31 69 2 19 66 8 22 11 17 19 7 4 6 4 34 16
14 8 32 64 8 1 67 20 36 56 18 1 1 24 56 78 41 72 70 3 8 10 9 75 33 44 81 55 38 19 50 33 32 33 2 17 11 22 55 54 2 4 36 65 61 60 47 42 0 32 40 23 53 45 58 45 49 33 17 3 4 17 11 20 0 56 34 78 2 26 4 35 27 0 4 16 23 84 21 3 45 27 35 5 65 0 40 30 58 3 10 10 8 21 0 2 0 13 27 22
3 3 36 60 7 11 50 2 19 17 9 1 1 35 93 4 22 93 26 29 8 50 27 14 29 54 24 34 12 11 22 35 11 21 2 5 7 34 29 52 5 16 25 7 63 25 72 41 4 32 44 80 55 14 50 30 30 4 43 10 30 23 75 12 5 19 43 47 45 1 35 60 41 4 10 20 3 69 27 2 62 16 42 8 6 9 34 43 18 2 27 7 13 17 0 4 7 9 11 42
21 11 45 47 4 1 15 0 20 25 4 1 1 27 96 61 25 56 51 1 13 10 24 57 21 52 85 35 9 3 19 31 25 38 8 18 23 25 38 0 2 78 49 20 63 10 50 4 2 50 15 27 45 29 21 42 38 0 61 77 47 23 50 4 2 52 49 13 25 37 1 5 76 9 17 31 13 69 17 4 15 42 41 8 37 41 31 49 81 8 40 2 5 14 4 3 5 20 7 12
15 11 34 81 4 4 6 0 41 82 17 0 1 4 54 30 33 10 61 21 6 35 20 21 30 26 9 4 38 16 44 1 23 55 0 16 25 10 43 10 2 69 12 23 58 13 65 16 4 17 56 16 32 31 69 1 28 38 68 19 2 24 36 23 0 25 29 6 40 37 21 31 44 7 17 26 23 14 12 2 77 10 32 5 28 0 41 79 34 7 40 9 10 13 1 8 10 4 27 16
23 7 42 13 4 14 8 12 67 82 29 0 0 23 87 45 11 41 44 1 14 49 15 22 31 10 26 58 8 5 5 49 32 38 1 17 12 20 26 16 4 10 23 64 48 28 29 52 0 50 77 5 34 43 12 31 52 27 22 4 75 41 37 6 3 6 48 18 54 39 28 9 20 5 23 28 5 15 17 17 68 44 20 0 65 0 41 53 71 6 31 6 13 20 5 2 7 0 44 22
20 12 20 53 2 4 95 7 3 40 20 0 1 42 1 51 26 58 78 3 12 8 9 23 42 0 46 36 51 7 22 7 31 23 7 11 7 48 18 74 1 31 16 35 34 3 64 48 7 67 44 71 53 31 48 45 29 14 13 19 66 22 54 13 4 33 11 41 1 25 33 21 61 6 25 41 49 46 29 18 7 45 21 2 62 40 45 22 15 2 26 11 12 1 6 0 7 14 23 31
2 4 48 18 8 7 31 0 16 64 30 1 0 17 11 9 23 93 36 22 5 30 31 76 29 39 0 5 77 9 39 21 30 12 12 1 3 16 36 62 2 41 32 62 26 39 67 46 7 25 73 81 12 9 7 38 37 30 9 69 6 19 8 8 4 6 53 65 2 12 7 11 24 9 16 33 9 67 16 15 28 36 4 3 13 81 13 8 69 6 23 4 13 6 5 8 4 9 2 36
2 14 29 63 5 6 10 13 21 10 25 0 0 23 10 31 9 51 1 32 0 56 0 2 31 50 5 46 37 0 25 53 17 34 0 19 27 68 49 73 3 61 10 4 11 50 48 66 6 67 46 38 68 17 40 37 40 3 76 3 7 42 44 11 2 14 39 62 37 0 15 46 60 9 18 0 24 22 8 10 12 44 5 2 40 59 5 80 14 6 22 8 19 18 7 4 4 18 32 30
18 2 9 80 6 4 57 10 44 62 5 1 1 27 0 63 4 40 17 4 5 62 16 69 41 37 18 32 6 14 51 46 46 14 13 14 27 3 6 37 1 18 14 72 25 58 53 70 1 53 28 11 63 6 27 44 33 47 36 12 78 15 30 19 1 18 47 12 0 13 18 4 8 7 24 14 56 49 11 6 85 22 25 6 20 43 34 30 54 10 45 7 25 4 7 11 1 5 52 15
24 13 39 53 6 7 93 6 60 66 31 0 0 19 2 4 6 82 12 13 4 58 20 58 29 2 65 16 74 17 47 28 0 55 12 4 23 36 38 32 2 16 29 68 48 61 41 62 2 6 41 5 13 20 55 30 45 28 38 13 80 6 81 22 5 20 21 77 43 31 18 11 3 1 29 53 53 7 5 23 16 37 22 3 8 15 8 9 93 0 26 7 2 2 0 6 6 7 38 7
0 0 15 14 3 14 0 3 61 78 30 0 0 2 44 68 42 44 62 23 3 54 10 45 28 22 60 32 77 17 57 31 34 51 1 6 25 5 54 39 3 36 44 3 20 18 31 12 1 5 39 55 32 41 22 24 2 58 76 31 19 40 73 25 4 10 2 52 56 17 22 26 24 9 21 39 6 53 12 14 33 33 35 3 11 62 3 93 4 8 31 10 4 19 3 1 6 1 39 7
2 13 5 26 4 13 56 1 7 47 22 0 1 36 22 85 10 49 67 28 11 2 28 52 14 30 13 23 23 10 33 2 6 59 9 6 11 56 21 3 6 24 23 2 12 21 18 7 1 21 19 24 8 35 48 17 12 36 65 18 39 41 54 21 4 18 35 24 29 25 7 78 5 0 29 27 26 79 15 17 11 6 35 1 9 71 6 89 58 11 20 3 20 20 4 6 0 12 3 14
14 2 43 77 1 2 94 2 14 30 22 1 0 14 25 66 42 60 75 3 14 46 30 9 39 54 7 60 27 15 22 48 3 13 6 5 3 24 22 72 0 38 21 24 63 20 53 64 4 28 10 62 1 32 8 31 47 1 44 61 19 40 33 6 3 26 20 18 40 35 3 23 28 6 10 0 49 0 15 1 17 5 34 4 8 24 0 77 47 4 23 7 11 23 6 9 8 13 17 37
