96 38
18 17 35 86 36 34 41 10 31 51 55 4 25 16 10 13 99 50 71 33 60 73 50 10 36 30 38 30 14 75 58 88 22 49 81 56 31 80
3 15 7 66 24 9 24 0 16 10 26 3 12 9 6 7 83 3 25 13 57 1 3 7 34 7 16 21 10 40 49 4 0 6 41 51 6 70
1 14 28 49 0 12 24 10 15 47 54 0 24 2 2 7 36 35 27 15 47 13 15 4 16 6 24 24 9 41 57 36 19 7 33 29 31 45
2 11 13 61 27 1 21 4 3 19 7 0 4 5 7 0 33 23 13 17 56 36 34 1 2 3 34 23 14 56 26 26 22 34 80 53 10 67
17 5 35 11 26 1 26 5 11 23 41 3 23 13 6 0 97 49 13 8 42 27 4 6 1 1 8 22 2 14 16 81 11 12 64 23 24 18
7 11 13 32 26 8 26 9 11 36 55 2 15 4 0 12 27 21 59 15 3 14 31 9 9 17 22 20 14 31 1 1 8 15 31 1 23 2
6 17 1 8 33 15 30 9 16 21 15 1 14 7 5 11 83 2 59 16 27 14 31 0 17 24 7 0 7 31 47 48 9 8 66 51 18 33
11 3 34 53 32 22 23 4 25 1 12 3 20 4 10 2 22 41 57 17 15 33 9 8 4 14 17 18 8 30 17 78 7 28 10 51 31 72
13 13 2 47 25 22 27 2 27 47 39 4 0 13 6 0 0 9 23 31 17 59 4 9 1 12 7 7 12 67 14 33 4 14 78 17 3 71
5 3 29 72 23 16 2 2 29 30 15 1 10 8 6 8 58 29 19 27 47 45 17 2 27 9 5 12 6 58 1 80 8 1 1 56 25 39
5 2 28 49 29 16 3 0 16 30 6 4 25 8 8 3 12 34 36 9 60 67 41 5 26 24 34 1 14 55 38 13 11 10 23 49 7 10
4 5 16 32 15 31 37 1 20 32 2 1 1 4 6 6 4 27 65 5 5 44 2 6 26 12 18 6 2 25 20 8 13 37 4 0 25 26
0 16 15 16 23 18 36 1 13 49 23 4 10 5 10 10 59 28 20 7 23 9 17 2 6 19 20 29 8 59 7 80 8 9 48 52 13 6
15 16 35 12 9 12 9 3 9 17 48 3 24 14 4 7 84 27 24 8 54 66 15 6 12 12 33 17 6 7 46 9 21 46 3 12 21 21
4 10 3 42 12 19 17 4 8 21 18 0 7 8 4 5 23 47 36 4 16 45 31 10 9 3 28 22 8 65 51 29 22 28 55 5 0 27
10 4 24 59 20 1 38 5 2 28 22 4 15 15 5 0 51 29 29 13 26 39 30 7 18 8 30 23 4 69 1 79 20 37 70 29 5 39
0 13 14 67 19 0 8 0 14 24 10 4 14 3 5 2 9 47 18 30 44 19 41 9 10 23 18 30 1 12 47 79 3 2 52 38 20 54
4 16 15 19 2 6 17 5 6 49 54 1 14 13 2 4 78 13 41 23 41 57 45 0 25 18 7 16 14 29 50 69 11 17 52 31 23 34
15 8 7 42 18 5 27 8 31 15 10 2 3 4 0 12 9 42 61 32 1 26 41 9 4 26 9 17 8 11 48 62 20 47 72 46 2 6
1 0 16 40 24 31 37 7 1 51 20 3 23 14 8 11 82 27 16 3 41 9 30 8 23 11 14 18 6 22 52 79 7 45 56 54 14 75
7 10 19 52 16 33 2 4 3 32 38 2 20 5 6 13 42 29 51 15 45 4 44 1 14 16 7 30 3 34 38 55 12 42 61 52 2 29
7 2 24 84 27 18 15 9 0 15 7 0 0 14 0 5 70 22 29 33 37 30 19 6 24 22 35 6 7 20 10 65 18 40 18 11 0 25
6 0 26 33 12 31 41 4 16 39 4 0 8 9 3 13 54 50 5 19 57 1 21 9 35 22 36 0 4 57 17 64 14 4 31 30 10 44
12 16 8 38 7 19 12 6 19 27 10 4 2 16 5 12 60 10 18 29 46 23 3 0 26 16 15 2 6 37 27 65 22 42 65 18 6 67
3 1 26 53 11 12 33 6 16 9 32 1 5 14 3 11 26 43 59 16 22 48 44 5 35 7 17 0 12 69 56 62 6 39 51 4 27 71
7 2 20 73 6 26 41 8 15 35 24 1 13 11 5 1 77 43 50 6 54 32 39 9 1 24 9 1 10 37 49 46 11 41 59 34 16 5
7 7 10 57 1 34 6 4 9 51 24 2 15 7 1 5 66 29 9 14 42 28 46 10 8 15 12 24 3 38 3 20 6 47 41 50 8 11
15 15 0 17 21 19 8 10 19 29 47 1 10 4 5 9 97 38 27 20 37 20 15 2 29 20 15 7 12 12 31 11 1 36 26 40 7 75
12 4 29 51 35 32 37 2 15 23 20 4 9 16 10 7 66 22 28 32 41 44 13 2 13 16 26 17 3 41 14 36 3 7 33 49 13 9
18 2 9 12 1 1 21 9 3 46 15 0 14 7 2 5 39 6 66 29 3 63 22 8 23 5 22 8 9 14 2 74 5 23 2 8 21 0
7 5 20 84 17 1 40 10 4 3 30 3 11 5 4 6 8 11 39 11 46 22 33 7 8 27 8 12 12 62 52 1 19 39 4 29 8 67
7 4 3 32 16 24 19 9 13 24 47 4 12 9 8 13 72 46 16 13 35 70 2 8 18 16 4 30 0 52 22 17 22 5 56 14 11 59
13 9 20 34 24 26 4 0 15 42 44 3 9 3 10 5 59 1 67 0 34 73 10 5 9 11 22 6 12 61 11 62 12 0 28 43 26 9
14 17 1 28 7 15 25 0 26 42 34 1 24 9 5 12 74 7 24 29 4 37 38 10 11 25 17 13 3 6 18 2 18 43 3 27 1 53
11 15 1 26 24 31 6 0 14 14 34 4 5 14 6 13 9 15 39 26 36 72 0 5 36 7 3 1 6 57 9 12 0 19 41 17 19 33
4 16 24 37 28 31 37 8 16 14 29 1 11 6 5 8 2 34 41 33 39 68 50 6 10 1 36 16 13 30 25 48 18 2 44 56 3 4
1 4 9 6 11 19 19 3 13 19 12 3 17 15 10 2 61 14 4 16 22 8 15 4 5 9 5 28 3 15 33 64 5 10 79 35 3 47
4 8 12 71 3 7 34 5 9 51 22 0 25 9 9 4 29 6 1 28 4 42 32 6 23 16 16 5 2 43 32 8 20 34 72 2 5 15
3 5 9 24 11 28 5 3 23 3 33 0 17 2 1 5 27 10 20 7 7 13 24 3 10 15 20 30 0 60 41 15 19 40 48 40 4 73
11 7 4 75 4 24 26 3 3 20 4 4 7 13 0 3 86 42 42 32 26 64 22 4 29 16 26 26 5 54 42 63 22 14 1 34 29 4
4 5 30 17 32 13 36 8 25 13 12 0 1 14 2 12 61 22 54 8 26 18 49 4 35 24 36 17 7 43 4 87 12 3 36 27 13 38
16 9 14 14 3 5 40 4 30 31 45 1 24 8 2 13 44 1 1 15 39 35 39 7 26 8 8 24 1 30 45 8 2 31 56 1 28 58
16 0 6 51 34 30 34 7 10 32 14 2 20 5 4 5 50 19 2 18 51 10 42 9 25 19 22 11 11 74 4 77 13 30 22 21 25 29
14 1 9 29 18 8 39 6 0 37 45 1 17 9 5 11 46 32 0 25 46 16 10 6 29 8 18 7 10 20 2 32 9 23 59 13 30 28
4 16 9 11 24 7 8 0 11 36 36 2 4 8 5 0 69 49 28 28 8 60 45 9 2 24 27 4 7 73 50 83 0 34 32 16 17 0
8 8 29 51 25 34 36 1 9 4 38 2 3 12 10 4 98 33 16 30 27 58 19 1 11 13 36 1 11 12 44 68 21 8 50 31 2 49
3 2 9 79 6 2 1 10 11 5 10 4 10 6 4 11 28 20 50 24 25 63 28 5 17 12 1 12 5 4 49 1 20 37 2 23 27 12
1 15 22 55 36 16 41 3 23 17 37 1 5 15 7 5 79 0 35 4 49 25 43 1 16 25 37 30 10 25 26 43 6 2 17 11 17 18
11 6 13 71 27 13 29 8 14 27 35 3 11 3 0 0 75 12 62 3 16 51 34 6 6 24 5 12 3 19 35 76 7 28 13 26 4 72
16 6 0 35 15 9 16 1 24 29 31 4 17 11 9 9 75 43 12 23 33 27 21 8 33 3 16 27 13 38 3 48 2 46 2 38 22 6
8 4 34 61 15 3 12 2 18 13 46 3 18 0 7 4 5 21 37 2 40 33 49 5 22 30 19 27 8 70 45 24 5 7 61 36 14 16
0 10 4 17 23 2 9 4 29 33 42 0 25 9 0 6 86 13 65 5 58 17 29 9 16 0 16 4 7 39 39 60 18 20 6 13 8 22
13 11 16 62 8 33 19 7 26 21 11 1 23 9 5 10 43 5 13 2 16 16 17 4 29 20 18 0 12 40 49 25 22 16 66 24 1 37
4 7 9 7 3 5 8 5 22 20 7 4 18 13 2 8 96 27 59 1 22 50 41 6 16 15 35 23 9 59 14 19 1 9 23 37 25 26
13 8 24 3 35 14 32 10 29 35 33 4 5 10 4 8 46 49 16 16 7 58 46 2 16 3 32 5 13 26 50 41 4 44 39 33 11 52
12 6 16 58 29 14 3 6 2 27 26 1 13 1 9 1 73 29 43 2 46 33 3 9 13 18 29 30 6 21 57 57 10 46 26 19 30 43
15 15 21 28 23 0 17 10 9 21 29 0 10 12 4 4 99 8 49 4 54 51 35 10 28 12 8 23 11 49 18 37 8 2 27 23 1 2
11 17 34 35 5 20 38 10 8 29 4 0 4 16 5 2 40 6 16 12 29 32 11 10 6 17 25 24 10 58 14 35 1 3 76 6 20 80
12 15 15 30 15 29 23 9 1 48 37 4 21 3 9 11 76 2 32 27 43 42 37 8 14 17 21 18 10 2 41 2 5 40 40 16 11 65
15 12 1 49 36 3 6 0 13 19 3 4 5 3 0 5 85 32 2 16 2 1 47 7 36 28 17 18 2 44 37 74 4 41 26 10 27 34
1 14 27 63 18 29 23 1 26 22 25 3 2 12 7 1 89 36 8 21 0 25 35 3 9 0 0 12 4 23 50 38 15 35 30 8 4 38
2 14 35 21 32 30 39 10 18 5 53 0 12 10 0 7 22 46 4 27 42 37 17 0 1 3 38 13 7 23 42 83 5 33 38 15 22 28
5 1 4 21 1 11 4 7 9 8 12 3 14 2 2 12 12 31 35 19 3 13 36 8 17 7 33 24 14 59 53 83 14 39 21 20 19 41
5 11 16 23 32 28 20 3 17 6 41 0 22 11 6 3 54 43 33 26 45 8 25 6 30 29 17 25 11 66 34 23 5 36 64 19 12 67
4 1 9 59 25 22 23 2 16 32 54 4 13 10 0 2 70 15 39 11 14 23 49 7 7 29 30 15 3 60 4 84 18 18 58 2 21 61
16 13 0 26 28 9 22 7 9 8 27 4 12 14 9 7 37 11 68 32 2 17 46 3 21 13 32 16 8 34 2 0 3 43 74 1 26 71
18 14 10 81 2 10 40 1 6 2 11 3 5 2 3 2 56 11 37 9 3 15 12 6 9 15 25 20 14 48 44 76 15 1 11 31 28 31
6 14 5 19 0 21 7 2 27 12 14 1 7 1 6 10 71 44 70 0 49 48 31 6 2 28 9 21 7 31 19 51 8 6 4 9 23 18
7 8 30 23 33 3 16 5 18 36 22 0 13 12 2 0 69 35 34 32 30 33 13 0 27 8 25 4 13 38 45 16 20 49 61 23 30 31
1 1 33 52 3 4 23 2 25 15 16 0 13 14 7 1 67 24 64 9 42 17 9 2 1 20 23 24 9 31 53 28 4 36 68 15 18 70
13 5 6 4 23 16 26 3 21 24 21 1 7 16 0 13 13 31 18 30 14 23 17 8 1 23 23 11 11 54 28 8 8 11 30 11 22 50
4 3 15 24 5 9 24 10 8 49 23 4 15 7 9 6 70 19 45 15 30 10 8 2 32 5 30 27 11 52 27 11 6 21 2 18 10 1
5 13 32 38 13 12 34 2 0 25 54 1 8 8 3 3 53 14 36 14 3 45 18 9 3 8 10 10 2 48 1 88 17 11 53 12 22 66
15 14 29 28 26 0 1 4 17 28 42 3 15 11 3 9 18 40 63 26 24 35 11 1 34 25 4 18 0 2 51 70 13 19 15 17 9 41
15 12 33 80 21 0 16 3 20 2 39 4 23 11 3 3 96 39 1 21 41 48 28 8 5 4 28 18 0 39 9 30 9 36 6 24 29 38
0 3 32 64 15 0 16 5 4 27 49 1 9 2 5 4 96 5 3 24 43 43 20 0 34 29 37 23 13 74 5 57 12 47 9 45 1 25
8 13 0 10 15 17 7 9 25 27 47 4 6 6 2 7 1 29 26 32 50 52 41 6 13 2 1 6 5 9 50 45 3 49 60 47 7 39
16 9 11 3 32 29 23 4 23 1 47 4 24 7 2 9 4 27 23 26 55 71 48 6 31 3 1 18 11 2 37 30 15 3 40 16 4 72
4 3 28 68 23 13 23 4 30 43 18 2 0 16 6 2 46 44 12 9 51 41 22 1 8 1 11 11 12 13 56 43 2 12 71 2 11 58
6 6 21 14 26 33 32 5 6 29 17 4 12 2 1 2 21 36 25 19 18 30 32 1 27 18 30 13 6 51 6 26 21 20 28 17 1 16
7 9 32 72 9 1 39 5 20 39 51 3 19 16 6 0 11 8 19 10 36 0 15 5 35 19 14 12 7 31 25 78 3 30 68 15 28 25
5 3 28 23 31 23 13 7 28 13 50 2 18 14 8 3 45 1 38 9 12 69 46 0 19 3 25 5 14 53 57 87 20 29 20 5 21 37
10 14 9 15 15 10 33 7 23 16 4 3 3 13 0 11 5 28 56 12 44 45 9 2 0 6 30 25 4 62 26 36 3 23 9 24 15 36
4 4 19 18 16 29 2 7 20 50 52 0 18 15 8 10 22 26 50 22 60 61 14 5 4 20 27 30 11 54 22 6 17 35 13 55 14 31
11 0 3 63 21 10 10 10 30 9 37 1 3 0 7 6 80 9 7 20 0 55 4 3 11 4 12 3 11 19 26 73 0 21 37 10 23 22
1 6 19 17 13 18 12 6 4 40 16 3 8 4 8 2 22 46 26 28 51 0 45 0 10 15 3 25 14 70 7 17 12 40 75 23 18 52
1 5 30 10 16 24 10 3 20 1 10 4 25 7 2 1 93 41 38 28 45 22 27 7 31 3 4 11 10 16 58 21 10 48 38 1 1 44
12 11 34 29 6 8 0 8 9 8 25 3 5 16 8 11 24 21 11 23 53 43 13 7 35 9 10 15 1 5 32 20 10 19 29 8 13 12
14 3 29 47 4 15 15 6 20 51 0 3 15 3 2 3 49 10 55 26 43 36 30 1 3 27 5 12 6 46 56 86 14 29 65 28 31 73
1 16 17 39 26 23 33 7 16 15 20 0 7 9 9 0 51 41 12 25 48 52 15 10 11 29 1 14 4 51 43 86 19 42 76 37 23 35
18 13 4 5 1 0 31 8 15 6 15 4 11 6 3 13 67 3 21 17 3 19 39 1 0 16 4 0 6 15 34 40 13 17 57 49 8 23
8 5 29 79 7 6 16 6 11 20 42 0 8 13 9 13 98 21 15 20 21 61 8 8 8 15 23 8 8 19 19 77 12 3 24 33 20 39
13 8 15 70 33 5 4 10 9 16 15 4 4 2 8 10 25 34 13 27 38 73 24 7 31 15 8 21 8 57 38 40 6 11 14 12 16 1
11 13 20 30 21 26 20 1 6 34 38 0 13 10 9 0 80 35 38 26 23 30 26 3 34 7 20 26 8 35 30 67 22 30 73 8 13 13
9 4 11 74 1 11 40 9 6 32 34 3 22 4 3 0 84 23 25 21 44 24 5 10 12 19 22 30 7 60 53 45 16 8 36 37 6 12
12 7 8 42 16 17 33 2 29 1 11 2 17 7 3 0 83 26 25 3 52 73 18 8 18 11 0 26 14 7 52 78 4 32 47 4 29 35
18 10 13 54 27 25 13 7 26 33 34 4 17 0 6 13 56 21 50 9 5 36 7 10 22 28 10 25 7 16 40 25 9 41 70 37 4 19
