100 100
100 100 100 100 100 100 100 100 100 100 100 100 100 100 100 100 100 100 100 100 100 100 100 100 100 100 100 100 100 100 100 100 100 100 100 100 100 100 100 100 100 100 100 100 100 100 100 100 100 100 100 100 100 100 100 100 100 100 100 100 100 100 100 100 100 100 100 100 100 100 100 100 100 100 100 100 100 100 100 100 100 100 100 100 100 100 100 100 100 100 100 100 100 100 100 100 100 100 100 100
100 100 15 13 26 100 19 66 100 55 100 100 68 61 45 4 0 94 100 13 82 59 100 100 100 100 100 64 67 100 100 100 100 96 13 57 57 37 100 100 100 100 100 100 8 12 100 100 100 56 100 46 9 73 100 41 10 100 100 85 100 95 36 100 45 100 100 100 100 100 89 96 100 100 96 100 100 56 100 74 12 29 23 22 100 59 100 97 58 50 100 17 40 39 3 39 22 78 100 100
100 100 100 0 100 100 9 100 34 2 100 100 27 80 51 100 93 100 100 100 46 19 23 85 79 100 100 58 100 96 53 17 22 100 29 46 100 100 100 51 100 100 100 100 88 71 84 100 18 100 100 100 100 92 54 100 32 100 98 100 11 12 66 0 100 100 100 10 59 74 46 62 100 100 59 7 83 100 100 69 54 69 44 39 100 100 100 100 29 100 100 92 82 97 43 100 100 100 53 41
74 100 100 84 19 21 6 47 75 22 100 100 51 100 95 100 100 100 100 100 100 46 100 100 100 100 100 100 100 72 34 27 100 53 100 88 5 100 100 54 71 95 66 22 100 45 100 92 68 57 88 78 100 33 96 76 27 100 100 100 100 100 10 100 72 100 100 100 42 41 100 4 42 100 27 100 61 100 100 67 26 52 82 82 96 87 100 100 100 62 100 100 48 100 100 100 88 100 100 100
100 100 100 100 54 47 20 100 100 91 0 100 100 100 100 50 100 47 69 13 100 87 0 51 6 100 100 100 85 100 100 47 10 59 100 34 100 100 67 100 31 100 100 100 100 100 3 64 100 100 100 100 19 100 100 100 100 75 18 91 30 100 100 1 100 100 52 11 86 100 100 100 100 44 100 24 4 96 3 85 100 100 100 100 100 64 83 100 48 100 57 18 46 100 100 52 68 100 100 100
35 100 11 72 100 100 100 64 3 90 90 53 83 25 100 100 100 100 100 100 100 40 61 6 100 100 65 100 94 85 100 28 55 100 100 100 59 100 46 13 100 92 100 73 100 100 98 100 100 100 88 100 45 88 83 100 67 100 100 77 83 64 67 1 100 100 22 84 100 49 100 100 98 100 100 9 97 73 100 100 100 100 48 100 100 100 100 78 100 68 78 71 100 88 100 75 100 12 100 67
100 36 7 100 100 100 100 67 100 100 3 100 26 100 11 100 100 50 40 3 10 100 10 53 16 21 24 100 100 60 26 100 100 52 50 100 100 100 32 80 33 5 100 100 2 100 84 8 100 100 47 55 100 17 25 50 100 4 83 100 87 76 98 88 71 100 10 100 100 74 54 69 100 85 88 29 95 100 100 100 2 10 82 100 100 51 92 100 100 100 100 22 11 17 31 100 100 100 100 29
100 87 100 1 68 100 100 100 100 49 100 56 49 100 64 100 73 100 100 100 100 36 85 19 37 11 84 16 39 100 34 51 20 100 100 100 44 100 100 100 100 100 100 42 28 100 100 100 100 100 90 100 100 100 100 100 89 100 6 19 100 47 41 100 100 100 50 13 100 100 74 100 33 100 100 48 82 4 100 67 100 100 73 85 100 100 100 17 63 100 100 2 10 60 50 40 100 100 0 78
61 28 100 5 100 100 100 5 100 92 60 100 100 100 100 100 35 100 100 53 1 79 100 100 36 100 100 28 99 100 80 68 100 100 32 59 100 100 100 100 100 100 8 100 96 42 52 83 100 100 100 100 88 36 11 100 41 100 18 100 100 100 21 100 65 22 100 89 67 82 97 100 100 16 100 100 6 58 100 58 100 39 0 41 64 100 100 100 100 100 21 100 25 100 100 100 2 4 65 100
100 100 100 100 74 4 97 100 18 100 100 100 72 100 100 100 100 10 48 100 100 100 36 100 85 100 15 100 100 100 100 2 23 14 11 100 100 100 100 100 45 71 100 100 100 57 100 49 100 92 100 96 52 72 42 80 4 100 100 100 96 100 33 21 99 100 100 36 100 8 100 13 100 100 41 72 100 100 100 100 34 95 45 100 75 100 100 100 77 100 1 100 100 16 7 100 81 100 49 91
74 100 71 100 100 57 100 86 73 100 22 22 59 41 100 2 100 81 36 100 100 100 100 100 43 100 100 100 0 100 100 15 100 100 100 52 82 100 31 26 96 100 100 28 100 100 3 100 15 100 42 76 100 100 12 2 100 100 100 17 100 100 100 100 41 13 85 100 19 100 3 62 100 100 100 100 100 74 64 48 53 100 100 100 100 100 100 100 53 46 88 100 81 65 100 100 21 54 100 100
100 44 100 100 28 81 100 100 100 52 100 100 93 100 78 93 64 100 94 5 19 82 100 100 76 63 33 100 83 31 100 100 13 4 100 58 21 34 100 39 21 100 100 100 19 83 38 18 22 100 100 51 100 100 100 35 100 51 77 71 2 83 100 31 77 100 4 3 1 100 100 13 37 100 8 100 100 100 89 100 90 100 70 100 100 36 100 100 100 100 97 2 32 100 32 100 79 100 83 100
6 64 28 13 100 36 100 40 91 57 21 100 10 25 100 100 10 75 100 100 26 100 39 33 100 2 100 93 100 58 3 100 100 48 15 47 16 100 27 100 23 8 58 100 100 95 100 95 100 100 44 61 100 30 15 100 40 99 35 100 100 71 100 0 100 100 100 31 100 100 24 100 82 100 100 100 79 67 88 100 68 100 47 50 8 38 100 100 100 60 100 58 100 49 100 100 100 96 44 33
87 100 100 44 24 0 100 100 100 80 99 100 44 100 10 41 46 10 100 100 100 100 100 7 76 100 16 53 17 100 100 100 31 62 99 100 60 56 100 1 4 100 53 74 46 66 100 73 85 100 45 73 100 94 64 57 100 84 47 50 100 17 100 15 15 100 100 72 100 100 4 85 15 37 92 47 44 4 50 100 100 27 100 100 100 6 100 100 41 100 100 59 78 100 100 100 100 100 100 87
3 100 100 17 100 100 100 98 100 100 29 100 100 11 7 100 100 100 47 46 100 80 86 100 69 100 100 51 63 29 100 100 11 100 61 100 47 100 100 34 100 36 100 100 100 100 2 22 100 10 100 59 2 42 99 40 86 1 52 64 100 100 100 100 100 19 100 100 32 100 15 1 100 20 100 1 91 82 11 100 100 100 100 100 100 100 100 94 77 100 87 49 100 100 16 60 100 100 33 100
100 9 100 93 100 100 91 3 30 100 100 100 100 100 100 86 18 92 75 100 93 59 100 100 68 100 62 38 100 4 100 100 80 100 72 5 100 100 45 62 62 89 66 100 100 100 22 100 98 100 100 100 44 100 100 91 100 100 100 2 64 100 100 85 98 100 86 23 100 53 100 100 100 100 88 100 38 34 57 100 100 100 100 100 100 100 5 100 12 42 100 18 100 100 58 97 20 100 90 100
46 100 100 100 66 35 85 100 100 25 100 100 31 100 100 100 100 23 6 100 17 100 100 77 100 100 98 100 14 44 100 100 100 100 100 36 17 46 38 0 100 89 0 0 80 100 80 100 100 100 54 82 28 31 100 45 100 67 94 1 100 78 16 100 100 100 100 15 6 79 44 100 100 24 100 40 63 100 99 100 53 100 100 100 100 46 100 100 100 25 100 100 100 30 100 100 28 100 2 70
26 100 100 57 2 100 100 77 79 65 3 41 100 33 100 12 62 100 52 100 100 100 100 8 62 38 100 100 100 45 92 100 100 100 100 54 32 34 41 100 51 100 74 96 100 4 100 100 100 81 6 100 45 100 100 89 100 100 100 100 35 100 100 77 19 23 100 29 100 15 1 100 39 100 100 100 67 100 100 100 100 100 13 100 100 96 67 100 100 100 100 41 100 100 100 2 3 57 100 77
38 47 12 82 34 43 100 31 90 60 35 75 100 4 100 100 100 100 69 7 100 100 47 52 100 100 59 100 100 47 100 100 39 76 100 100 24 9 50 75 27 100 11 94 100 100 100 0 100 100 100 24 100 17 100 52 100 100 98 43 39 100 98 100 100 46 50 45 67 45 37 100 11 4 24 60 37 100 100 67 21 100 35 100 100 36 100 100 93 78 58 100 100 100 36 100 17 25 40 100
67 54 100 100 67 97 100 100 100 100 100 100 20 100 100 100 100 32 87 18 100 96 26 65 100 57 100 95 100 100 33 100 3 79 7 4 60 57 15 94 100 100 100 19 7 50 98 77 100 100 74 97 70 72 100 35 23 42 100 100 27 100 100 93 100 100 76 100 100 100 75 100 100 100 100 30 100 100 93 100 87 100 100 44 41 100 98 10 67 35 100 100 72 100 100 100 83 100 56 97
94 100 100 62 83 100 16 37 100 100 100 100 100 97 35 100 100 95 100 91 46 100 100 100 60 100 100 100 100 100 100 100 100 7 100 100 100 50 100 52 100 100 16 100 100 28 100 82 28 13 8 62 76 52 100 50 100 100 9 100 100 100 17 100 100 100 13 100 39 100 49 100 64 38 100 100 100 90 100 100 100 78 100 48 100 9 100 12 100 100 100 51 100 100 80 100 100 97 50 63
38 100 100 27 94 100 100 100 70 100 93 100 100 80 60 100 100 16 100 18 100 64 100 72 100 51 100 21 54 100 17 43 100 100 100 42 100 18 100 100 85 100 44 100 91 9 17 100 100 100 27 100 52 100 100 100 64 51 100 100 17 100 92 93 13 53 100 100 2 100 100 30 100 100 47 16 100 100 56 98 20 100 27 86 0 22 13 69 100 100 93 92 100 100 100 100 83 12 9 90
86 100 33 9 23 16 100 54 100 100 85 28 40 11 100 99 14 100 100 100 83 100 100 100 100 99 100 100 59 45 77 100 100 100 100 100 10 100 100 47 100 53 100 100 100 100 100 100 100 22 54 80 39 68 7 8 100 100 17 20 81 100 100 66 81 100 23 89 52 100 100 100 74 100 30 41 43 44 100 30 100 100 100 87 100 100 17 12 50 100 60 19 100 100 100 100 100 100 22 99
63 34 43 100 73 100 24 46 100 45 100 100 100 62 63 29 100 43 57 100 89 100 12 100 93 43 47 24 50 100 100 67 18 100 95 100 100 37 100 100 100 100 100 100 61 100 100 100 72 100 41 100 53 12 100 85 100 100 100 100 100 37 100 13 22 100 72 100 34 17 39 55 100 88 100 100 100 54 100 100 19 65 100 100 46 100 68 73 100 100 43 100 100 100 100 100 77 100 52 100
4 100 70 100 91 100 68 100 100 58 100 43 100 100 11 100 100 100 30 68 14 17 46 37 70 100 100 22 90 100 33 100 11 28 67 100 35 53 22 100 28 100 86 83 100 100 16 100 33 100 100 87 100 100 8 100 82 100 100 27 100 100 100 100 100 27 100 100 100 4 100 80 100 100 68 100 40 100 100 7 3 86 100 22 91 24 100 72 100 100 70 100 100 100 94 44 34 100 84 74
100 57 100 100 100 81 88 100 8 100 85 100 100 27 100 100 100 100 84 100 30 100 71 100 47 49 42 100 53 100 100 93 57 31 40 68 27 39 100 88 1 60 27 100 100 100 100 5 59 35 100 67 53 90 0 46 48 100 100 63 56 100 83 100 100 86 100 34 34 5 16 100 100 64 100 100 100 100 48 49 100 100 46 100 21 100 100 100 100 100 100 2 100 27 100 96 50 64 63 41
63 100 87 100 91 78 78 38 100 100 17 45 100 25 100 71 79 100 100 21 0 100 100 92 56 1 100 87 100 100 33 100 72 80 72 100 33 92 80 64 66 95 54 100 100 100 100 100 100 8 100 100 100 100 100 100 25 100 49 100 100 100 100 34 28 76 100 2 40 100 100 57 4 9 100 100 87 100 100 100 100 100 15 100 97 41 54 71 26 100 57 100 100 100 100 71 100 100 100 33
100 100 99 24 100 74 83 100 100 82 46 100 100 100 6 47 100 100 62 100 1 100 90 100 18 61 86 100 3 33 100 63 100 100 84 77 100 100 100 80 37 17 100 100 100 100 100 100 100 100 97 100 38 100 26 100 20 100 33 100 100 52 100 100 100 67 100 100 100 64 100 100 55 76 100 36 100 100 39 100 89 100 81 97 100 60 100 68 100 100 91 100 19 98 100 100 62 19 50 35
100 61 100 100 100 14 44 100 100 100 100 35 100 100 46 100 50 100 59 98 100 100 100 100 35 100 44 100 96 40 100 100 100 100 67 100 82 2 100 100 81 100 100 100 100 75 100 100 100 100 100 58 59 100 1 100 100 100 85 63 1 12 100 55 85 100 100 98 66 100 100 100 100 100 83 49 100 100 35 100 100 100 100 67 100 23 100 100 44 58 35 47 100 43 100 100 100 100 37 36
100 100 100 65 100 100 100 100 100 36 50 100 100 40 100 86 36 100 100 66 53 100 100 35 74 60 100 100 46 100 97 100 100 100 100 22 100 100 100 53 50 100 34 44 100 100 55 100 96 67 100 100 84 100 58 100 100 100 100 9 64 9 27 76 100 100 100 45 15 80 100 4 85 78 72 100 14 100 47 65 100 100 32 57 20 10 100 100 100 29 54 100 100 78 89 83 55 100 81 71
100 100 2 100 57 100 33 90 100 100 8 28 74 10 100 24 84 100 100 100 100 64 0 81 66 100 69 4 100 100 65 100 100 100 24 100 8 100 100 100 100 80 100 100 67 100 29 22 100 100 49 17 11 5 37 92 100 100 100 8 49 100 35 100 100 25 84 97 100 100 100 100 58 73 100 74 100 100 19 100 100 1 26 58 100 75 100 100 41 10 100 100 65 100 100 64 100 74 100 0
100 51 100 100 75 100 100 40 47 100 90 100 100 85 100 100 100 62 77 100 100 52 100 56 33 100 30 100 61 100 82 36 87 100 97 100 100 100 100 100 59 100 16 100 100 100 80 100 88 3 94 47 96 45 100 100 100 100 100 100 100 100 100 2 45 100 100 100 100 100 55 100 31 100 74 30 100 69 100 55 100 100 66 54 91 100 100 100 100 100 62 5 18 100 100 100 100 80 100 14
32 100 26 100 100 93 4 100 100 15 100 100 89 100 100 100 100 11 100 7 100 100 30 100 85 100 77 100 100 56 4 66 56 100 100 100 53 100 100 100 33 73 100 73 100 10 49 100 79 60 100 100 87 100 95 100 79 21 100 100 11 100 100 28 100 100 91 100 13 73 100 68 2 28 100 100 44 21 100 41 100 100 100 100 24 47 100 100 22 100 32 96 61 32 100 48 100 89 94 100
100 100 87 100 100 100 100 7 100 100 98 100 14 44 17 2 11 10 93 83 28 100 100 10 100 100 63 100 100 70 31 54 34 69 100 100 100 8 100 48 42 100 88 62 100 20 100 100 76 100 100 55 100 100 100 100 37 100 89 100 52 100 87 24 100 100 92 100 22 100 11 100 100 92 100 4 100 100 100 100 89 97 100 84 3 100 71 10 100 54 100 2 100 100 100 84 86 100 90 69
47 10 89 67 52 100 100 16 74 100 50 55 70 100 57 100 13 22 87 100 45 100 100 56 100 100 100 100 4 100 19 89 43 66 100 100 14 100 63 100 86 100 73 100 100 77 100 100 100 60 100 100 100 100 94 100 100 100 75 47 100 100 100 100 100 100 100 100 100 100 71 100 100 100 59 100 100 46 2 100 44 100 100 9 100 64 48 43 100 100 100 100 8 100 97 10 4 100 37 97
60 97 100 70 95 100 40 100 94 100 100 65 100 100 1 100 100 100 100 82 61 44 100 100 12 100 91 27 1 100 100 50 34 100 100 100 70 100 100 72 85 100 100 95 16 50 100 37 49 94 80 79 95 100 44 100 33 100 100 60 50 41 84 66 100 100 100 59 90 80 100 100 100 29 100 100 100 28 100 100 100 4 97 100 93 96 80 12 100 12 14 100 100 100 100 100 100 100 33 100
100 47 95 100 44 100 100 100 86 100 100 18 100 74 100 98 100 90 4 90 40 17 100 100 100 100 78 35 100 100 100 20 100 2 100 70 91 61 85 100 100 100 60 87 80 100 21 100 61 29 45 53 100 9 100 39 100 59 100 100 100 27 27 54 100 65 45 50 100 29 100 100 96 55 12 100 100 85 100 100 100 65 100 73 66 100 57 100 80 70 100 100 91 100 67 68 50 100 21 47
32 62 100 75 100 55 34 100 100 100 100 100 10 18 100 89 100 100 100 32 69 6 100 29 93 60 22 60 34 81 100 100 100 59 94 100 42 72 100 100 17 100 27 100 100 41 100 100 25 100 100 100 100 100 92 100 18 38 100 100 100 51 100 69 22 100 32 100 100 100 100 100 25 100 90 37 70 100 42 82 100 72 76 80 21 43 45 100 93 100 72 1 69 51 60 100 100 11 79 98
23 100 100 45 100 100 100 100 50 100 44 100 100 26 100 57 100 100 100 100 100 70 100 100 100 70 100 100 80 100 100 100 40 26 100 100 100 6 100 30 58 100 100 16 14 76 63 70 52 100 48 65 100 100 100 100 100 68 38 48 100 100 100 69 20 100 100 45 70 63 100 11 100 18 12 68 100 100 100 100 100 25 100 100 100 100 18 100 100 1 6 100 39 100 100 100 29 100 24 100
87 78 100 100 100 100 100 100 80 100 100 100 30 23 100 2 12 98 100 72 1 55 100 61 100 100 21 100 53 96 21 50 100 77 100 26 50 100 45 100 100 54 96 100 27 95 38 22 100 100 64 99 70 15 100 100 100 100 64 5 40 100 100 13 100 39 100 100 100 18 100 94 100 100 32 100 100 90 13 9 100 15 48 22 16 42 100 100 96 10 5 62 100 100 33 100 76 54 100 14
2 100 100 62 100 64 100 95 100 100 100 100 17 100 73 64 55 100 100 10 100 15 21 100 89 62 57 100 67 100 100 54 59 20 100 3 100 23 100 100 5 92 73 100 47 100 16 71 37 100 45 99 100 100 100 100 100 100 27 91 100 32 100 100 100 100 24 33 33 100 100 100 65 100 54 100 86 66 100 100 100 53 100 14 100 100 100 49 100 100 54 100 100 35 100 100 57 88 100 32
100 2 58 100 100 100 73 100 90 100 69 68 23 73 23 100 100 79 63 9 30 100 97 7 100 95 4 100 61 100 100 100 86 100 0 100 100 100 100 75 100 75 99 12 100 81 100 100 17 40 100 28 100 100 100 32 53 100 59 19 61 16 0 100 10 100 69 68 100 12 100 100 22 100 19 100 61 66 83 100 69 68 100 100 23 16 100 100 100 46 100 82 58 45 66 100 100 42 100 78
100 100 1 100 100 100 100 100 100 7 100 100 100 100 58 100 15 100 85 100 100 100 16 100 43 35 100 100 47 100 100 100 100 96 100 69 81 100 44 48 14 100 100 100 30 100 36 67 100 54 16 100 100 100 100 19 100 100 100 38 100 77 100 100 56 100 98 100 100 100 100 29 100 0 100 71 100 100 100 100 93 54 100 99 100 6 100 100 27 2 60 3 39 100 100 93 74 98 100 41
80 100 100 50 52 7 100 57 100 100 100 100 100 6 100 28 100 100 65 100 100 100 78 40 10 100 100 100 15 38 20 96 100 47 100 100 62 100 100 100 98 77 100 26 91 88 100 90 36 100 54 45 21 27 100 67 4 100 100 0 100 100 100 63 100 100 100 76 100 100 100 95 100 100 41 26 100 100 21 71 100 66 46 100 100 100 100 67 100 98 19 100 100 100 77 100 100 13 45 100
9 45 84 100 100 100 100 96 77 77 100 100 100 100 100 8 100 68 100 100 100 100 72 100 38 100 100 100 100 100 61 19 42 38 100 74 100 100 12 46 38 73 100 100 100 100 100 100 68 52 22 97 4 94 97 65 56 75 11 100 93 100 60 18 45 100 20 100 61 100 100 100 100 100 100 100 56 89 27 69 100 89 14 26 28 100 79 100 100 100 5 62 100 100 100 100 39 85 100 99
55 22 100 100 100 100 73 100 100 92 100 100 5 100 68 100 67 100 43 100 100 16 100 100 100 100 48 100 100 100 100 97 100 100 91 5 48 2 33 100 11 100 88 100 100 9 100 12 100 100 89 92 100 100 83 84 100 31 100 100 16 100 100 37 100 100 100 100 100 100 55 100 46 100 39 53 7 100 100 50 100 78 66 25 100 53 27 100 100 8 100 100 4 100 95 100 100 100 100 19
100 100 100 100 100 67 9 89 100 44 100 24 66 100 100 51 100 44 23 100 100 100 65 7 100 44 15 28 100 10 100 100 56 100 100 68 100 51 100 26 100 100 21 100 100 39 51 100 100 100 100 100 64 100 100 5 21 100 100 100 19 100 44 100 42 100 31 100 78 100 38 100 100 45 83 32 73 100 100 73 100 72 100 100 60 51 100 18 100 100 80 100 100 92 30 7 100 100 100 100
100 100 100 100 100 22 24 100 100 100 100 35 100 93 100 100 100 100 93 100 100 100 26 30 84 100 100 100 87 48 11 71 64 100 100 100 100 57 15 77 100 43 74 100 100 54 100 100 15 100 17 100 100 100 100 100 100 100 100 35 35 100 39 80 100 100 99 77 60 100 100 56 100 69 100 100 18 50 29 100 100 100 100 92 100 100 59 100 100 45 91 100 7 100 100 100 80 77 91 49
100 100 13 100 100 86 75 35 100 100 83 46 54 31 69 86 100 100 100 35 17 6 100 62 100 100 100 57 100 100 100 61 81 100 100 100 14 100 100 100 100 5 100 100 73 100 58 100 72 51 52 100 100 96 21 29 34 67 100 45 100 100 76 88 91 100 100 35 44 15 33 100 100 55 100 88 94 100 54 71 36 100 59 74 10 45 91 86 52 60 100 22 100 97 87 42 100 100 23 100
100 39 34 100 100 45 70 1 29 100 100 100 100 100 40 100 9 21 10 100 100 28 99 49 6 92 53 100 20 91 51 7 100 62 37 100 51 5 64 35 23 37 48 100 62 100 91 79 100 23 19 78 97 100 100 22 100 100 100 46 100 100 43 40 60 39 100 100 7 70 100 42 47 4 100 88 100 4 100 73 54 100 83 50 100 45 29 100 21 16 100 100 100 31 100 100 100 70 100 100
100 99 38 46 100 100 100 100 100 100 48 7 51 92 100 100 100 34 100 63 100 7 100 100 8 5 100 100 100 15 100 81 62 13 100 72 63 65 53 28 100 20 50 44 100 37 17 100 40 100 57 23 100 28 7 70 89 100 100 100 100 90 100 15 13 62 80 38 3 24 100 63 28 100 100 5 73 62 7 57 100 67 100 2 48 93 100 100 43 95 100 1 100 100 100 100 7 91 100 96
16 25 67 100 16 49 13 100 100 100 100 62 100 77 1 100 49 100 100 22 11 6 29 100 6 23 56 100 100 25 25 100 100 26 100 18 100 19 15 100 40 5 100 1 100 100 22 100 100 46 75 100 100 67 100 51 100 15 100 6 100 94 92 100 100 100 70 99 60 66 17 100 100 100 46 46 100 100 100 68 12 61 45 100 8 100 100 100 100 100 100 55 100 100 100 50 100 13 100 100
44 100 20 100 47 100 100 100 39 100 100 91 75 100 100 100 100 64 100 41 80 42 6 100 100 72 100 100 100 29 100 100 97 100 6 100 100 2 100 73 100 28 100 100 14 64 19 41 86 54 21 100 95 82 100 100 100 100 97 100 100 100 100 100 1 24 100 39 100 100 11 19 20 100 98 84 41 36 100 95 98 100 45 100 62 100 98 48 11 49 100 100 26 1 100 100 100 73 98 41
51 100 55 79 79 100 100 61 100 20 11 42 100 100 90 100 15 28 100 63 100 100 55 9 25 100 76 100 100 27 40 100 100 43 65 100 100 94 98 100 100 100 77 77 100 59 100 85 100 100 100 10 100 100 50 17 80 22 40 18 96 35 9 74 100 100 100 27 100 99 100 100 100 100 98 24 100 81 84 92 100 100 100 100 70 42 43 63 25 100 5 100 63 99 100 41 100 34 100 38
86 100 100 68 100 100 100 100 30 100 25 98 6 100 100 43 70 100 100 73 15 51 43 100 30 100 100 100 100 100 100 100 100 100 100 87 97 89 100 16 100 100 27 100 8 85 100 81 100 100 98 46 13 6 38 100 100 72 60 100 91 100 100 100 100 50 41 84 94 15 13 100 43 77 100 100 14 100 11 100 100 43 100 100 100 100 100 100 69 47 63 13 44 84 84 7 100 66 100 100
100 100 16 64 100 65 82 100 100 52 86 100 51 100 100 100 9 100 16 19 46 100 100 100 89 10 1 100 100 100 97 52 25 100 27 83 73 11 22 90 20 14 100 57 39 19 60 100 100 63 100 100 100 100 100 76 19 100 100 100 100 100 76 21 75 66 75 67 53 34 100 100 100 100 10 100 90 5 37 28 37 84 35 56 99 100 100 79 92 100 100 9 70 99 98 100 72 14 100 100
100 100 62 100 100 100 100 37 16 7 29 100 100 100 100 100 23 67 28 100 100 100 29 100 86 91 46 73 100 100 61 100 2 100 100 9 22 100 100 43 57 100 100 23 50 96 77 100 100 80 100 92 100 100 43 100 100 7 100 16 85 41 100 3 100 25 100 58 84 85 63 66 100 96 100 40 100 15 100 74 26 67 100 77 52 39 36 82 64 100 68 100 73 56 100 74 100 100 73 32
100 62 100 0 79 72 97 82 100 100 24 100 43 6 100 58 77 28 99 100 99 57 4 100 28 100 95 54 100 100 6 80 48 100 77 100 17 100 69 100 95 100 100 52 100 34 73 35 100 9 90 92 94 100 100 100 75 39 100 100 100 100 100 47 54 100 37 100 100 100 100 100 100 0 100 50 100 10 51 38 21 100 50 28 100 100 90 100 43 100 89 100 100 100 100 100 100 48 42 34
52 84 84 56 59 76 50 28 23 8 90 100 100 59 100 72 100 15 100 33 100 100 100 0 34 100 100 73 100 100 65 39 5 100 100 100 100 100 50 20 85 24 61 100 24 90 100 100 8 97 92 100 19 100 23 100 53 80 100 100 50 100 100 100 100 78 47 78 100 85 23 66 98 92 41 100 97 16 59 16 98 100 100 100 83 100 34 40 100 100 81 100 100 70 26 100 100 100 100 58
100 3 100 97 100 31 100 100 100 100 100 47 52 100 0 100 69 58 19 100 100 100 100 93 100 66 100 100 32 100 38 64 42 100 31 100 71 100 92 100 8 100 100 0 100 6 100 100 100 100 100 100 100 75 100 100 2 100 59 100 100 87 70 1 83 90 56 27 100 100 100 95 50 100 26 88 90 100 100 100 100 100 100 56 27 30 44 54 98 18 39 21 100 8 100 100 100 100 10 100
100 100 100 70 13 42 92 53 100 49 2 100 66 89 71 100 82 100 79 100 100 74 24 61 100 100 100 81 18 37 100 100 17 63 94 81 100 82 0 50 78 82 100 83 65 100 100 26 100 70 100 5 100 100 100 100 100 63 40 100 23 22 100 100 46 17 100 100 100 67 63 100 1 100 65 100 100 100 100 100 33 100 18 100 90 100 24 89 19 18 93 17 100 29 96 20 100 40 62 44
24 99 61 39 100 5 100 89 92 62 43 35 67 100 100 100 100 22 100 100 42 59 95 70 100 94 100 100 85 100 7 9 100 100 56 100 100 15 100 30 100 78 18 64 100 100 0 100 96 17 100 62 22 100 80 74 6 65 100 100 100 6 47 100 100 46 100 100 62 100 100 44 3 69 100 100 100 100 100 100 100 78 100 100 100 39 18 100 23 71 100 100 100 100 86 2 63 100 36 100
100 30 100 75 100 100 4 97 54 100 100 100 67 65 69 45 100 100 69 62 79 100 100 100 67 64 100 100 100 13 100 100 55 100 35 100 100 100 65 17 68 100 27 5 100 100 100 100 85 92 100 100 56 100 100 100 10 10 100 0 88 100 100 100 99 16 33 54 100 100 5 100 100 88 55 100 3 100 22 45 100 84 100 37 81 100 10 100 100 100 2 100 72 100 83 26 100 100 19 61
11 2 100 100 100 65 61 16 19 84 100 100 29 100 4 100 70 100 87 100 100 94 100 100 100 100 100 100 63 75 100 14 100 76 88 100 99 100 100 100 2 100 54 60 83 1 100 100 39 100 74 41 42 54 100 100 100 3 100 97 26 16 100 29 52 100 9 82 93 100 28 100 0 100 16 100 53 100 30 21 88 100 53 100 68 40 100 100 100 100 100 86 100 84 99 51 100 73 100 100
100 100 47 81 89 57 100 100 100 90 100 100 12 42 100 16 54 100 12 80 26 47 100 28 37 4 100 44 100 89 37 100 87 100 100 55 48 61 100 100 29 100 100 100 0 100 100 99 100 65 100 100 100 100 100 100 74 22 71 100 100 100 100 100 100 100 100 100 59 100 100 29 100 82 100 100 100 37 59 95 100 18 51 100 100 3 100 59 100 48 100 70 100 100 98 34 100 100 100 100
100 100 100 100 5 98 6 38 100 6 100 93 16 100 66 100 35 28 75 23 58 19 47 100 89 94 51 100 68 63 100 75 1 100 100 100 100 100 100 16 100 64 87 75 100 100 100 38 66 55 100 33 100 41 6 100 44 88 8 100 100 100 27 100 8 100 100 100 100 100 15 100 62 32 100 100 100 100 39 100 100 73 100 100 23 100 100 100 100 100 49 46 100 32 100 100 100 100 80 100
88 15 100 85 51 100 13 23 13 51 48 15 46 100 81 75 100 100 100 50 100 26 27 62 100 81 76 100 11 100 100 20 100 62 80 100 52 10 100 97 100 100 58 100 75 56 21 28 100 100 100 9 100 14 100 100 100 100 100 100 75 75 100 85 100 75 4 100 33 100 100 100 100 79 13 100 100 87 26 100 57 65 100 100 100 76 100 65 35 100 100 4 100 100 100 100 100 98 100 100
98 100 34 59 82 74 88 88 100 40 100 100 41 100 79 59 100 4 83 68 100 100 4 100 100 80 65 35 50 100 54 49 100 39 100 100 12 95 46 47 100 45 51 63 100 100 100 100 14 100 50 40 100 84 79 43 29 75 89 100 100 100 100 100 62 58 9 18 65 100 34 100 22 100 33 94 100 100 6 82 100 100 73 46 100 100 100 100 16 16 100 93 86 83 100 100 35 100 100 34
48 100 100 100 94 100 6 100 49 72 100 34 100 21 2 29 29 19 78 100 100 100 100 60 100 41 14 100 35 78 39 100 100 100 95 60 100 100 100 100 100 12 100 100 44 50 100 23 36 100 41 91 15 100 35 17 100 100 97 100 89 29 50 100 88 68 95 33 100 17 59 100 100 100 83 56 79 38 100 46 75 37 100 44 90 70 47 100 100 11 100 36 100 100 15 52 20 34 100 47
100 13 30 28 49 70 48 22 100 100 88 100 95 10 48 97 100 80 57 100 100 100 11 100 87 100 58 42 8 100 80 82 100 98 40 55 1 32 20 62 15 100 100 30 64 100 100 100 42 78 100 95 100 47 100 47 100 100 99 84 60 100 34 100 22 83 100 100 47 91 100 54 100 100 100 100 100 79 87 4 13 100 97 30 12 100 20 100 3 100 100 100 68 100 83 100 32 29 62 100
1 100 96 100 100 100 100 63 41 100 21 82 70 100 47 100 67 100 100 100 100 25 100 100 100 39 100 100 88 9 99 100 90 27 100 100 89 100 100 82 50 57 100 100 100 100 4 100 87 99 62 100 100 100 59 34 35 100 85 45 100 100 94 100 100 100 100 100 70 95 70 100 100 100 100 9 100 100 82 87 51 100 34 54 100 100 100 55 100 87 49 68 96 65 5 39 100 100 16 72
100 100 31 100 100 100 100 100 100 100 100 100 48 100 9 100 31 62 96 97 100 43 100 100 21 100 51 100 52 94 100 74 16 100 20 63 88 66 100 67 95 100 56 54 100 100 100 100 17 100 74 100 64 16 55 57 44 22 40 91 8 99 16 39 100 100 38 100 100 10 37 17 100 100 100 100 100 6 69 51 100 100 84 100 59 100 12 100 47 69 100 100 17 100 53 62 92 37 88 72
100 43 3 32 69 100 43 100 90 100 15 11 54 100 7 100 23 100 34 100 100 13 100 100 100 100 100 10 100 100 100 100 55 27 100 100 75 83 100 39 63 100 84 100 100 100 41 100 100 20 1 29 100 46 100 100 100 22 100 86 100 100 37 70 42 100 100 45 93 100 80 42 17 82 100 60 68 100 100 100 100 70 43 100 8 61 100 17 100 99 100 56 9 38 30 40 20 26 73 75
9 83 100 100 100 100 100 100 11 97 100 100 64 100 77 90 60 100 81 100 100 67 100 100 22 76 92 67 68 100 100 89 94 100 7 22 100 100 100 78 53 100 1 48 100 41 100 100 71 100 100 100 100 100 100 100 100 100 80 90 100 100 80 85 100 100 81 100 100 100 17 100 100 54 100 100 100 100 67 70 100 33 100 100 100 100 11 100 95 86 100 100 83 2 100 100 100 100 77 67
100 100 84 100 52 100 27 78 73 100 35 100 100 100 100 9 56 6 87 100 100 54 69 100 100 100 44 100 100 100 100 34 100 100 100 100 100 56 100 100 27 10 8 100 38 100 100 100 66 31 100 100 100 81 100 100 100 86 100 100 0 100 100 5 10 48 40 34 100 41 0 0 100 100 79 100 54 100 100 100 100 18 100 100 24 100 100 36 94 17 100 100 100 18 100 100 100 100 61 34
63 100 100 100 100 100 93 38 100 100 37 100 7 97 100 100 100 100 15 100 21 100 18 100 62 48 87 100 36 11 100 100 100 14 100 8 100 49 68 100 96 100 59 18 100 100 19 69 100 100 30 100 100 100 100 100 100 100 33 52 100 71 100 30 13 100 14 41 100 23 100 100 100 100 55 8 14 92 68 100 51 10 4 100 100 83 52 9 86 94 35 53 100 43 67 27 23 100 100 72
58 100 100 29 100 100 30 100 100 100 100 100 97 96 1 100 100 16 100 12 100 100 19 48 31 100 100 100 51 54 100 69 34 100 100 91 54 21 100 100 100 29 100 100 8 3 71 92 34 96 52 27 100 26 100 77 100 40 100 100 65 100 88 100 8 100 9 100 100 100 100 68 53 100 81 100 67 49 100 31 100 100 100 16 41 100 31 100 79 65 66 93 16 100 100 100 100 100 100 100
100 92 93 86 52 100 76 86 100 34 19 100 87 100 93 100 62 100 47 33 65 100 100 100 100 92 72 100 98 33 58 56 11 52 29 8 42 30 100 37 100 100 85 16 78 100 100 45 100 55 98 100 100 100 100 34 59 10 50 100 0 100 15 41 2 3 100 14 60 100 47 58 55 100 36 19 87 38 81 5 17 100 59 100 100 100 100 100 100 100 100 83 100 100 100 100 100 9 100 68
100 96 83 100 100 20 100 100 100 27 100 69 9 40 41 54 100 94 100 59 19 100 79 100 16 69 100 54 76 46 100 33 11 100 17 79 17 43 86 100 100 8 100 100 37 100 100 100 8 100 49 100 14 100 100 29 100 100 100 100 94 100 72 100 62 100 100 32 100 100 100 100 69 38 32 8 16 84 8 60 100 6 100 100 58 20 8 91 100 100 100 16 89 100 78 57 2 100 100 17
58 100 31 100 63 12 100 15 79 100 100 85 100 25 100 92 100 100 59 96 2 27 100 93 100 100 100 74 100 100 100 100 100 100 100 43 3 100 100 100 97 41 100 73 65 100 90 9 100 12 29 70 100 100 17 25 100 100 100 35 100 100 100 84 40 100 100 39 100 51 100 99 100 100 43 100 71 100 16 56 100 100 100 100 51 100 100 100 100 37 100 100 100 21 100 100 18 100 46 100
39 100 100 100 57 9 66 100 100 67 82 100 100 100 100 100 31 100 53 10 44 20 49 45 98 86 6 52 100 52 100 100 100 100 100 52 100 100 45 100 100 10 100 99 100 100 100 100 85 100 97 100 100 42 87 25 100 75 100 100 100 39 63 59 89 30 54 100 96 68 14 92 100 100 1 100 100 100 100 65 100 28 100 53 28 35 100 100 100 72 100 100 96 47 83 56 100 60 48 100
100 100 100 45 72 55 21 100 100 28 100 100 85 17 100 53 14 62 100 100 100 100 49 77 100 64 51 100 100 100 100 100 78 9 100 40 100 34 96 35 100 100 100 44 100 14 71 22 9 100 65 7 77 100 100 100 52 3 22 22 79 68 70 100 100 100 100 100 100 100 64 20 100 19 100 95 77 100 18 100 42 100 57 100 94 46 100 100 100 100 100 100 82 41 50 48 100 49 100 100
100 97 100 31 46 100 9 74 100 86 96 100 100 70 40 100 100 100 100 80 29 100 100 100 100 100 93 89 100 92 100 73 100 65 21 100 100 100 43 29 100 82 100 5 55 25 15 73 100 100 100 80 77 18 73 45 100 100 100 25 100 100 38 42 100 53 100 100 26 100 72 100 100 100 94 100 50 100 50 100 100 100 74 87 100 100 100 3 97 100 100 45 100 100 100 75 100 98 100 100
100 77 61 100 100 100 100 100 100 100 100 100 100 0 3 100 88 68 56 100 41 100 44 100 100 27 100 21 59 100 81 100 59 12 100 100 100 39 100 100 100 59 100 39 57 61 21 32 77 100 7 32 100 100 66 54 100 100 100 42 12 61 100 100 100 100 100 24 100 100 100 62 76 65 66 100 85 100 100 100 100 100 100 21 66 100 13 94 57 100 100 100 46 100 9 46 81 100 100 47
100 100 100 100 100 100 69 40 92 5 67 64 95 97 100 100 100 100 100 65 72 100 100 1 64 100 100 67 6 100 39 100 100 100 100 29 100 100 100 100 100 100 100 100 100 11 100 65 90 100 100 100 25 8 100 100 100 100 100 8 100 100 39 100 100 100 100 89 100 100 77 93 41 88 61 97 100 99 100 100 99 100 1 89 100 100 58 100 97 100 100 20 54 8 100 100 35 66 75 100
28 13 100 100 19 100 100 99 100 100 100 26 100 13 26 84 100 100 100 79 52 100 100 100 100 25 100 28 53 100 13 100 100 94 100 100 100 100 100 100 81 98 100 100 100 70 100 44 65 100 97 100 100 70 100 100 100 0 100 100 34 51 25 100 18 100 51 100 100 89 100 100 26 100 40 100 100 61 100 100 100 100 13 100 100 100 80 86 63 43 100 100 100 100 55 21 23 100 30 100
37 100 22 92 100 100 74 100 28 76 100 100 100 100 100 37 83 100 100 86 100 60 100 7 100 31 100 99 100 100 34 100 100 100 90 100 100 100 45 100 100 100 100 19 91 62 47 45 100 100 31 42 100 13 100 74 100 100 100 100 100 9 82 92 100 36 81 6 100 100 100 55 100 63 7 100 18 100 6 100 86 100 100 100 9 100 7 100 99 35 56 100 100 56 100 58 100 100 100 83
67 15 25 78 83 100 6 100 100 92 15 83 100 92 100 92 77 100 100 100 100 100 18 100 100 78 100 100 29 29 100 100 100 100 31 100 94 63 100 64 100 7 100 42 100 100 100 100 37 100 100 100 36 100 83 100 72 100 36 19 95 13 70 84 100 95 74 100 60 100 35 100 77 39 67 21 69 29 27 100 100 23 27 100 100 100 100 91 100 38 100 100 100 100 24 19 34 11 94 100
20 100 51 47 100 100 5 94 100 34 22 100 28 100 74 76 61 76 63 100 100 100 83 42 100 71 16 100 100 100 48 100 100 100 61 100 100 100 100 100 87 100 44 47 100 100 48 100 71 100 100 50 60 58 100 100 79 87 100 100 51 100 100 25 17 100 59 100 100 37 100 40 100 98 100 42 3 100 100 89 84 8 100 47 100 73 92 100 100 71 100 100 92 0 100 36 47 1 51 40
100 100 21 71 100 100 100 100 100 9 100 49 19 100 58 27 99 100 87 100 36 100 69 100 100 14 100 12 100 89 100 72 100 100 28 100 57 43 100 100 50 100 45 100 15 39 54 72 100 100 34 85 75 100 100 100 100 100 98 100 77 40 100 100 100 100 52 35 100 100 100 74 100 100 5 100 68 100 17 44 100 86 8 100 100 3 39 100 100 100 82 100 100 20 55 84 100 100 100 78
35 100 100 13 100 100 100 100 90 95 14 100 100 100 100 100 100 15 12 100 24 100 34 100 75 72 100 100 100 76 100 100 100 100 100 30 100 100 100 36 100 100 100 30 100 100 100 69 66 88 100 100 100 100 3 100 100 42 47 71 9 47 100 68 100 100 100 100 24 100 39 100 57 100 100 62 66 100 100 88 41 41 100 97 100 100 100 100 100 70 100 100 100 100 100 39 100 15 100 11
8 66 100 58 26 100 30 1 100 100 100 48 100 100 100 100 100 100 52 33 47 100 100 94 74 100 100 61 100 21 49 30 100 19 100 41 71 100 11 100 100 55 39 80 100 90 100 100 100 100 74 100 58 87 100 80 100 57 72 100 12 100 68 100 83 100 100 100 100 73 100 83 9 70 100 19 100 2 100 100 100 100 16 13 100 100 12 66 87 100 21 9 36 100 10 100 100 100 100 25
100 36 80 100 31 100 17 75 100 100 100 100 100 43 91 66 100 43 64 42 24 100 100 100 100 50 100 9 100 100 100 96 100 69 61 44 53 89 100 100 100 28 71 51 22 100 64 100 100 100 20 100 68 85 62 100 100 99 45 72 100 100 100 64 3 100 35 61 27 100 100 100 46 84 100 100 60 66 60 32 21 69 33 100 18 11 100 100 100 30 20 1 49 100 52 82 87 61 100 100
94 100 100 100 99 100 8 100 93 43 100 58 100 100 100 6 100 100 100 100 48 100 100 53 40 100 100 100 9 48 42 78 100 100 100 100 100 83 100 100 99 19 100 100 100 51 8 100 100 100 100 100 97 100 72 100 70 100 100 100 100 100 100 58 100 25 29 100 100 100 100 100 100 100 14 100 100 55 100 5 70 100 59 100 38 20 100 100 67 100 100 100 100 58 69 65 100 8 100 62
100 73 100 25 100 100 83 21 2 100 100 100 100 16 4 100 46 100 39 100 100 31 38 16 100 100 37 46 100 16 100 72 79 96 100 100 100 77 73 100 100 52 11 95 100 100 21 53 52 100 15 100 100 32 100 100 44 41 100 100 100 100 100 100 100 84 100 41 100 73 100 4 64 100 100 71 100 36 100 100 39 100 89 100 73 5 21 100 76 71 94 3 16 10 2 100 100 100 62 12
100 100 3 100 100 100 100 62 100 100 100 83 100 100 100 60 92 100 7 100 100 100 100 8 23 98 22 3 100 13 100 78 100 100 100 59 8 100 51 100 77 44 100 100 20 100 9 100 100 79 47 85 88 55 100 53 66 79 100 100 70 64 78 95 100 61 100 36 100 100 61 35 71 100 100 100 60 100 100 49 100 100 64 21 77 37 5 6 100 45 100 100 100 100 68 91 100 100 100 67
100 28 36 7 100 100 52 100 100 100 100 100 100 100 100 100 75 100 100 100 100 46 100 100 100 100 49 38 100 12 100 100 100 100 89 100 93 100 100 93 93 100 100 85 56 71 100 5 39 55 99 100 13 100 100 100 100 8 100 31 100 100 24 60 34 100 100 100 84 92 2 59 100 100 89 100 36 100 93 28 100 100 100 100 70 65 22 42 21 100 100 56 100 70 100 100 100 35 26 100
100 100 100 26 14 86 100 100 100 7 74 100 64 100 57 53 0 53 100 76 2 100 79 100 100 100 74 100 100 7 76 78 100 100 100 40 100 85 88 17 61 7 26 100 100 100 100 2 82 63 26 46 100 100 100 79 75 64 65 100 100 100 100 100 100 92 86 100 92 23 100 100 76 73 100 100 100 9 84 100 100 100 100 55 52 100 93 7 100 47 100 100 12 100 90 100 100 51 88 53
100 70 100 100 19 45 100 100 100 100 45 73 100 8 100 100 100 100 100 10 100 100 100 63 12 38 100 4 73 100 100 54 100 100 93 90 7 100 100 89 81 18 84 100 59 100 48 100 6 100 68 100 100 100 47 100 100 100 100 50 45 55 100 81 100 100 100 35 100 60 36 21 4 92 17 100 87 96 100 29 10 100 100 65 24 26 56 100 100 100 24 100 100 87 100 100 99 100 74 100
9 11 100 17 100 3 23 89 100 30 87 91 79 100 100 54 100 100 100 100 62 100 94 100 100 86 2 67 46 30 100 28 47 83 8 100 84 100 42 100 100 21 7 51 100 100 52 100 100 85 48 77 97 100 100 100 44 100 100 100 100 100 100 23 100 100 100 100 58 100 100 100 100 100 100 37 100 11 100 100 44 30 100 68 2 53 100 100 9 100 62 100 62 16 16 100 76 100 88 34
100 40 31 0 14 100 60 36 100 13 100 8 100 41 100 100 33 100 100 100 100 11 100 31 100 90 5 100 5 100 100 55 100 100 72 100 3 14 100 100 100 100 71 37 14 48 10 51 100 100 83 100 100 4 100 100 100 53 14 17 96 22 100 100 100 54 100 32 41 53 50 0 100 100 85 100 59 96 100 24 82 62 100 90 100 100 56 100 100 100 100 100 100 67 86 100 100 100 100 38
