100 100
49 64 93 28 33 87 54 51 31 52 27 45 93 74 27 9 99 79 67 0 65 23 37 56 27 0 77 99 10 13 3 28 76 46 49 13 83 14 76 32 37 9 55 93 43 89 66 82 3 65 10 57 24 51 35 6 60 56 3 42 93 58 19 4 31 95 17 24 24 79 71 32 7 7 29 49 77 37 29 48 20 97 2 29 23 4 60 50 4 71 53 15 76 32 79 89 83 43 77 23
8 64 7 28 33 78 6 51 29 52 27 45 58 31 5 9 99 79 67 0 65 23 37 43 0 0 68 99 6 13 1 27 76 46 49 11 83 14 34 8 33 9 43 41 13 10 66 82 2 14 1 33 5 51 8 6 60 1 2 13 87 56 19 4 19 95 17 24 8 68 4 0 2 7 17 1 41 37 4 48 20 8 2 29 23 4 7 14 4 71 53 0 6 6 76 89 83 8 36 9
49 64 46 28 31 87 54 10 31 52 5 27 55 6 27 8 99 53 67 0 65 23 16 0 15 0 77 86 10 13 3 9 56 31 22 13 83 1 16 21 14 8 55 93 31 89 0 82 3 65 10 57 10 51 35 5 3 51 3 35 93 58 6 0 11 46 17 6 24 65 11 28 4 7 27 3 18 37 27 48 9 97 2 29 1 1 4 31 3 69 33 5 76 4 43 45 83 15 77 23
43 64 69 28 33 84 54 51 20 52 18 45 0 33 27 9 99 79 60 0 65 23 19 56 27 0 46 0 4 12 3 28 76 44 49 6 83 14 47 15 37 6 35 93 25 41 66 11 3 65 5 44 24 51 34 2 60 12 3 42 93 58 19 0 31 64 17 24 24 79 6 10 7 7 29 49 77 2 9 5 20 97 2 8 20 2 60 49 4 36 21 0 64 4 34 89 30 10 77 23
49 64 93 27 31 7 16 43 31 52 4 45 73 74 4 8 71 64 58 0 65 23 33 56 23 0 77 17 10 13 2 3 1 46 49 13 8 14 76 22 5 9 55 93 43 87 66 52 2 0 10 57 21 51 35 6 60 56 3 3 46 58 12 4 31 95 1 24 24 79 71 29 3 2 29 49 45 36 27 48 10 97 0 24 19 0 51 33 2 45 53 4 76 32 79 23 83 43 77 23
49 64 93 23 13 87 54 51 31 52 11 22 57 69 27 1 99 79 67 0 65 14 37 56 27 0 60 99 10 3 3 3 76 2 49 5 83 2 76 32 6 9 9 93 14 89 51 35 0 51 6 57 12 10 35 6 60 30 3 25 93 4 19 3 7 0 1 15 24 79 23 6 4 7 16 15 77 37 29 33 20 36 2 29 23 4 57 50 2 10 53 11 76 2 79 76 56 43 77 18
49 64 93 28 33 87 54 51 31 24 27 40 93 6 19 9 42 79 67 0 18 23 1 14 22 0 7 7 10 13 3 16 76 46 49 9 15 14 76 32 13 9 55 93 21 89 66 65 1 7 10 57 24 51 11 6 55 56 3 3 93 57 19 0 28 95 6 22 24 14 71 10 7 5 22 47 77 37 29 48 20 97 2 29 9 4 60 9 4 33 16 15 40 0 79 20 65 6 69 1
49 64 23 28 12 87 35 16 17 52 27 5 4 26 27 9 99 79 27 0 35 5 37 38 27 0 1 99 2 4 3 16 76 46 49 13 36 10 76 21 29 3 25 93 41 89 56 82 3 65 2 46 24 51 35 6 35 56 3 15 42 58 18 4 7 17 17 2 19 79 71 22 2 7 29 49 77 16 16 22 20 74 2 0 14 4 41 50 4 71 46 15 76 32 25 89 36 43 59 1
37 33 93 28 26 14 54 51 31 21 15 23 93 66 27 9 99 79 67 0 65 4 27 27 27 0 41 99 3 13 0 28 76 15 49 13 60 13 76 0 26 9 55 57 12 89 66 26 3 4 4 57 19 35 31 6 39 56 3 42 93 58 19 4 23 95 17 24 3 28 71 31 7 6 17 27 77 37 9 3 17 97 0 29 23 4 14 50 2 67 4 14 43 32 52 50 83 40 77 20
31 52 93 16 29 87 54 51 9 20 27 45 93 47 27 5 45 1 46 0 10 9 8 29 27 0 77 99 10 3 2 28 76 4 49 12 19 14 32 32 10 2 55 93 43 89 66 29 1 65 10 57 5 15 35 1 27 56 2 42 53 17 7 4 31 95 17 24 8 56 9 32 7 6 19 24 77 2 29 24 17 13 2 29 23 4 60 50 4 51 17 15 0 20 79 43 83 2 77 23
18 64 93 13 31 87 54 34 31 52 17 20 92 2 27 2 77 79 62 0 65 13 30 3 27 0 77 99 10 13 3 15 76 46 49 0 71 14 15 23 26 9 50 93 18 67 66 82 3 6 10 57 24 51 35 6 60 5 3 7 93 58 9 4 31 93 11 17 21 79 71 32 7 0 29 49 13 14 29 9 20 97 2 28 22 2 60 50 4 6 53 15 63 32 79 61 16 43 2 6
49 64 93 10 16 87 5 51 31 0 27 45 61 69 22 9 99 79 37 0 1 23 30 55 27 0 1 45 10 13 3 10 25 46 17 10 83 11 53 32 37 9 11 93 3 89 66 82 1 65 10 57 0 51 35 3 60 13 3 42 93 58 4 4 27 95 17 0 24 79 71 16 7 7 20 49 45 3 29 48 20 75 2 29 18 4 60 13 4 71 12 11 76 8 79 68 83 7 68 23
36 64 17 20 29 73 10 51 24 4 25 38 93 20 17 4 89 79 67 0 51 23 17 16 15 0 44 28 8 11 3 17 3 9 49 4 42 14 76 32 37 8 42 93 43 35 66 67 1 65 3 24 8 51 20 6 2 56 2 42 93 58 8 4 31 95 17 2 24 79 46 7 0 2 5 49 77 31 17 48 6 63 2 1 23 4 47 50 4 19 18 15 76 5 50 62 23 43 9 7
49 64 93 28 33 40 54 51 31 52 1 45 39 55 9 9 99 38 67 0 47 22 37 40 27 0 76 99 0 2 1 28 76 46 10 4 83 14 76 12 8 9 55 93 14 89 66 82 3 42 9 57 17 24 11 6 4 8 3 42 17 58 13 3 22 93 14 12 7 79 42 3 3 7 0 37 77 37 29 48 4 97 2 8 23 4 60 1 4 31 53 3 76 32 50 89 33 21 35 23
16 64 36 28 23 87 25 51 31 0 10 6 93 22 27 2 83 79 55 0 11 23 37 56 25 0 77 99 10 2 3 25 28 11 49 5 63 8 51 21 37 2 55 65 33 89 66 82 1 65 10 45 9 2 35 1 49 56 2 4 93 58 19 0 31 95 5 24 8 37 71 17 0 7 29 42 77 37 29 48 20 97 2 29 23 4 22 42 4 71 35 15 34 32 79 89 83 41 77 23
49 64 56 18 33 87 54 20 31 18 7 15 93 4 25 9 79 15 4 0 65 15 37 56 22 0 77 82 10 13 3 11 35 46 44 13 46 14 43 32 10 9 55 93 23 89 66 82 3 65 8 35 12 51 17 0 57 17 3 28 93 58 8 3 31 95 10 24 6 76 71 18 7 7 29 31 77 37 29 48 6 97 0 6 23 3 0 30 4 71 53 15 35 32 58 89 16 43 18 3
49 42 50 9 33 58 54 51 7 20 27 33 93 74 27 9 78 49 67 0 3 23 19 56 27 0 77 12 1 13 0 7 76 17 10 11 39 14 12 32 37 9 55 74 43 32 66 82 3 53 10 5 14 51 9 5 56 56 3 42 21 58 19 4 2 22 17 18 24 36 70 0 7 7 29 43 77 37 28 35 20 23 2 29 23 3 21 0 4 63 53 15 76 9 79 89 58 41 27 15
49 64 93 9 19 17 54 17 15 52 12 45 73 74 27 8 99 68 67 0 26 15 37 56 27 0 59 99 10 13 1 5 48 46 49 13 83 14 76 32 37 9 39 65 43 89 48 82 1 65 4 24 16 51 35 6 60 56 0 20 93 58 9 4 31 59 7 8 11 79 40 10 7 7 7 13 77 37 13 21 14 16 2 14 8 4 20 50 4 4 53 15 22 32 42 66 83 0 13 23
48 64 56 27 33 87 54 24 9 52 4 45 93 74 4 9 62 79 37 0 58 11 37 12 3 0 56 99 10 8 2 28 75 46 49 4 72 3 26 32 37 9 55 84 11 89 1 75 3 37 1 57 24 51 17 0 46 18 3 1 93 48 19 4 0 95 17 24 15 79 71 32 0 1 29 49 77 8 20 48 6 97 2 9 23 1 60 50 4 37 53 15 24 31 13 11 51 5 59 23
49 34 91 24 33 87 16 51 27 12 23 28 76 74 27 6 39 79 10 0 65 6 37 46 27 0 77 99 10 13 3 21 76 46 49 13 83 4 76 32 9 9 36 57 25 57 42 10 3 65 10 16 6 51 35 6 60 56 1 6 51 18 19 4 31 95 17 24 24 79 26 32 4 0 29 49 77 37 29 48 19 26 2 23 3 4 60 35 4 0 53 15 76 25 4 30 83 31 77 23
49 33 79 28 9 87 54 51 31 52 22 0 28 56 27 9 99 22 67 0 44 23 14 56 26 0 75 99 3 12 1 21 76 23 49 5 83 0 3 20 2 9 55 93 43 56 66 82 3 25 10 40 1 4 16 4 60 45 3 8 93 58 17 4 31 47 1 18 19 62 71 32 5 7 29 27 77 35 12 41 20 97 2 5 23 4 60 26 0 71 53 15 76 5 79 89 83 6 8 9
49 46 93 28 26 3 54 51 25 48 27 45 93 74 27 9 57 79 67 0 65 23 37 52 27 0 77 99 10 1 3 28 67 46 49 1 70 7 34 32 11 6 55 62 8 89 55 82 3 65 10 57 24 51 35 4 50 48 2 42 36 27 10 4 20 95 14 22 24 17 40 32 7 7 29 15 20 28 29 3 11 5 1 18 23 0 11 50 2 71 53 12 76 18 30 22 59 43 18 23
49 64 93 24 33 87 54 35 31 52 26 29 73 65 3 8 76 79 67 0 4 15 27 56 27 0 77 77 4 13 3 7 71 46 49 13 83 6 76 0 32 9 26 93 43 75 66 18 0 54 10 57 11 5 35 0 60 5 3 41 33 54 19 1 31 16 16 5 24 41 71 32 2 0 27 49 55 37 29 36 20 97 2 23 16 4 20 46 3 71 11 15 63 32 79 17 50 19 37 23
6 51 34 24 33 39 8 4 24 52 2 32 85 74 27 0 10 3 28 0 10 23 37 56 10 0 77 99 10 13 3 8 58 3 49 13 75 14 28 17 2 9 55 66 3 10 66 82 3 65 10 57 24 51 9 4 42 25 1 42 31 57 19 4 6 95 17 19 12 43 71 31 0 7 29 49 77 37 28 32 20 97 2 29 1 2 27 37 4 37 53 1 76 32 34 89 83 10 13 5
41 46 93 26 33 48 33 21 31 22 27 45 93 74 27 9 45 29 65 0 31 23 11 3 16 0 47 57 2 5 0 28 45 46 10 13 83 9 49 21 37 5 45 44 21 9 66 82 3 5 10 4 24 51 25 6 12 44 1 42 57 13 13 4 27 73 17 19 24 23 71 20 7 3 15 32 77 6 26 48 18 96 2 29 23 4 60 50 4 71 10 11 76 13 67 89 83 29 77 18
40 60 93 15 33 87 23 41 7 47 7 17 93 5 8 1 99 33 67 0 8 23 37 56 27 0 0 65 10 9 1 21 56 46 49 10 83 1 76 26 17 9 0 93 41 89 10 82 1 34 4 57 4 51 35 6 59 51 1 29 93 58 19 4 10 95 17 24 24 79 8 19 7 7 23 12 54 37 29 11 1 94 2 29 8 4 60 50 4 71 12 15 76 6 74 12 16 3 77 23
49 7 93 13 7 66 54 33 4 50 27 7 7 46 27 9 14 31 12 0 21 0 28 0 9 0 7 99 10 13 2 28 76 10 2 8 83 1 43 17 37 9 55 93 15 89 66 82 3 65 10 54 24 51 15 3 60 56 0 2 26 58 1 2 2 3 4 10 10 55 19 32 7 7 29 44 77 28 29 48 17 97 1 10 1 3 60 50 4 8 53 15 59 32 79 89 83 43 11 23
18 13 81 19 33 43 54 18 31 52 27 45 57 74 15 9 68 7 57 0 65 11 25 14 27 0 14 99 10 7 3 28 66 46 35 13 83 14 76 32 18 0 55 20 43 25 20 63 3 65 10 50 2 51 35 4 60 33 3 42 66 21 13 4 1 47 17 0 4 40 71 27 4 7 3 16 73 11 29 33 20 97 2 21 9 4 43 2 4 71 41 15 47 31 79 89 4 41 50 23
49 64 40 28 33 87 8 51 31 11 8 45 93 10 27 4 99 38 53 0 65 23 37 56 8 0 77 99 2 13 3 28 76 46 44 13 83 8 76 10 37 3 26 93 43 39 66 82 3 60 9 34 7 22 35 6 36 56 3 20 93 20 6 3 31 88 17 24 20 22 46 32 4 4 29 49 77 37 29 31 4 61 1 16 23 4 44 50 4 71 14 4 62 0 9 89 83 35 11 15
18 53 93 7 14 14 54 3 31 33 27 45 93 74 27 8 18 22 66 0 57 15 37 56 27 0 12 11 10 9 3 19 7 46 49 8 83 2 70 31 37 9 55 32 7 89 7 61 1 65 10 56 22 51 35 0 60 56 0 42 39 37 19 1 27 95 2 4 14 79 37 30 2 7 5 49 77 8 5 48 7 56 2 29 23 3 60 34 1 68 53 6 43 32 19 89 83 15 20 23
45 12 10 28 33 87 38 48 31 52 27 45 23 51 22 3 79 79 0 0 65 23 17 56 27 0 77 86 8 9 3 28 76 46 49 7 83 14 76 11 37 4 41 93 3 42 66 39 1 65 6 57 24 33 35 6 60 56 3 19 93 10 10 4 31 95 9 9 24 79 71 32 7 5 1 49 67 35 5 21 20 55 1 29 23 0 60 33 4 71 48 15 20 32 57 76 83 43 46 2
49 64 93 28 11 87 35 51 31 52 27 6 93 74 27 2 87 8 67 0 65 23 37 36 27 0 77 72 10 13 2 14 76 46 20 13 21 5 2 1 27 9 7 93 43 39 66 82 3 39 10 57 24 9 6 4 60 56 3 32 93 30 14 4 31 95 17 19 24 79 3 30 7 7 29 47 15 13 6 48 14 97 0 29 23 4 33 50 3 15 30 1 76 32 79 89 29 15 47 23
29 64 93 28 33 61 51 40 31 32 27 45 93 59 3 5 99 19 67 0 65 23 37 4 27 0 61 99 7 10 3 2 76 46 12 13 32 9 76 32 35 9 3 49 11 21 66 61 2 65 10 57 24 51 35 5 60 18 3 42 85 58 17 0 17 95 17 10 24 67 36 32 0 0 27 41 77 0 20 48 9 14 2 8 18 1 60 50 4 71 1 9 76 12 74 89 76 43 77 12
49 53 93 28 18 20 49 26 24 52 12 20 93 44 27 9 94 2 67 0 0 13 37 56 27 0 77 99 5 5 0 28 76 46 49 13 83 7 76 11 37 9 55 93 43 52 41 82 3 27 1 46 24 35 26 6 7 16 3 42 17 58 19 4 31 32 15 1 16 63 50 19 2 7 29 49 5 22 13 48 20 97 2 14 6 0 9 45 4 22 53 13 76 32 79 89 83 42 77 23
36 52 93 6 33 27 54 51 31 52 27 45 93 73 27 9 65 48 12 0 65 23 15 56 27 0 50 99 10 13 3 6 76 2 49 13 30 14 52 3 37 1 55 44 43 1 66 82 3 49 3 56 24 11 23 4 60 56 3 25 93 58 14 0 31 95 16 23 16 37 11 32 4 7 4 49 77 37 29 17 0 97 2 27 4 2 38 50 0 71 53 15 76 30 53 20 52 43 77 13
37 0 93 28 20 38 54 1 31 52 7 20 93 74 14 1 21 18 57 0 65 23 37 56 27 0 77 73 10 3 3 28 76 46 49 7 83 5 17 10 37 5 55 93 5 29 66 62 3 65 10 20 24 51 35 6 60 56 3 27 93 4 18 4 31 95 7 12 24 67 6 32 7 7 29 49 77 8 29 22 15 97 0 29 23 2 49 50 4 24 38 15 9 29 79 89 83 19 28 23
49 23 34 24 33 87 54 12 2 47 27 45 93 23 3 4 73 65 10 0 65 9 12 1 5 0 77 99 1 8 3 28 76 46 49 8 80 14 76 32 34 9 55 75 36 4 45 82 3 65 3 57 0 51 10 6 18 38 3 4 93 23 19 1 31 49 3 24 6 59 71 32 3 5 29 49 14 37 26 48 12 8 1 29 23 4 60 44 0 71 53 15 41 16 79 89 24 43 60 23
48 31 45 28 33 20 54 21 31 31 27 45 93 74 26 9 99 79 65 0 56 20 17 9 27 0 77 10 9 13 2 9 39 46 49 11 24 14 34 3 25 9 24 93 17 89 66 79 3 17 10 57 24 8 35 6 60 37 0 42 67 1 19 4 31 95 17 4 24 36 39 32 5 7 29 49 8 36 29 48 20 31 0 0 23 4 54 50 4 54 33 15 76 26 26 89 83 43 9 23
38 2 86 25 24 75 54 51 14 52 3 45 90 48 27 9 99 79 67 0 65 23 15 38 27 0 22 99 9 13 3 28 76 46 49 13 83 5 76 25 37 1 55 13 43 30 37 82 3 65 10 57 24 51 35 5 60 33 0 27 19 0 19 4 28 8 17 24 24 65 35 20 6 7 29 49 77 37 11 48 18 2 2 3 23 4 17 50 2 71 53 9 69 22 51 76 83 10 77 23
44 64 14 14 13 12 25 51 31 52 1 45 93 61 27 9 99 46 56 0 65 23 37 37 27 0 62 81 7 9 3 6 38 16 49 13 83 14 47 32 31 9 36 93 21 89 41 60 2 65 0 57 19 15 30 6 25 13 2 28 22 12 19 4 31 79 15 9 3 79 42 32 7 0 29 49 28 2 5 48 17 82 1 29 23 4 60 50 3 71 21 14 76 5 14 77 6 43 26 6
46 64 93 15 13 83 54 51 17 52 22 23 71 74 27 2 1 79 5 0 65 23 12 56 27 0 77 75 10 9 3 28 76 1 16 13 59 2 76 0 37 9 25 93 43 89 66 32 2 65 10 25 24 51 4 6 60 3 3 42 93 19 16 2 2 75 17 18 24 12 71 7 7 7 29 49 16 37 5 19 6 91 1 29 23 4 40 3 3 67 39 15 76 13 77 89 81 43 77 23
49 12 3 25 33 84 39 28 25 52 16 30 4 74 27 8 99 17 7 0 65 2 34 56 27 0 39 56 10 13 3 10 8 30 24 13 6 14 76 32 36 7 55 93 43 89 19 82 3 65 8 39 13 1 35 6 46 56 2 5 93 0 17 4 12 45 17 21 15 79 71 32 7 7 29 12 54 5 29 48 8 84 2 29 23 3 2 8 4 49 53 15 1 22 36 89 24 32 12 0
49 41 93 28 2 33 15 51 8 5 19 45 91 74 27 9 99 43 59 0 15 13 37 56 27 0 74 17 6 6 3 28 76 16 49 6 83 6 76 32 27 9 54 93 40 67 55 82 3 65 6 40 7 0 35 6 60 56 2 42 93 58 19 2 31 95 17 24 13 72 71 32 7 7 18 49 77 36 3 48 20 97 2 29 3 4 60 18 4 71 16 9 76 13 79 89 44 43 77 23
49 21 93 28 20 87 54 11 31 52 8 12 42 9 27 9 99 79 67 0 7 9 37 51 27 0 77 99 10 13 3 28 66 34 49 8 83 9 76 32 9 9 55 93 43 89 7 61 1 65 10 57 6 51 35 1 31 56 1 6 30 22 19 4 31 73 17 19 3 44 71 32 0 7 7 43 77 37 29 30 13 97 2 27 23 4 60 50 4 71 53 14 19 22 79 71 83 28 65 23
7 64 93 15 33 87 54 28 0 43 27 45 42 74 8 9 99 8 10 0 65 23 36 12 27 0 77 99 10 13 3 27 76 46 49 8 69 2 68 10 37 9 9 86 43 89 47 82 1 65 6 57 15 27 0 6 47 56 1 40 91 58 19 4 31 95 17 24 5 79 71 32 4 7 29 15 6 37 7 23 20 97 2 13 23 4 60 50 4 24 53 15 48 32 79 69 83 33 77 23
49 64 93 28 20 87 39 51 31 52 27 1 93 53 27 9 99 26 67 0 65 23 37 56 0 0 77 15 10 9 3 14 76 46 44 8 41 14 76 27 37 9 55 78 43 53 22 82 3 65 10 19 24 51 7 6 60 56 1 31 93 56 17 1 31 95 17 24 2 63 71 17 1 7 12 49 77 31 29 17 20 53 2 15 23 4 19 50 4 71 53 12 16 29 79 89 83 4 77 23
49 64 93 28 22 66 37 35 31 13 27 45 93 12 18 5 33 23 9 0 37 15 37 56 27 0 77 99 6 13 3 18 23 39 49 13 83 12 50 4 37 9 55 55 6 89 66 82 3 62 9 25 6 51 2 6 55 56 1 42 27 58 12 4 11 95 12 24 24 79 71 8 7 5 29 49 77 37 29 48 20 9 2 29 23 4 41 50 4 28 50 15 36 32 79 89 83 43 22 15
24 16 41 21 21 87 2 38 28 52 15 15 76 52 15 7 77 28 67 0 65 5 37 56 27 0 71 99 9 13 3 28 76 8 1 0 83 14 20 32 34 9 55 93 17 37 6 82 3 65 10 46 24 51 35 3 4 56 3 42 53 58 18 0 31 4 17 24 24 79 57 32 7 7 29 49 77 14 6 44 20 97 2 29 23 4 60 50 1 71 53 15 76 32 79 89 83 8 77 0
49 64 93 17 7 87 54 9 26 52 7 45 93 74 23 9 99 77 67 0 65 23 37 56 27 0 1 66 0 13 3 0 47 11 49 13 59 14 73 32 27 5 55 30 43 89 57 71 3 65 10 49 22 38 10 6 28 26 2 42 93 58 19 1 31 86 11 24 24 79 71 2 4 5 29 49 77 11 12 48 3 97 1 18 23 4 60 4 4 71 53 1 76 6 47 89 34 43 77 2
6 64 90 3 5 87 54 51 15 52 27 39 53 74 12 9 99 68 65 0 65 20 30 56 19 0 77 81 7 9 3 28 34 46 5 13 74 9 76 27 7 4 1 93 43 61 24 19 3 19 10 57 24 15 0 6 60 15 3 39 35 58 19 4 12 21 17 24 24 14 39 32 7 7 29 49 24 37 0 23 16 21 1 29 23 4 50 50 3 71 53 15 41 32 79 89 37 1 23 23
40 64 93 28 18 14 28 51 31 52 27 42 2 74 10 6 36 79 26 0 65 3 22 56 0 0 34 99 0 9 3 28 76 46 39 13 83 6 76 32 37 9 55 54 22 89 33 38 3 65 10 46 24 30 31 6 60 16 3 42 93 44 19 4 10 38 17 24 13 79 71 32 7 7 29 49 77 37 29 48 20 60 0 29 19 4 60 50 4 71 53 15 76 32 79 89 83 33 77 23
49 32 93 14 33 87 35 51 31 49 16 45 63 74 19 9 58 7 48 0 65 22 37 56 27 0 74 5 10 13 3 21 34 46 49 7 43 14 76 7 37 9 55 48 4 71 18 82 3 20 10 57 15 45 35 6 60 50 3 21 93 58 19 4 23 95 17 24 24 63 71 2 2 3 20 49 14 37 19 48 20 25 2 7 23 4 60 50 2 33 53 15 76 32 20 89 83 43 38 1
40 15 93 7 33 69 0 35 31 52 27 1 45 51 6 9 99 18 67 0 65 9 32 7 27 0 77 9 10 13 3 28 76 10 49 13 83 0 76 32 12 9 8 93 43 25 66 16 3 50 10 57 24 18 29 6 31 18 3 29 93 0 16 4 21 58 17 23 21 79 71 2 7 7 2 39 4 37 27 37 6 97 2 29 12 1 60 50 1 58 53 7 15 32 79 62 83 42 77 10
33 54 63 28 33 5 1 23 18 52 27 45 27 74 0 7 21 46 30 0 27 8 37 56 27 0 54 99 7 11 0 28 76 3 49 13 57 14 58 20 37 7 26 93 43 89 66 58 3 5 9 57 15 51 35 6 46 56 3 38 14 42 19 4 31 95 9 24 12 79 55 32 2 4 29 49 31 19 9 48 20 34 2 24 23 2 15 50 3 50 26 10 76 32 79 89 45 43 77 23
49 64 93 27 10 87 12 51 31 13 8 45 75 61 2 4 70 18 14 0 65 17 2 56 10 0 73 99 10 13 3 28 7 46 20 13 83 10 76 32 37 1 2 59 33 89 66 19 3 30 9 57 11 51 9 5 60 32 3 42 93 51 2 1 31 95 13 24 24 79 17 32 2 0 25 19 77 37 29 48 15 17 2 29 20 0 1 50 0 26 53 15 64 4 79 89 78 24 42 11
49 64 52 28 33 87 13 51 31 6 27 27 93 74 27 9 99 79 67 0 65 23 37 36 27 0 77 56 1 6 3 28 76 41 49 1 83 10 76 26 37 9 55 93 43 89 49 42 3 10 3 54 4 23 18 6 21 56 3 42 36 58 19 3 31 95 12 3 21 41 21 32 0 7 29 49 73 37 29 18 20 97 2 29 23 1 60 7 4 71 14 15 46 32 79 89 18 43 77 23
49 6 93 26 33 36 54 13 31 52 27 45 93 74 18 9 0 79 67 0 65 21 22 56 27 0 33 67 10 13 1 28 76 46 49 13 58 14 76 32 37 9 49 93 24 47 66 4 0 65 10 57 17 49 35 6 60 13 3 6 93 9 12 2 12 12 4 24 10 27 71 32 6 7 24 49 77 37 29 31 20 29 0 29 23 4 60 14 4 71 53 15 76 32 12 7 83 7 77 23
49 64 74 28 26 72 54 51 21 52 16 32 63 57 27 9 99 79 63 0 39 8 37 26 27 0 77 99 8 13 3 28 76 46 49 5 34 4 51 32 25 9 55 26 43 89 3 68 0 65 10 56 24 51 29 2 53 56 1 42 93 50 18 2 31 95 17 24 24 39 28 0 7 7 18 49 77 37 15 30 12 22 2 29 23 1 60 50 4 61 53 15 9 32 54 89 83 11 9 23
41 64 23 28 32 70 26 51 31 52 27 45 93 49 8 5 87 25 67 0 34 23 37 56 18 0 77 17 10 13 3 28 76 46 49 11 27 7 75 32 9 9 29 93 37 0 66 82 2 65 6 2 9 17 35 3 60 41 3 8 29 58 1 1 7 79 17 7 24 79 42 21 7 7 26 1 5 27 16 9 20 29 2 29 2 4 50 50 1 30 39 15 76 32 79 69 83 43 77 12
47 64 93 25 33 14 54 51 6 52 5 45 24 55 25 9 99 79 67 0 65 20 31 52 27 0 19 1 8 13 0 28 76 46 18 5 25 14 76 10 37 9 22 23 13 89 66 82 3 52 9 57 24 51 35 1 19 23 3 24 36 58 3 4 12 89 17 11 24 5 71 15 7 7 6 0 77 37 26 48 20 97 1 29 23 4 60 35 2 42 35 6 40 10 79 13 83 43 77 23
49 55 93 28 33 58 16 11 27 49 27 45 93 22 3 0 99 60 67 0 22 22 16 56 14 0 17 99 10 13 3 28 25 46 22 5 83 14 4 16 37 8 55 86 15 89 35 82 3 54 1 57 24 48 18 6 12 56 3 42 93 39 19 4 2 95 3 24 11 79 71 8 6 2 19 49 73 37 29 18 1 97 2 29 23 0 47 50 4 71 53 14 76 32 5 75 83 39 72 23
5 64 93 15 33 87 54 51 31 52 0 10 83 74 27 8 60 79 53 0 10 20 37 56 27 0 77 99 7 13 0 28 22 46 49 13 34 5 62 25 37 7 6 32 23 89 66 82 3 45 10 55 3 51 35 6 60 56 3 42 13 5 19 4 31 0 5 24 24 79 15 19 7 4 29 49 18 37 22 48 20 97 0 29 23 4 60 23 4 71 53 7 76 32 79 89 83 19 65 23
49 64 93 10 33 87 54 29 31 52 27 45 24 32 27 9 99 79 20 0 65 23 35 56 11 0 3 8 0 2 3 28 76 23 16 12 83 0 50 2 24 9 55 93 0 89 66 82 0 1 10 26 11 51 14 1 50 56 3 42 93 37 19 0 31 95 1 13 18 61 61 4 5 4 29 49 10 35 29 9 20 97 0 29 23 1 26 50 2 71 53 2 29 15 67 89 78 43 15 23
19 64 9 22 33 27 54 5 5 52 27 45 85 74 27 9 54 79 67 0 48 23 21 56 27 0 77 99 10 5 3 28 76 13 37 5 83 11 29 32 22 6 55 38 43 89 60 30 3 65 2 57 11 25 4 6 60 18 3 7 93 58 0 4 31 95 17 24 24 64 60 32 7 4 29 49 61 32 29 13 18 97 0 20 13 4 60 18 0 71 53 15 76 30 77 40 22 18 77 11
49 63 68 23 13 26 12 48 14 38 27 45 93 74 7 4 99 79 67 0 65 23 37 56 3 0 43 99 10 9 3 28 76 12 49 13 15 14 44 32 32 9 29 80 41 9 66 57 1 65 10 19 24 41 35 6 60 4 1 24 78 46 19 4 10 82 13 4 1 79 30 2 3 5 29 49 73 37 3 10 5 23 1 29 23 3 60 30 4 71 29 14 76 20 79 70 14 35 77 23
24 37 1 19 33 8 54 51 31 28 12 42 93 74 1 6 99 41 40 0 46 18 30 4 27 0 36 60 2 13 3 28 76 46 5 13 83 1 11 32 37 0 33 93 43 60 66 82 3 62 10 57 24 6 22 0 60 8 3 42 23 58 13 4 31 95 17 5 24 76 71 0 7 1 29 49 36 19 11 48 20 97 2 29 23 3 14 7 4 71 53 0 43 4 79 89 54 16 23 23
49 64 93 28 19 87 54 35 17 20 27 24 93 74 14 6 99 13 61 0 65 23 28 35 25 0 33 31 10 10 3 27 25 43 49 11 13 6 76 32 3 9 55 93 10 89 43 57 3 62 10 48 24 51 30 6 8 56 0 42 93 54 19 2 13 58 4 4 5 75 71 32 7 7 6 49 77 25 9 48 20 97 1 6 17 4 60 2 4 71 53 15 76 32 70 89 83 20 77 8
38 64 93 15 15 3 40 23 14 38 4 45 13 31 27 9 60 79 67 0 59 11 9 9 27 0 77 20 1 13 3 28 8 46 24 9 79 7 76 2 37 9 40 35 43 44 66 74 3 65 1 16 0 51 35 0 32 30 3 42 55 9 19 4 31 95 4 4 3 76 71 29 7 7 29 49 69 37 29 6 20 74 1 29 13 4 3 50 2 37 3 5 5 32 79 89 83 43 77 12
49 64 93 13 33 82 54 51 10 29 3 45 25 74 4 7 99 79 10 0 62 12 15 9 27 0 77 99 10 1 3 2 76 46 17 13 37 14 76 18 8 9 55 93 32 89 66 11 3 29 10 57 24 30 35 6 60 10 2 42 32 58 10 4 31 52 17 20 21 29 71 27 7 7 29 49 77 37 29 48 19 97 0 29 23 3 7 32 4 58 26 2 76 1 79 89 34 43 77 23
49 64 93 21 9 87 6 29 24 37 27 10 73 74 3 6 27 79 67 0 65 7 37 29 27 0 77 99 10 12 2 28 76 42 49 0 45 10 12 32 37 9 55 93 43 58 0 82 1 65 10 57 24 24 23 6 60 56 3 4 93 58 13 1 31 95 10 24 24 7 71 25 5 7 16 49 77 0 26 11 20 52 2 0 9 1 49 50 4 71 47 3 76 32 79 20 33 36 77 23
41 64 59 6 27 66 54 18 7 44 21 7 93 72 27 0 99 79 67 0 61 23 3 29 27 0 77 99 6 3 3 11 4 46 43 4 53 14 73 32 7 6 55 78 43 89 66 24 3 30 10 57 24 4 35 6 2 49 0 32 61 58 18 4 18 38 17 20 24 29 17 19 1 7 29 49 77 37 6 48 20 97 2 29 23 4 60 48 4 17 53 15 57 3 24 38 10 0 77 23
47 64 93 16 5 87 54 16 31 25 27 45 93 74 27 9 99 79 45 0 47 23 37 56 27 0 77 10 0 13 1 28 30 46 49 6 83 3 12 32 37 9 55 57 32 89 66 82 0 17 4 10 24 48 32 6 60 56 3 1 93 58 19 3 31 95 15 8 19 18 71 32 2 7 28 49 39 37 19 48 3 97 2 15 23 4 19 50 0 69 53 15 76 29 7 89 74 33 77 2
18 19 74 20 3 87 37 47 31 52 23 45 93 74 27 0 99 79 53 0 64 13 31 6 27 0 77 99 10 6 3 28 76 46 13 13 83 11 76 6 37 9 55 93 11 89 2 82 3 65 10 57 23 51 35 6 24 52 3 42 0 58 1 3 22 95 17 24 24 14 71 32 7 0 29 49 27 37 17 48 20 31 0 27 4 2 60 50 4 71 47 13 69 32 45 89 58 18 77 23
49 64 93 25 33 5 54 25 11 52 27 12 93 74 6 9 99 21 29 0 65 23 37 24 25 0 43 72 10 13 3 28 54 46 49 13 25 14 35 16 27 9 55 93 43 89 53 41 0 65 1 57 24 51 35 3 55 56 3 42 93 43 0 0 31 38 17 14 24 62 57 32 7 4 6 49 61 9 13 48 20 36 2 13 23 4 60 50 4 71 33 15 76 32 6 84 66 38 22 23
49 59 43 5 25 63 23 21 31 32 27 44 65 27 5 9 99 79 67 0 16 23 37 56 16 0 77 65 10 13 3 28 76 40 21 11 1 14 76 13 37 9 18 27 15 89 66 82 3 65 10 33 22 12 11 6 60 41 3 42 89 6 10 4 31 50 17 24 12 79 3 32 7 7 12 49 20 37 29 14 20 97 2 29 23 4 60 50 0 71 53 3 57 29 27 41 83 43 8 23
12 58 93 26 31 61 54 51 5 52 20 45 75 74 27 6 28 3 67 0 48 23 37 56 27 0 36 84 10 13 3 14 76 18 26 13 3 3 26 32 3 9 55 48 26 89 66 82 3 23 8 57 21 35 35 4 60 56 2 14 69 58 15 4 8 95 8 24 18 79 53 32 1 7 29 49 40 37 3 8 20 37 2 29 4 2 60 50 1 6 53 13 76 31 11 89 83 28 46 12
49 4 93 28 14 87 32 38 31 10 27 36 93 74 27 1 52 79 13 0 28 5 27 29 27 0 10 49 10 13 1 24 75 32 16 13 12 14 4 12 37 9 55 2 43 54 47 12 2 65 5 45 24 51 16 6 60 34 3 42 65 58 17 1 31 22 14 24 24 79 71 32 6 5 16 34 77 37 0 48 20 32 1 29 16 4 42 6 4 71 15 14 76 32 79 40 81 29 77 23
28 64 93 28 33 87 54 47 27 52 8 12 33 23 27 9 99 32 6 0 52 23 37 56 27 0 55 17 1 13 3 28 76 43 33 3 63 14 0 5 11 9 10 0 15 89 37 57 3 16 8 9 11 51 35 6 55 0 0 42 93 1 12 4 31 69 8 16 21 79 3 5 1 4 12 11 77 18 29 6 20 97 2 9 12 0 60 50 4 71 32 15 76 25 79 7 83 42 2 0
49 64 93 21 24 87 28 41 11 0 23 45 93 74 27 5 53 38 35 0 65 23 3 26 13 0 77 99 5 6 0 28 76 46 49 9 62 14 19 15 37 9 6 93 43 89 66 70 0 51 8 57 12 39 35 6 60 56 3 42 93 20 19 4 31 65 17 24 8 79 3 32 7 7 1 49 54 37 13 48 20 97 1 29 23 1 47 20 4 71 2 15 76 32 79 89 69 37 27 23
30 47 12 28 33 23 54 51 19 52 19 45 93 13 27 9 62 79 67 0 2 23 34 7 27 0 77 4 10 13 3 28 70 10 49 13 70 10 35 32 4 4 54 38 8 89 44 54 0 37 7 57 24 24 35 4 60 56 2 5 93 58 19 4 31 95 8 24 19 30 71 7 7 7 6 49 77 37 29 15 20 97 2 29 23 4 60 50 4 71 53 12 76 32 79 89 55 43 77 23
38 64 93 28 7 33 54 51 4 13 27 42 93 13 27 9 99 79 67 0 65 6 25 56 27 0 77 99 9 13 3 12 76 39 8 13 83 1 23 23 4 9 23 59 42 89 37 82 1 65 10 24 24 5 35 3 16 56 2 42 35 58 19 4 31 76 17 15 24 48 71 32 7 3 29 10 37 4 29 48 20 18 2 16 23 4 60 31 4 71 17 15 76 6 3 74 68 43 77 14
49 64 64 23 33 87 54 26 31 13 27 25 44 36 18 5 99 79 41 0 65 15 1 56 27 0 48 28 10 4 3 12 68 29 33 8 30 14 76 32 37 9 55 35 43 89 31 53 3 65 10 11 24 51 35 2 60 56 3 42 68 58 19 4 31 95 17 24 24 79 61 18 1 7 12 49 77 37 16 39 1 97 2 0 10 4 60 33 4 71 53 15 62 1 43 72 83 28 39 14
14 64 93 19 33 49 54 51 27 36 2 45 93 30 27 6 99 79 67 0 42 23 37 56 27 0 11 99 10 4 3 28 7 46 49 1 9 7 76 5 10 9 41 33 43 89 66 0 3 4 10 57 24 51 35 6 45 56 3 42 93 1 19 4 31 95 3 19 24 79 71 1 4 7 29 49 77 37 29 48 20 23 1 0 23 4 60 50 3 3 53 11 76 30 75 89 54 43 19 20
18 20 93 1 17 87 54 44 31 14 5 34 19 74 18 5 99 34 41 0 57 23 37 15 27 0 77 19 10 13 1 28 42 44 6 10 83 10 61 21 27 1 55 93 13 9 66 58 3 65 5 57 3 51 19 5 12 37 1 42 46 58 19 4 2 12 17 24 24 14 2 32 3 1 29 49 19 37 19 48 20 71 0 29 23 4 60 50 2 4 53 15 76 32 79 40 83 43 3 14
30 64 29 28 6 13 19 51 4 36 0 42 93 32 16 9 50 79 67 0 65 21 35 56 0 0 69 49 10 7 3 10 76 46 41 13 83 14 76 14 35 0 53 93 43 59 66 19 0 65 10 57 0 20 35 6 60 36 3 4 93 47 11 2 31 87 13 11 24 79 42 25 3 0 29 49 51 31 26 32 11 97 2 2 15 4 2 50 4 29 53 13 76 12 79 54 6 32 77 23
21 60 30 28 5 87 3 23 31 2 27 18 18 21 27 9 99 76 67 0 14 2 37 36 11 0 42 99 10 1 0 21 75 31 26 9 83 14 76 23 37 9 19 93 43 89 62 82 0 63 10 57 8 31 1 3 60 39 0 42 4 53 9 2 31 95 3 24 22 5 71 25 5 7 19 44 77 20 26 48 11 97 2 29 23 4 60 50 4 71 53 10 57 32 39 70 51 5 77 17
26 64 35 28 32 87 1 27 0 52 27 45 93 51 27 9 95 59 55 0 65 14 0 56 24 0 19 99 0 13 3 28 20 10 49 13 83 14 76 32 37 9 55 93 8 66 19 82 0 9 6 24 24 40 35 5 44 56 1 11 93 52 12 3 11 85 17 11 6 49 61 32 2 7 29 49 7 37 29 39 20 90 2 29 23 4 6 50 0 23 53 15 61 21 79 89 59 28 77 6
26 10 93 28 33 76 14 51 31 26 24 36 3 57 24 6 84 79 67 0 65 0 33 2 27 0 77 55 5 13 3 28 76 22 3 1 83 3 76 23 15 3 55 6 43 89 66 82 3 65 10 57 24 51 2 2 33 56 3 42 52 5 3 4 31 95 17 24 16 59 71 9 7 7 3 49 77 8 5 48 20 97 2 29 22 2 60 50 4 71 34 5 76 10 35 89 2 43 77 11
49 64 93 28 13 11 0 51 31 47 1 15 93 74 27 7 99 79 52 0 65 23 24 56 27 0 77 91 10 13 3 10 37 46 49 13 83 14 76 21 37 6 55 93 43 89 43 47 1 65 10 11 14 0 35 4 22 18 3 40 93 58 19 4 10 95 17 24 4 50 71 32 3 7 29 49 56 5 6 48 19 28 0 29 18 2 7 40 4 71 50 15 25 32 33 89 19 27 27 17
3 64 93 28 33 43 54 51 0 3 18 24 82 68 27 9 91 79 67 0 65 17 37 56 27 0 60 9 10 13 3 10 53 46 49 6 83 13 67 4 37 0 55 24 30 89 46 36 3 1 3 57 21 51 28 6 60 56 1 42 93 58 19 4 31 75 1 15 24 79 71 9 7 3 29 49 41 30 29 48 20 51 2 29 13 3 60 50 2 71 53 15 76 1 79 28 83 43 50 23
33 64 61 17 12 70 48 51 13 52 27 45 93 74 27 9 99 38 8 0 61 0 37 56 27 0 77 99 1 3 3 28 40 35 37 13 40 14 76 22 37 3 55 72 43 89 66 82 3 65 10 57 24 42 35 6 37 11 3 42 59 48 19 4 31 62 3 24 24 57 71 18 1 6 29 20 60 37 29 32 3 97 2 15 23 4 60 8 4 71 34 6 27 32 79 56 30 43 47 23
42 64 14 12 8 87 54 17 31 5 22 37 93 28 27 9 83 45 67 0 65 23 5 47 1 0 77 99 10 13 3 28 52 32 42 13 27 14 73 32 22 9 28 59 43 28 66 41 3 65 1 48 24 39 35 6 34 56 1 42 93 58 19 4 31 95 17 24 10 78 35 32 7 4 29 16 40 37 5 48 20 97 2 22 21 4 46 50 4 55 53 1 76 32 79 89 83 43 77 23
7 64 8 28 33 20 5 34 31 9 23 45 42 6 27 9 99 79 4 0 29 11 37 56 16 0 9 66 10 0 0 28 76 46 48 13 83 14 76 32 37 7 0 93 20 23 66 82 0 65 10 33 24 4 13 5 35 56 3 14 93 30 8 4 11 95 17 15 24 11 16 15 7 4 29 49 2 7 29 47 1 94 2 17 23 1 8 3 4 16 53 0 11 27 37 89 44 8 77 22
49 13 33 28 13 70 7 26 25 52 22 45 93 53 9 6 57 79 67 0 14 2 26 48 27 0 77 35 10 13 1 28 76 46 33 3 83 4 76 1 37 9 50 93 43 89 28 34 3 65 5 57 24 51 12 6 60 56 2 42 93 54 7 4 3 95 17 24 24 79 71 32 4 0 15 25 77 37 29 5 20 75 2 29 23 4 60 31 4 50 53 10 61 12 9 9 83 43 77 23
16 64 12 28 33 59 54 1 31 26 25 10 53 18 21 9 99 27 67 0 65 23 37 56 3 0 70 99 1 13 3 28 35 43 49 13 83 2 22 32 20 8 23 5 35 89 66 82 3 21 3 57 11 38 35 6 60 56 3 30 93 58 19 4 31 73 17 24 24 79 71 9 7 7 18 44 18 33 29 48 20 97 0 7 11 4 5 13 4 71 53 15 76 14 79 75 7 43 77 23
49 64 93 28 33 87 42 22 31 52 27 45 79 30 27 9 28 79 20 0 65 23 37 56 27 0 77 99 10 13 3 0 76 46 27 1 75 14 76 24 37 9 55 37 43 83 66 82 3 65 8 18 10 51 35 1 25 22 3 42 35 58 19 4 1 40 17 5 24 79 71 32 7 1 16 39 77 37 29 48 20 97 2 28 23 4 18 21 4 71 33 15 76 32 55 70 50 43 77 23
18 61 63 28 33 87 54 22 31 20 19 45 93 30 27 8 12 79 40 0 60 15 24 56 27 0 77 99 10 13 1 28 8 46 9 2 83 14 20 32 5 9 55 93 43 3 66 75 1 21 1 18 24 29 27 6 60 27 3 42 30 13 14 4 26 44 17 24 24 79 10 32 7 7 26 49 77 37 29 11 20 8 2 14 8 4 18 50 4 6 53 3 76 14 79 89 83 43 51 23
19 20 26 9 33 87 54 21 31 1 3 35 93 74 27 6 99 79 67 0 65 14 37 56 12 0 27 26 10 13 1 28 43 46 4 8 83 14 41 2 37 9 8 93 43 89 61 82 3 65 10 4 24 51 35 6 60 56 1 22 88 21 19 3 26 59 16 24 1 79 31 26 7 7 29 35 19 37 29 48 20 74 2 28 23 4 60 47 4 71 53 15 76 29 79 89 83 43 77 23
49 64 93 28 33 37 54 51 31 0 27 45 19 74 27 9 99 26 31 0 13 23 37 56 27 0 76 99 10 13 3 28 30 46 49 12 31 0 8 32 25 5 55 93 43 89 23 82 3 10 10 3 14 51 35 6 15 14 3 5 93 58 10 4 31 91 17 21 24 23 71 32 7 7 9 49 6 25 29 8 20 4 2 29 23 4 48 50 4 71 46 15 76 32 16 89 35 12 59 8
41 64 93 19 15 87 54 51 31 4 27 5 30 74 27 9 81 67 30 0 65 23 12 56 6 0 7 83 8 13 3 28 76 46 49 13 83 14 37 6 37 6 37 93 43 79 66 74 3 65 1 57 14 11 35 1 11 56 3 42 93 58 16 1 31 95 8 6 0 79 71 32 3 3 14 42 24 37 29 48 1 1 0 29 23 0 47 38 2 64 53 15 62 10 79 79 83 26 2 23
49 64 93 28 33 87 54 3 31 3 27 45 93 74 16 0 32 52 67 0 31 9 37 56 27 0 70 99 10 12 2 16 4 16 22 13 74 14 76 32 37 2 55 54 3 89 66 82 1 63 10 36 11 48 35 6 60 4 3 27 3 39 11 3 31 95 14 24 24 79 48 13 6 3 20 49 77 5 29 5 20 4 2 18 15 2 60 41 4 71 53 15 57 32 79 17 38 43 24 23
