48 23
34 29 77 100 96 81 22 2 4 31 57 70 64 16 86 11 91 65 1 75 18 16 32
34 9 70 49 48 11 12 2 0 16 25 69 31 10 40 4 48 21 1 65 5 14 5
8 21 38 31 41 3 19 2 1 29 8 24 29 4 39 1 27 57 1 33 15 7 22
31 28 10 9 35 77 6 0 2 23 51 31 58 8 34 4 64 23 1 45 16 10 0
24 5 55 64 2 71 12 0 3 26 45 0 57 0 28 6 36 18 0 39 8 11 30
32 8 26 24 87 13 19 1 4 16 56 31 47 4 6 11 6 10 0 21 16 5 25
14 15 14 0 14 14 5 0 2 22 44 30 18 0 68 8 6 45 0 35 8 2 11
26 8 57 37 0 67 19 0 1 14 51 45 21 7 80 10 14 6 1 31 15 16 16
16 20 65 31 6 8 16 0 1 0 4 63 41 10 70 5 12 16 0 50 17 11 13
9 6 1 97 40 76 10 0 1 6 6 8 2 6 73 9 21 22 0 18 2 13 14
13 29 4 87 43 72 19 2 4 4 33 60 25 4 48 2 35 27 0 68 13 6 6
25 3 17 82 69 4 18 0 3 13 35 70 61 1 32 4 87 6 0 33 18 5 2
21 20 74 66 19 53 15 1 4 14 46 54 56 11 36 8 89 47 0 55 3 1 30
24 10 48 52 13 59 17 2 3 5 52 55 23 4 26 4 61 36 0 7 18 15 32
16 21 36 15 45 14 1 2 0 14 16 7 38 6 86 9 33 50 1 67 0 15 25
17 13 53 67 11 36 19 1 1 28 0 42 14 1 20 0 15 7 1 14 14 3 26
33 26 10 17 69 21 20 2 2 15 44 26 52 14 39 0 70 55 0 63 3 4 20
13 8 6 28 41 32 12 1 0 9 14 30 22 7 50 7 0 38 1 12 14 13 30
34 5 23 71 85 68 14 0 1 24 49 42 56 7 42 3 72 20 1 20 2 14 18
10 11 25 64 18 68 8 2 2 9 5 3 31 6 53 2 31 49 1 0 14 9 9
2 19 16 52 37 61 10 0 0 29 3 5 47 14 25 8 49 36 0 33 9 4 24
1 16 1 51 93 12 11 0 4 29 23 16 61 3 49 2 42 33 0 60 2 12 19
4 7 9 2 70 55 13 0 0 16 44 34 34 2 27 6 17 45 1 57 14 13 17
1 9 22 15 79 6 1 2 1 7 47 26 12 1 62 11 31 48 0 67 8 0 12
2 29 21 31 0 1 4 2 1 17 11 11 40 14 33 5 21 5 1 6 5 3 19
3 14 18 9 46 33 12 0 0 9 56 39 33 10 38 8 20 43 1 34 14 12 17
0 7 73 40 23 20 15 1 1 0 40 46 30 9 21 4 84 61 0 50 1 0 1
31 9 18 14 95 21 13 2 1 15 12 45 54 15 69 0 7 29 0 61 7 15 25
29 14 28 47 21 43 17 0 1 13 10 9 5 14 44 5 84 24 0 30 14 10 3
31 5 38 31 62 22 18 1 0 2 13 58 60 7 10 6 27 22 0 8 1 3 25
7 0 21 72 90 26 5 0 2 24 31 30 7 10 17 5 48 0 0 52 1 10 13
0 14 61 15 12 65 17 1 1 26 19 27 12 14 17 0 85 1 0 6 7 7 23
19 6 70 95 81 78 10 2 2 10 20 17 34 3 6 8 47 47 0 33 4 13 10
11 11 73 64 89 67 21 0 1 6 56 42 48 12 17 5 1 45 1 34 3 15 20
25 12 37 88 35 21 9 0 3 25 17 54 9 5 3 7 20 26 1 46 18 1 5
25 20 22 17 79 26 11 1 3 12 42 45 50 4 80 10 63 35 1 34 17 16 11
12 28 66 13 6 44 11 2 4 18 57 14 50 10 13 5 58 33 0 70 5 4 0
3 22 1 57 59 2 22 1 2 22 5 47 5 10 28 1 22 14 0 68 6 0 12
28 10 25 8 32 3 12 0 2 26 23 26 38 0 86 8 32 2 1 58 8 13 23
3 8 54 79 41 63 12 2 0 14 51 6 51 11 56 11 21 56 0 14 17 6 8
32 23 25 54 38 7 19 2 0 30 17 41 6 13 30 5 0 29 0 6 18 4 31
10 14 17 71 19 33 20 2 4 3 34 14 48 2 15 5 39 55 1 1 13 13 27
5 3 67 87 78 48 22 0 3 2 10 1 23 9 32 4 48 59 1 74 15 15 13
0 26 12 74 87 27 22 1 1 30 12 54 27 6 71 4 80 48 0 20 3 2 13
15 9 14 21 27 13 12 0 3 8 16 1 23 14 44 10 81 61 1 8 13 2 24
23 5 23 20 45 5 21 2 0 27 43 24 46 5 31 2 89 13 1 64 3 9 30
8 3 62 73 88 51 7 2 3 10 52 5 53 4 6 11 23 8 1 50 2 5 30
6 15 51 90 42 15 18 2 2 0 38 8 19 12 73 11 67 14 1 57 16 2 23
12 6 23 44 84 40 17 0 1 19 5 51 63 7 79 5 34 21 1 20 2 2 16
