100 100
80 37 87 97 79 87 99 17 90 33 70 60 41 44 43 29 23 15 7 15 81 56 17 87 24 76 16 79 7 97 14 41 2 74 60 89 59 96 76 97 81 55 39 1 75 27 23 61 11 47 89 72 16 59 3 59 64 4 38 34 32 35 98 89 21 72 53 36 51 53 53 96 49 33 20 61 9 48 87 71 31 99 4 1 77 83 98 48 98 92 8 58 47 10 72 97 62 45 58 22
80 37 87 97 79 87 99 17 90 33 70 60 41 44 43 29 23 15 7 15 81 56 17 87 24 76 16 79 7 97 14 41 2 74 60 89 59 96 76 97 81 55 39 1 75 27 23 61 11 47 89 72 16 59 3 59 64 4 38 34 32 35 98 89 21 72 53 36 51 53 53 96 49 33 20 61 9 48 87 71 31 99 4 1 77 83 98 48 98 92 8 58 47 10 72 97 62 45 58 22
80 37 87 97 79 87 99 17 90 33 70 60 41 44 43 29 23 15 7 15 81 56 17 87 24 76 16 79 7 97 14 41 2 74 60 89 59 96 76 97 81 55 39 1 75 27 23 61 11 47 89 72 16 59 3 59 64 4 38 34 32 35 98 89 21 72 53 36 51 53 53 96 49 33 20 61 9 48 87 71 31 99 4 1 77 83 98 48 98 92 8 58 47 10 72 97 62 45 58 22
80 37 87 97 79 87 99 17 90 33 70 60 41 44 43 29 23 15 7 15 81 56 17 87 24 76 16 79 7 97 14 41 2 74 60 89 59 96 76 97 81 55 39 1 75 27 23 61 11 47 89 72 16 59 3 59 64 4 38 34 32 35 98 89 21 72 53 36 51 53 53 96 49 33 20 61 9 48 87 71 31 99 4 1 77 83 98 48 98 92 8 58 47 10 72 97 62 45 58 22
80 37 87 97 79 87 99 17 90 33 70 60 41 44 43 29 23 15 7 15 81 56 17 87 24 76 16 79 7 97 14 41 2 74 60 89 59 96 76 97 81 55 39 1 75 27 23 61 11 47 89 72 16 59 3 59 64 4 38 34 32 35 98 89 21 72 53 36 51 53 53 96 49 33 20 61 9 48 87 71 31 99 4 1 77 83 98 48 98 92 8 58 47 10 72 97 62 45 58 22
80 37 87 97 79 87 99 17 90 33 70 60 41 44 43 29 23 15 7 15 81 56 17 87 24 76 16 79 7 97 14 41 2 74 60 89 59 96 76 97 81 55 39 1 75 27 23 61 11 47 89 72 16 59 3 59 64 4 38 34 32 35 98 89 21 72 53 36 51 53 53 96 49 33 20 61 9 48 87 71 31 99 4 1 77 83 98 48 98 92 8 58 47 10 72 97 62 45 58 22
80 37 87 97 79 87 99 17 90 33 70 60 41 44 43 29 23 15 7 15 81 56 17 87 24 76 16 79 7 97 14 41 2 74 60 89 59 96 76 97 81 55 39 1 75 27 23 61 11 47 89 72 16 59 3 59 64 4 38 34 32 35 98 89 21 72 53 36 51 53 53 96 49 33 20 61 9 48 87 71 31 99 4 1 77 83 98 48 98 92 8 58 47 10 72 97 62 45 58 22
80 37 87 97 79 87 99 17 90 33 70 60 41 44 43 29 23 15 7 15 81 56 17 87 24 76 16 79 7 97 14 41 2 74 60 89 59 96 76 97 81 55 39 1 75 27 23 61 11 47 89 72 16 59 3 59 64 4 38 34 32 35 98 89 21 72 53 36 51 53 53 96 49 33 20 61 9 48 87 71 31 99 4 1 77 83 98 48 98 92 8 58 47 10 72 97 62 45 58 22
80 37 87 97 79 87 99 17 90 33 70 60 41 44 43 29 23 15 7 15 81 56 17 87 24 76 16 79 7 97 14 41 2 74 60 89 59 96 76 97 81 55 39 1 75 27 23 61 11 47 89 72 16 59 3 59 64 4 38 34 32 35 98 89 21 72 53 36 51 53 53 96 49 33 20 61 9 48 87 71 31 99 4 1 77 83 98 48 98 92 8 58 47 10 72 97 62 45 58 22
80 37 87 97 79 87 99 17 90 33 70 60 41 44 43 29 23 15 7 15 81 56 17 87 24 76 16 79 7 97 14 41 2 74 60 89 59 96 76 97 81 55 39 1 75 27 23 61 11 47 89 72 16 59 3 59 64 4 38 34 32 35 98 89 21 72 53 36 51 53 53 96 49 33 20 61 9 48 87 71 31 99 4 1 77 83 98 48 98 92 8 58 47 10 72 97 62 45 58 22
80 37 87 97 79 87 99 17 90 33 70 60 41 44 43 29 23 15 7 15 81 56 17 87 24 76 16 79 7 97 14 41 2 74 60 89 59 96 76 97 81 55 39 1 75 27 23 61 11 47 89 72 16 59 3 59 64 4 38 34 32 35 98 89 21 72 53 36 51 53 53 96 49 33 20 61 9 48 87 71 31 99 4 1 77 83 98 48 98 92 8 58 47 10 72 97 62 45 58 22
80 37 87 97 79 87 99 17 90 33 70 60 41 44 43 29 23 15 7 15 81 56 17 87 24 76 16 79 7 97 14 41 2 74 60 89 59 96 76 97 81 55 39 1 75 27 23 61 11 47 89 72 16 59 3 59 64 4 38 34 32 35 98 89 21 72 53 36 51 53 53 96 49 33 20 61 9 48 87 71 31 99 4 1 77 83 98 48 98 92 8 58 47 10 72 97 62 45 58 22
80 37 87 97 79 87 99 17 90 33 70 60 41 44 43 29 23 15 7 15 81 56 17 87 24 76 16 79 7 97 14 41 2 74 60 89 59 96 76 97 81 55 39 1 75 27 23 61 11 47 89 72 16 59 3 59 64 4 38 34 32 35 98 89 21 72 53 36 51 53 53 96 49 33 20 61 9 48 87 71 31 99 4 1 77 83 98 48 98 92 8 58 47 10 72 97 62 45 58 22
80 37 87 97 79 87 99 17 90 33 70 60 41 44 43 29 23 15 7 15 81 56 17 87 24 76 16 79 7 97 14 41 2 74 60 89 59 96 76 97 81 55 39 1 75 27 23 61 11 47 89 72 16 59 3 59 64 4 38 34 32 35 98 89 21 72 53 36 51 53 53 96 49 33 20 61 9 48 87 71 31 99 4 1 77 83 98 48 98 92 8 58 47 10 72 97 62 45 58 22
80 37 87 97 79 87 99 17 90 33 70 60 41 44 43 29 23 15 7 15 81 56 17 87 24 76 16 79 7 97 14 41 2 74 60 89 59 96 76 97 81 55 39 1 75 27 23 61 11 47 89 72 16 59 3 59 64 4 38 34 32 35 98 89 21 72 53 36 51 53 53 96 49 33 20 61 9 48 87 71 31 99 4 1 77 83 98 48 98 92 8 58 47 10 72 97 62 45 58 22
80 37 87 97 79 87 99 17 90 33 70 60 41 44 43 29 23 15 7 15 81 56 17 87 24 76 16 79 7 97 14 41 2 74 60 89 59 96 76 97 81 55 39 1 75 27 23 61 11 47 89 72 16 59 3 59 64 4 38 34 32 35 98 89 21 72 53 36 51 53 53 96 49 33 20 61 9 48 87 71 31 99 4 1 77 83 98 48 98 92 8 58 47 10 72 97 62 45 58 22
80 37 87 97 79 87 99 17 90 33 70 60 41 44 43 29 23 15 7 15 81 56 17 87 24 76 16 79 7 97 14 41 2 74 60 89 59 96 76 97 81 55 39 1 75 27 23 61 11 47 89 72 16 59 3 59 64 4 38 34 32 35 98 89 21 72 53 36 51 53 53 96 49 33 20 61 9 48 87 71 31 99 4 1 77 83 98 48 98 92 8 58 47 10 72 97 62 45 58 22
80 37 87 97 79 87 99 17 90 33 70 60 41 44 43 29 23 15 7 15 81 56 17 87 24 76 16 79 7 97 14 41 2 74 60 89 59 96 76 97 81 55 39 1 75 27 23 61 11 47 89 72 16 59 3 59 64 4 38 34 32 35 98 89 21 72 53 36 51 53 53 96 49 33 20 61 9 48 87 71 31 99 4 1 77 83 98 48 98 92 8 58 47 10 72 97 62 45 58 22
80 37 87 97 79 87 99 17 90 33 70 60 41 44 43 29 23 15 7 15 81 56 17 87 24 76 16 79 7 97 14 41 2 74 60 89 59 96 76 97 81 55 39 1 75 27 23 61 11 47 89 72 16 59 3 59 64 4 38 34 32 35 98 89 21 72 53 36 51 53 53 96 49 33 20 61 9 48 87 71 31 99 4 1 77 83 98 48 98 92 8 58 47 10 72 97 62 45 58 22
80 37 87 97 79 87 99 17 90 33 70 60 41 44 43 29 23 15 7 15 81 56 17 87 24 76 16 79 7 97 14 41 2 74 60 89 59 96 76 97 81 55 39 1 75 27 23 61 11 47 89 72 16 59 3 59 64 4 38 34 32 35 98 89 21 72 53 36 51 53 53 96 49 33 20 61 9 48 87 71 31 99 4 1 77 83 98 48 98 92 8 58 47 10 72 97 62 45 58 22
80 37 87 97 79 87 99 17 90 33 70 60 41 44 43 29 23 15 7 15 81 56 17 87 24 76 16 79 7 97 14 41 2 74 60 89 59 96 76 97 81 55 39 1 75 27 23 61 11 47 89 72 16 59 3 59 64 4 38 34 32 35 98 89 21 72 53 36 51 53 53 96 49 33 20 61 9 48 87 71 31 99 4 1 77 83 98 48 98 92 8 58 47 10 72 97 62 45 58 22
80 37 87 97 79 87 99 17 90 33 70 60 41 44 43 29 23 15 7 15 81 56 17 87 24 76 16 79 7 97 14 41 2 74 60 89 59 96 76 97 81 55 39 1 75 27 23 61 11 47 89 72 16 59 3 59 64 4 38 34 32 35 98 89 21 72 53 36 51 53 53 96 49 33 20 61 9 48 87 71 31 99 4 1 77 83 98 48 98 92 8 58 47 10 72 97 62 45 58 22
80 37 87 97 79 87 99 17 90 33 70 60 41 44 43 29 23 15 7 15 81 56 17 87 24 76 16 79 7 97 14 41 2 74 60 89 59 96 76 97 81 55 39 1 75 27 23 61 11 47 89 72 16 59 3 59 64 4 38 34 32 35 98 89 21 72 53 36 51 53 53 96 49 33 20 61 9 48 87 71 31 99 4 1 77 83 98 48 98 92 8 58 47 10 72 97 62 45 58 22
80 37 87 97 79 87 99 17 90 33 70 60 41 44 43 29 23 15 7 15 81 56 17 87 24 76 16 79 7 97 14 41 2 74 60 89 59 96 76 97 81 55 39 1 75 27 23 61 11 47 89 72 16 59 3 59 64 4 38 34 32 35 98 89 21 72 53 36 51 53 53 96 49 33 20 61 9 48 87 71 31 99 4 1 77 83 98 48 98 92 8 58 47 10 72 97 62 45 58 22
80 37 87 97 79 87 99 17 90 33 70 60 41 44 43 29 23 15 7 15 81 56 17 87 24 76 16 79 7 97 14 41 2 74 60 89 59 96 76 97 81 55 39 1 75 27 23 61 11 47 89 72 16 59 3 59 64 4 38 34 32 35 98 89 21 72 53 36 51 53 53 96 49 33 20 61 9 48 87 71 31 99 4 1 77 83 98 48 98 92 8 58 47 10 72 97 62 45 58 22
80 37 87 97 79 87 99 17 90 33 70 60 41 44 43 29 23 15 7 15 81 56 17 87 24 76 16 79 7 97 14 41 2 74 60 89 59 96 76 97 81 55 39 1 75 27 23 61 11 47 89 72 16 59 3 59 64 4 38 34 32 35 98 89 21 72 53 36 51 53 53 96 49 33 20 61 9 48 87 71 31 99 4 1 77 83 98 48 98 92 8 58 47 10 72 97 62 45 58 22
80 37 87 97 79 87 99 17 90 33 70 60 41 44 43 29 23 15 7 15 81 56 17 87 24 76 16 79 7 97 14 41 2 74 60 89 59 96 76 97 81 55 39 1 75 27 23 61 11 47 89 72 16 59 3 59 64 4 38 34 32 35 98 89 21 72 53 36 51 53 53 96 49 33 20 61 9 48 87 71 31 99 4 1 77 83 98 48 98 92 8 58 47 10 72 97 62 45 58 22
80 37 87 97 79 87 99 17 90 33 70 60 41 44 43 29 23 15 7 15 81 56 17 87 24 76 16 79 7 97 14 41 2 74 60 89 59 96 76 97 81 55 39 1 75 27 23 61 11 47 89 72 16 59 3 59 64 4 38 34 32 35 98 89 21 72 53 36 51 53 53 96 49 33 20 61 9 48 87 71 31 99 4 1 77 83 98 48 98 92 8 58 47 10 72 97 62 45 58 22
80 37 87 97 79 87 99 17 90 33 70 60 41 44 43 29 23 15 7 15 81 56 17 87 24 76 16 79 7 97 14 41 2 74 60 89 59 96 76 97 81 55 39 1 75 27 23 61 11 47 89 72 16 59 3 59 64 4 38 34 32 35 98 89 21 72 53 36 51 53 53 96 49 33 20 61 9 48 87 71 31 99 4 1 77 83 98 48 98 92 8 58 47 10 72 97 62 45 58 22
80 37 87 97 79 87 99 17 90 33 70 60 41 44 43 29 23 15 7 15 81 56 17 87 24 76 16 79 7 97 14 41 2 74 60 89 59 96 76 97 81 55 39 1 75 27 23 61 11 47 89 72 16 59 3 59 64 4 38 34 32 35 98 89 21 72 53 36 51 53 53 96 49 33 20 61 9 48 87 71 31 99 4 1 77 83 98 48 98 92 8 58 47 10 72 97 62 45 58 22
80 37 87 97 79 87 99 17 90 33 70 60 41 44 43 29 23 15 7 15 81 56 17 87 24 76 16 79 7 97 14 41 2 74 60 89 59 96 76 97 81 55 39 1 75 27 23 61 11 47 89 72 16 59 3 59 64 4 38 34 32 35 98 89 21 72 53 36 51 53 53 96 49 33 20 61 9 48 87 71 31 99 4 1 77 83 98 48 98 92 8 58 47 10 72 97 62 45 58 22
80 37 87 97 79 87 99 17 90 33 70 60 41 44 43 29 23 15 7 15 81 56 17 87 24 76 16 79 7 97 14 41 2 74 60 89 59 96 76 97 81 55 39 1 75 27 23 61 11 47 89 72 16 59 3 59 64 4 38 34 32 35 98 89 21 72 53 36 51 53 53 96 49 33 20 61 9 48 87 71 31 99 4 1 77 83 98 48 98 92 8 58 47 10 72 97 62 45 58 22
80 37 87 97 79 87 99 17 90 33 70 60 41 44 43 29 23 15 7 15 81 56 17 87 24 76 16 79 7 97 14 41 2 74 60 89 59 96 76 97 81 55 39 1 75 27 23 61 11 47 89 72 16 59 3 59 64 4 38 34 32 35 98 89 21 72 53 36 51 53 53 96 49 33 20 61 9 48 87 71 31 99 4 1 77 83 98 48 98 92 8 58 47 10 72 97 62 45 58 22
80 37 87 97 79 87 99 17 90 33 70 60 41 44 43 29 23 15 7 15 81 56 17 87 24 76 16 79 7 97 14 41 2 74 60 89 59 96 76 97 81 55 39 1 75 27 23 61 11 47 89 72 16 59 3 59 64 4 38 34 32 35 98 89 21 72 53 36 51 53 53 96 49 33 20 61 9 48 87 71 31 99 4 1 77 83 98 48 98 92 8 58 47 10 72 97 62 45 58 22
80 37 87 97 79 87 99 17 90 33 70 60 41 44 43 29 23 15 7 15 81 56 17 87 24 76 16 79 7 97 14 41 2 74 60 89 59 96 76 97 81 55 39 1 75 27 23 61 11 47 89 72 16 59 3 59 64 4 38 34 32 35 98 89 21 72 53 36 51 53 53 96 49 33 20 61 9 48 87 71 31 99 4 1 77 83 98 48 98 92 8 58 47 10 72 97 62 45 58 22
80 37 87 97 79 87 99 17 90 33 70 60 41 44 43 29 23 15 7 15 81 56 17 87 24 76 16 79 7 97 14 41 2 74 60 89 59 96 76 97 81 55 39 1 75 27 23 61 11 47 89 72 16 59 3 59 64 4 38 34 32 35 98 89 21 72 53 36 51 53 53 96 49 33 20 61 9 48 87 71 31 99 4 1 77 83 98 48 98 92 8 58 47 10 72 97 62 45 58 22
80 37 87 97 79 87 99 17 90 33 70 60 41 44 43 29 23 15 7 15 81 56 17 87 24 76 16 79 7 97 14 41 2 74 60 89 59 96 76 97 81 55 39 1 75 27 23 61 11 47 89 72 16 59 3 59 64 4 38 34 32 35 98 89 21 72 53 36 51 53 53 96 49 33 20 61 9 48 87 71 31 99 4 1 77 83 98 48 98 92 8 58 47 10 72 97 62 45 58 22
80 37 87 97 79 87 99 17 90 33 70 60 41 44 43 29 23 15 7 15 81 56 17 87 24 76 16 79 7 97 14 41 2 74 60 89 59 96 76 97 81 55 39 1 75 27 23 61 11 47 89 72 16 59 3 59 64 4 38 34 32 35 98 89 21 72 53 36 51 53 53 96 49 33 20 61 9 48 87 71 31 99 4 1 77 83 98 48 98 92 8 58 47 10 72 97 62 45 58 22
80 37 87 97 79 87 99 17 90 33 70 60 41 44 43 29 23 15 7 15 81 56 17 87 24 76 16 79 7 97 14 41 2 74 60 89 59 96 76 97 81 55 39 1 75 27 23 61 11 47 89 72 16 59 3 59 64 4 38 34 32 35 98 89 21 72 53 36 51 53 53 96 49 33 20 61 9 48 87 71 31 99 4 1 77 83 98 48 98 92 8 58 47 10 72 97 62 45 58 22
80 37 87 97 79 87 99 17 90 33 70 60 41 44 43 29 23 15 7 15 81 56 17 87 24 76 16 79 7 97 14 41 2 74 60 89 59 96 76 97 81 55 39 1 75 27 23 61 11 47 89 72 16 59 3 59 64 4 38 34 32 35 98 89 21 72 53 36 51 53 53 96 49 33 20 61 9 48 87 71 31 99 4 1 77 83 98 48 98 92 8 58 47 10 72 97 62 45 58 22
80 37 87 97 79 87 99 17 90 33 70 60 41 44 43 29 23 15 7 15 81 56 17 87 24 76 16 79 7 97 14 41 2 74 60 89 59 96 76 97 81 55 39 1 75 27 23 61 11 47 89 72 16 59 3 59 64 4 38 34 32 35 98 89 21 72 53 36 51 53 53 96 49 33 20 61 9 48 87 71 31 99 4 1 77 83 98 48 98 92 8 58 47 10 72 97 62 45 58 22
80 37 87 97 79 87 99 17 90 33 70 60 41 44 43 29 23 15 7 15 81 56 17 87 24 76 16 79 7 97 14 41 2 74 60 89 59 96 76 97 81 55 39 1 75 27 23 61 11 47 89 72 16 59 3 59 64 4 38 34 32 35 98 89 21 72 53 36 51 53 53 96 49 33 20 61 9 48 87 71 31 99 4 1 77 83 98 48 98 92 8 58 47 10 72 97 62 45 58 22
80 37 87 97 79 87 99 17 90 33 70 60 41 44 43 29 23 15 7 15 81 56 17 87 24 76 16 79 7 97 14 41 2 74 60 89 59 96 76 97 81 55 39 1 75 27 23 61 11 47 89 72 16 59 3 59 64 4 38 34 32 35 98 89 21 72 53 36 51 53 53 96 49 33 20 61 9 48 87 71 31 99 4 1 77 83 98 48 98 92 8 58 47 10 72 97 62 45 58 22
80 37 87 97 79 87 99 17 90 33 70 60 41 44 43 29 23 15 7 15 81 56 17 87 24 76 16 79 7 97 14 41 2 74 60 89 59 96 76 97 81 55 39 1 75 27 23 61 11 47 89 72 16 59 3 59 64 4 38 34 32 35 98 89 21 72 53 36 51 53 53 96 49 33 20 61 9 48 87 71 31 99 4 1 77 83 98 48 98 92 8 58 47 10 72 97 62 45 58 22
80 37 87 97 79 87 99 17 90 33 70 60 41 44 43 29 23 15 7 15 81 56 17 87 24 76 16 79 7 97 14 41 2 74 60 89 59 96 76 97 81 55 39 1 75 27 23 61 11 47 89 72 16 59 3 59 64 4 38 34 32 35 98 89 21 72 53 36 51 53 53 96 49 33 20 61 9 48 87 71 31 99 4 1 77 83 98 48 98 92 8 58 47 10 72 97 62 45 58 22
80 37 87 97 79 87 99 17 90 33 70 60 41 44 43 29 23 15 7 15 81 56 17 87 24 76 16 79 7 97 14 41 2 74 60 89 59 96 76 97 81 55 39 1 75 27 23 61 11 47 89 72 16 59 3 59 64 4 38 34 32 35 98 89 21 72 53 36 51 53 53 96 49 33 20 61 9 48 87 71 31 99 4 1 77 83 98 48 98 92 8 58 47 10 72 97 62 45 58 22
80 37 87 97 79 87 99 17 90 33 70 60 41 44 43 29 23 15 7 15 81 56 17 87 24 76 16 79 7 97 14 41 2 74 60 89 59 96 76 97 81 55 39 1 75 27 23 61 11 47 89 72 16 59 3 59 64 4 38 34 32 35 98 89 21 72 53 36 51 53 53 96 49 33 20 61 9 48 87 71 31 99 4 1 77 83 98 48 98 92 8 58 47 10 72 97 62 45 58 22
80 37 87 97 79 87 99 17 90 33 70 60 41 44 43 29 23 15 7 15 81 56 17 87 24 76 16 79 7 97 14 41 2 74 60 89 59 96 76 97 81 55 39 1 75 27 23 61 11 47 89 72 16 59 3 59 64 4 38 34 32 35 98 89 21 72 53 36 51 53 53 96 49 33 20 61 9 48 87 71 31 99 4 1 77 83 98 48 98 92 8 58 47 10 72 97 62 45 58 22
80 37 87 97 79 87 99 17 90 33 70 60 41 44 43 29 23 15 7 15 81 56 17 87 24 76 16 79 7 97 14 41 2 74 60 89 59 96 76 97 81 55 39 1 75 27 23 61 11 47 89 72 16 59 3 59 64 4 38 34 32 35 98 89 21 72 53 36 51 53 53 96 49 33 20 61 9 48 87 71 31 99 4 1 77 83 98 48 98 92 8 58 47 10 72 97 62 45 58 22
80 37 87 97 79 87 99 17 90 33 70 60 41 44 43 29 23 15 7 15 81 56 17 87 24 76 16 79 7 97 14 41 2 74 60 89 59 96 76 97 81 55 39 1 75 27 23 61 11 47 89 72 16 59 3 59 64 4 38 34 32 35 98 89 21 72 53 36 51 53 53 96 49 33 20 61 9 48 87 71 31 99 4 1 77 83 98 48 98 92 8 58 47 10 72 97 62 45 58 22
80 37 87 97 79 87 99 17 90 33 70 60 41 44 43 29 23 15 7 15 81 56 17 87 24 76 16 79 7 97 14 41 2 74 60 89 59 96 76 97 81 55 39 1 75 27 23 61 11 47 89 72 16 59 3 59 64 4 38 34 32 35 98 89 21 72 53 36 51 53 53 96 49 33 20 61 9 48 87 71 31 99 4 1 77 83 98 48 98 92 8 58 47 10 72 97 62 45 58 22
80 37 87 97 79 87 99 17 90 33 70 60 41 44 43 29 23 15 7 15 81 56 17 87 24 76 16 79 7 97 14 41 2 74 60 89 59 96 76 97 81 55 39 1 75 27 23 61 11 47 89 72 16 59 3 59 64 4 38 34 32 35 98 89 21 72 53 36 51 53 53 96 49 33 20 61 9 48 87 71 31 99 4 1 77 83 98 48 98 92 8 58 47 10 72 97 62 45 58 22
80 37 87 97 79 87 99 17 90 33 70 60 41 44 43 29 23 15 7 15 81 56 17 87 24 76 16 79 7 97 14 41 2 74 60 89 59 96 76 97 81 55 39 1 75 27 23 61 11 47 89 72 16 59 3 59 64 4 38 34 32 35 98 89 21 72 53 36 51 53 53 96 49 33 20 61 9 48 87 71 31 99 4 1 77 83 98 48 98 92 8 58 47 10 72 97 62 45 58 22
80 37 87 97 79 87 99 17 90 33 70 60 41 44 43 29 23 15 7 15 81 56 17 87 24 76 16 79 7 97 14 41 2 74 60 89 59 96 76 97 81 55 39 1 75 27 23 61 11 47 89 72 16 59 3 59 64 4 38 34 32 35 98 89 21 72 53 36 51 53 53 96 49 33 20 61 9 48 87 71 31 99 4 1 77 83 98 48 98 92 8 58 47 10 72 97 62 45 58 22
80 37 87 97 79 87 99 17 90 33 70 60 41 44 43 29 23 15 7 15 81 56 17 87 24 76 16 79 7 97 14 41 2 74 60 89 59 96 76 97 81 55 39 1 75 27 23 61 11 47 89 72 16 59 3 59 64 4 38 34 32 35 98 89 21 72 53 36 51 53 53 96 49 33 20 61 9 48 87 71 31 99 4 1 77 83 98 48 98 92 8 58 47 10 72 97 62 45 58 22
80 37 87 97 79 87 99 17 90 33 70 60 41 44 43 29 23 15 7 15 81 56 17 87 24 76 16 79 7 97 14 41 2 74 60 89 59 96 76 97 81 55 39 1 75 27 23 61 11 47 89 72 16 59 3 59 64 4 38 34 32 35 98 89 21 72 53 36 51 53 53 96 49 33 20 61 9 48 87 71 31 99 4 1 77 83 98 48 98 92 8 58 47 10 72 97 62 45 58 22
80 37 87 97 79 87 99 17 90 33 70 60 41 44 43 29 23 15 7 15 81 56 17 87 24 76 16 79 7 97 14 41 2 74 60 89 59 96 76 97 81 55 39 1 75 27 23 61 11 47 89 72 16 59 3 59 64 4 38 34 32 35 98 89 21 72 53 36 51 53 53 96 49 33 20 61 9 48 87 71 31 99 4 1 77 83 98 48 98 92 8 58 47 10 72 97 62 45 58 22
80 37 87 97 79 87 99 17 90 33 70 60 41 44 43 29 23 15 7 15 81 56 17 87 24 76 16 79 7 97 14 41 2 74 60 89 59 96 76 97 81 55 39 1 75 27 23 61 11 47 89 72 16 59 3 59 64 4 38 34 32 35 98 89 21 72 53 36 51 53 53 96 49 33 20 61 9 48 87 71 31 99 4 1 77 83 98 48 98 92 8 58 47 10 72 97 62 45 58 22
80 37 87 97 79 87 99 17 90 33 70 60 41 44 43 29 23 15 7 15 81 56 17 87 24 76 16 79 7 97 14 41 2 74 60 89 59 96 76 97 81 55 39 1 75 27 23 61 11 47 89 72 16 59 3 59 64 4 38 34 32 35 98 89 21 72 53 36 51 53 53 96 49 33 20 61 9 48 87 71 31 99 4 1 77 83 98 48 98 92 8 58 47 10 72 97 62 45 58 22
80 37 87 97 79 87 99 17 90 33 70 60 41 44 43 29 23 15 7 15 81 56 17 87 24 76 16 79 7 97 14 41 2 74 60 89 59 96 76 97 81 55 39 1 75 27 23 61 11 47 89 72 16 59 3 59 64 4 38 34 32 35 98 89 21 72 53 36 51 53 53 96 49 33 20 61 9 48 87 71 31 99 4 1 77 83 98 48 98 92 8 58 47 10 72 97 62 45 58 22
80 37 87 97 79 87 99 17 90 33 70 60 41 44 43 29 23 15 7 15 81 56 17 87 24 76 16 79 7 97 14 41 2 74 60 89 59 96 76 97 81 55 39 1 75 27 23 61 11 47 89 72 16 59 3 59 64 4 38 34 32 35 98 89 21 72 53 36 51 53 53 96 49 33 20 61 9 48 87 71 31 99 4 1 77 83 98 48 98 92 8 58 47 10 72 97 62 45 58 22
80 37 87 97 79 87 99 17 90 33 70 60 41 44 43 29 23 15 7 15 81 56 17 87 24 76 16 79 7 97 14 41 2 74 60 89 59 96 76 97 81 55 39 1 75 27 23 61 11 47 89 72 16 59 3 59 64 4 38 34 32 35 98 89 21 72 53 36 51 53 53 96 49 33 20 61 9 48 87 71 31 99 4 1 77 83 98 48 98 92 8 58 47 10 72 97 62 45 58 22
80 37 87 97 79 87 99 17 90 33 70 60 41 44 43 29 23 15 7 15 81 56 17 87 24 76 16 79 7 97 14 41 2 74 60 89 59 96 76 97 81 55 39 1 75 27 23 61 11 47 89 72 16 59 3 59 64 4 38 34 32 35 98 89 21 72 53 36 51 53 53 96 49 33 20 61 9 48 87 71 31 99 4 1 77 83 98 48 98 92 8 58 47 10 72 97 62 45 58 22
80 37 87 97 79 87 99 17 90 33 70 60 41 44 43 29 23 15 7 15 81 56 17 87 24 76 16 79 7 97 14 41 2 74 60 89 59 96 76 97 81 55 39 1 75 27 23 61 11 47 89 72 16 59 3 59 64 4 38 34 32 35 98 89 21 72 53 36 51 53 53 96 49 33 20 61 9 48 87 71 31 99 4 1 77 83 98 48 98 92 8 58 47 10 72 97 62 45 58 22
80 37 87 97 79 87 99 17 90 33 70 60 41 44 43 29 23 15 7 15 81 56 17 87 24 76 16 79 7 97 14 41 2 74 60 89 59 96 76 97 81 55 39 1 75 27 23 61 11 47 89 72 16 59 3 59 64 4 38 34 32 35 98 89 21 72 53 36 51 53 53 96 49 33 20 61 9 48 87 71 31 99 4 1 77 83 98 48 98 92 8 58 47 10 72 97 62 45 58 22
80 37 87 97 79 87 99 17 90 33 70 60 41 44 43 29 23 15 7 15 81 56 17 87 24 76 16 79 7 97 14 41 2 74 60 89 59 96 76 97 81 55 39 1 75 27 23 61 11 47 89 72 16 59 3 59 64 4 38 34 32 35 98 89 21 72 53 36 51 53 53 96 49 33 20 61 9 48 87 71 31 99 4 1 77 83 98 48 98 92 8 58 47 10 72 97 62 45 58 22
80 37 87 97 79 87 99 17 90 33 70 60 41 44 43 29 23 15 7 15 81 56 17 87 24 76 16 79 7 97 14 41 2 74 60 89 59 96 76 97 81 55 39 1 75 27 23 61 11 47 89 72 16 59 3 59 64 4 38 34 32 35 98 89 21 72 53 36 51 53 53 96 49 33 20 61 9 48 87 71 31 99 4 1 77 83 98 48 98 92 8 58 47 10 72 97 62 45 58 22
80 37 87 97 79 87 99 17 90 33 70 60 41 44 43 29 23 15 7 15 81 56 17 87 24 76 16 79 7 97 14 41 2 74 60 89 59 96 76 97 81 55 39 1 75 27 23 61 11 47 89 72 16 59 3 59 64 4 38 34 32 35 98 89 21 72 53 36 51 53 53 96 49 33 20 61 9 48 87 71 31 99 4 1 77 83 98 48 98 92 8 58 47 10 72 97 62 45 58 22
80 37 87 97 79 87 99 17 90 33 70 60 41 44 43 29 23 15 7 15 81 56 17 87 24 76 16 79 7 97 14 41 2 74 60 89 59 96 76 97 81 55 39 1 75 27 23 61 11 47 89 72 16 59 3 59 64 4 38 34 32 35 98 89 21 72 53 36 51 53 53 96 49 33 20 61 9 48 87 71 31 99 4 1 77 83 98 48 98 92 8 58 47 10 72 97 62 45 58 22
80 37 87 97 79 87 99 17 90 33 70 60 41 44 43 29 23 15 7 15 81 56 17 87 24 76 16 79 7 97 14 41 2 74 60 89 59 96 76 97 81 55 39 1 75 27 23 61 11 47 89 72 16 59 3 59 64 4 38 34 32 35 98 89 21 72 53 36 51 53 53 96 49 33 20 61 9 48 87 71 31 99 4 1 77 83 98 48 98 92 8 58 47 10 72 97 62 45 58 22
80 37 87 97 79 87 99 17 90 33 70 60 41 44 43 29 23 15 7 15 81 56 17 87 24 76 16 79 7 97 14 41 2 74 60 89 59 96 76 97 81 55 39 1 75 27 23 61 11 47 89 72 16 59 3 59 64 4 38 34 32 35 98 89 21 72 53 36 51 53 53 96 49 33 20 61 9 48 87 71 31 99 4 1 77 83 98 48 98 92 8 58 47 10 72 97 62 45 58 22
80 37 87 97 79 87 99 17 90 33 70 60 41 44 43 29 23 15 7 15 81 56 17 87 24 76 16 79 7 97 14 41 2 74 60 89 59 96 76 97 81 55 39 1 75 27 23 61 11 47 89 72 16 59 3 59 64 4 38 34 32 35 98 89 21 72 53 36 51 53 53 96 49 33 20 61 9 48 87 71 31 99 4 1 77 83 98 48 98 92 8 58 47 10 72 97 62 45 58 22
80 37 87 97 79 87 99 17 90 33 70 60 41 44 43 29 23 15 7 15 81 56 17 87 24 76 16 79 7 97 14 41 2 74 60 89 59 96 76 97 81 55 39 1 75 27 23 61 11 47 89 72 16 59 3 59 64 4 38 34 32 35 98 89 21 72 53 36 51 53 53 96 49 33 20 61 9 48 87 71 31 99 4 1 77 83 98 48 98 92 8 58 47 10 72 97 62 45 58 22
80 37 87 97 79 87 99 17 90 33 70 60 41 44 43 29 23 15 7 15 81 56 17 87 24 76 16 79 7 97 14 41 2 74 60 89 59 96 76 97 81 55 39 1 75 27 23 61 11 47 89 72 16 59 3 59 64 4 38 34 32 35 98 89 21 72 53 36 51 53 53 96 49 33 20 61 9 48 87 71 31 99 4 1 77 83 98 48 98 92 8 58 47 10 72 97 62 45 58 22
80 37 87 97 79 87 99 17 90 33 70 60 41 44 43 29 23 15 7 15 81 56 17 87 24 76 16 79 7 97 14 41 2 74 60 89 59 96 76 97 81 55 39 1 75 27 23 61 11 47 89 72 16 59 3 59 64 4 38 34 32 35 98 89 21 72 53 36 51 53 53 96 49 33 20 61 9 48 87 71 31 99 4 1 77 83 98 48 98 92 8 58 47 10 72 97 62 45 58 22
80 37 87 97 79 87 99 17 90 33 70 60 41 44 43 29 23 15 7 15 81 56 17 87 24 76 16 79 7 97 14 41 2 74 60 89 59 96 76 97 81 55 39 1 75 27 23 61 11 47 89 72 16 59 3 59 64 4 38 34 32 35 98 89 21 72 53 36 51 53 53 96 49 33 20 61 9 48 87 71 31 99 4 1 77 83 98 48 98 92 8 58 47 10 72 97 62 45 58 22
80 37 87 97 79 87 99 17 90 33 70 60 41 44 43 29 23 15 7 15 81 56 17 87 24 76 16 79 7 97 14 41 2 74 60 89 59 96 76 97 81 55 39 1 75 27 23 61 11 47 89 72 16 59 3 59 64 4 38 34 32 35 98 89 21 72 53 36 51 53 53 96 49 33 20 61 9 48 87 71 31 99 4 1 77 83 98 48 98 92 8 58 47 10 72 97 62 45 58 22
80 37 87 97 79 87 99 17 90 33 70 60 41 44 43 29 23 15 7 15 81 56 17 87 24 76 16 79 7 97 14 41 2 74 60 89 59 96 76 97 81 55 39 1 75 27 23 61 11 47 89 72 16 59 3 59 64 4 38 34 32 35 98 89 21 72 53 36 51 53 53 96 49 33 20 61 9 48 87 71 31 99 4 1 77 83 98 48 98 92 8 58 47 10 72 97 62 45 58 22
80 37 87 97 79 87 99 17 90 33 70 60 41 44 43 29 23 15 7 15 81 56 17 87 24 76 16 79 7 97 14 41 2 74 60 89 59 96 76 97 81 55 39 1 75 27 23 61 11 47 89 72 16 59 3 59 64 4 38 34 32 35 98 89 21 72 53 36 51 53 53 96 49 33 20 61 9 48 87 71 31 99 4 1 77 83 98 48 98 92 8 58 47 10 72 97 62 45 58 22
80 37 87 97 79 87 99 17 90 33 70 60 41 44 43 29 23 15 7 15 81 56 17 87 24 76 16 79 7 97 14 41 2 74 60 89 59 96 76 97 81 55 39 1 75 27 23 61 11 47 89 72 16 59 3 59 64 4 38 34 32 35 98 89 21 72 53 36 51 53 53 96 49 33 20 61 9 48 87 71 31 99 4 1 77 83 98 48 98 92 8 58 47 10 72 97 62 45 58 22
80 37 87 97 79 87 99 17 90 33 70 60 41 44 43 29 23 15 7 15 81 56 17 87 24 76 16 79 7 97 14 41 2 74 60 89 59 96 76 97 81 55 39 1 75 27 23 61 11 47 89 72 16 59 3 59 64 4 38 34 32 35 98 89 21 72 53 36 51 53 53 96 49 33 20 61 9 48 87 71 31 99 4 1 77 83 98 48 98 92 8 58 47 10 72 97 62 45 58 22
80 37 87 97 79 87 99 17 90 33 70 60 41 44 43 29 23 15 7 15 81 56 17 87 24 76 16 79 7 97 14 41 2 74 60 89 59 96 76 97 81 55 39 1 75 27 23 61 11 47 89 72 16 59 3 59 64 4 38 34 32 35 98 89 21 72 53 36 51 53 53 96 49 33 20 61 9 48 87 71 31 99 4 1 77 83 98 48 98 92 8 58 47 10 72 97 62 45 58 22
80 37 87 97 79 87 99 17 90 33 70 60 41 44 43 29 23 15 7 15 81 56 17 87 24 76 16 79 7 97 14 41 2 74 60 89 59 96 76 97 81 55 39 1 75 27 23 61 11 47 89 72 16 59 3 59 64 4 38 34 32 35 98 89 21 72 53 36 51 53 53 96 49 33 20 61 9 48 87 71 31 99 4 1 77 83 98 48 98 92 8 58 47 10 72 97 62 45 58 22
80 37 87 97 79 87 99 17 90 33 70 60 41 44 43 29 23 15 7 15 81 56 17 87 24 76 16 79 7 97 14 41 2 74 60 89 59 96 76 97 81 55 39 1 75 27 23 61 11 47 89 72 16 59 3 59 64 4 38 34 32 35 98 89 21 72 53 36 51 53 53 96 49 33 20 61 9 48 87 71 31 99 4 1 77 83 98 48 98 92 8 58 47 10 72 97 62 45 58 22
80 37 87 97 79 87 99 17 90 33 70 60 41 44 43 29 23 15 7 15 81 56 17 87 24 76 16 79 7 97 14 41 2 74 60 89 59 96 76 97 81 55 39 1 75 27 23 61 11 47 89 72 16 59 3 59 64 4 38 34 32 35 98 89 21 72 53 36 51 53 53 96 49 33 20 61 9 48 87 71 31 99 4 1 77 83 98 48 98 92 8 58 47 10 72 97 62 45 58 22
80 37 87 97 79 87 99 17 90 33 70 60 41 44 43 29 23 15 7 15 81 56 17 87 24 76 16 79 7 97 14 41 2 74 60 89 59 96 76 97 81 55 39 1 75 27 23 61 11 47 89 72 16 59 3 59 64 4 38 34 32 35 98 89 21 72 53 36 51 53 53 96 49 33 20 61 9 48 87 71 31 99 4 1 77 83 98 48 98 92 8 58 47 10 72 97 62 45 58 22
80 37 87 97 79 87 99 17 90 33 70 60 41 44 43 29 23 15 7 15 81 56 17 87 24 76 16 79 7 97 14 41 2 74 60 89 59 96 76 97 81 55 39 1 75 27 23 61 11 47 89 72 16 59 3 59 64 4 38 34 32 35 98 89 21 72 53 36 51 53 53 96 49 33 20 61 9 48 87 71 31 99 4 1 77 83 98 48 98 92 8 58 47 10 72 97 62 45 58 22
80 37 87 97 79 87 99 17 90 33 70 60 41 44 43 29 23 15 7 15 81 56 17 87 24 76 16 79 7 97 14 41 2 74 60 89 59 96 76 97 81 55 39 1 75 27 23 61 11 47 89 72 16 59 3 59 64 4 38 34 32 35 98 89 21 72 53 36 51 53 53 96 49 33 20 61 9 48 87 71 31 99 4 1 77 83 98 48 98 92 8 58 47 10 72 97 62 45 58 22
80 37 87 97 79 87 99 17 90 33 70 60 41 44 43 29 23 15 7 15 81 56 17 87 24 76 16 79 7 97 14 41 2 74 60 89 59 96 76 97 81 55 39 1 75 27 23 61 11 47 89 72 16 59 3 59 64 4 38 34 32 35 98 89 21 72 53 36 51 53 53 96 49 33 20 61 9 48 87 71 31 99 4 1 77 83 98 48 98 92 8 58 47 10 72 97 62 45 58 22
80 37 87 97 79 87 99 17 90 33 70 60 41 44 43 29 23 15 7 15 81 56 17 87 24 76 16 79 7 97 14 41 2 74 60 89 59 96 76 97 81 55 39 1 75 27 23 61 11 47 89 72 16 59 3 59 64 4 38 34 32 35 98 89 21 72 53 36 51 53 53 96 49 33 20 61 9 48 87 71 31 99 4 1 77 83 98 48 98 92 8 58 47 10 72 97 62 45 58 22
80 37 87 97 79 87 99 17 90 33 70 60 41 44 43 29 23 15 7 15 81 56 17 87 24 76 16 79 7 97 14 41 2 74 60 89 59 96 76 97 81 55 39 1 75 27 23 61 11 47 89 72 16 59 3 59 64 4 38 34 32 35 98 89 21 72 53 36 51 53 53 96 49 33 20 61 9 48 87 71 31 99 4 1 77 83 98 48 98 92 8 58 47 10 72 97 62 45 58 22
80 37 87 97 79 87 99 17 90 33 70 60 41 44 43 29 23 15 7 15 81 56 17 87 24 76 16 79 7 97 14 41 2 74 60 89 59 96 76 97 81 55 39 1 75 27 23 61 11 47 89 72 16 59 3 59 64 4 38 34 32 35 98 89 21 72 53 36 51 53 53 96 49 33 20 61 9 48 87 71 31 99 4 1 77 83 98 48 98 92 8 58 47 10 72 97 62 45 58 22
80 37 87 97 79 87 99 17 90 33 70 60 41 44 43 29 23 15 7 15 81 56 17 87 24 76 16 79 7 97 14 41 2 74 60 89 59 96 76 97 81 55 39 1 75 27 23 61 11 47 89 72 16 59 3 59 64 4 38 34 32 35 98 89 21 72 53 36 51 53 53 96 49 33 20 61 9 48 87 71 31 99 4 1 77 83 98 48 98 92 8 58 47 10 72 97 62 45 58 22
80 37 87 97 79 87 99 17 90 33 70 60 41 44 43 29 23 15 7 15 81 56 17 87 24 76 16 79 7 97 14 41 2 74 60 89 59 96 76 97 81 55 39 1 75 27 23 61 11 47 89 72 16 59 3 59 64 4 38 34 32 35 98 89 21 72 53 36 51 53 53 96 49 33 20 61 9 48 87 71 31 99 4 1 77 83 98 48 98 92 8 58 47 10 72 97 62 45 58 22
80 37 87 97 79 87 99 17 90 33 70 60 41 44 43 29 23 15 7 15 81 56 17 87 24 76 16 79 7 97 14 41 2 74 60 89 59 96 76 97 81 55 39 1 75 27 23 61 11 47 89 72 16 59 3 59 64 4 38 34 32 35 98 89 21 72 53 36 51 53 53 96 49 33 20 61 9 48 87 71 31 99 4 1 77 83 98 48 98 92 8 58 47 10 72 97 62 45 58 22
80 37 87 97 79 87 99 17 90 33 70 60 41 44 43 29 23 15 7 15 81 56 17 87 24 76 16 79 7 97 14 41 2 74 60 89 59 96 76 97 81 55 39 1 75 27 23 61 11 47 89 72 16 59 3 59 64 4 38 34 32 35 98 89 21 72 53 36 51 53 53 96 49 33 20 61 9 48 87 71 31 99 4 1 77 83 98 48 98 92 8 58 47 10 72 97 62 45 58 22
80 37 87 97 79 87 99 17 90 33 70 60 41 44 43 29 23 15 7 15 81 56 17 87 24 76 16 79 7 97 14 41 2 74 60 89 59 96 76 97 81 55 39 1 75 27 23 61 11 47 89 72 16 59 3 59 64 4 38 34 32 35 98 89 21 72 53 36 51 53 53 96 49 33 20 61 9 48 87 71 31 99 4 1 77 83 98 48 98 92 8 58 47 10 72 97 62 45 58 22
80 37 87 97 79 87 99 17 90 33 70 60 41 44 43 29 23 15 7 15 81 56 17 87 24 76 16 79 7 97 14 41 2 74 60 89 59 96 76 97 81 55 39 1 75 27 23 61 11 47 89 72 16 59 3 59 64 4 38 34 32 35 98 89 21 72 53 36 51 53 53 96 49 33 20 61 9 48 87 71 31 99 4 1 77 83 98 48 98 92 8 58 47 10 72 97 62 45 58 22
80 37 87 97 79 87 99 17 90 33 70 60 41 44 43 29 23 15 7 15 81 56 17 87 24 76 16 79 7 97 14 41 2 74 60 89 59 96 76 97 81 55 39 1 75 27 23 61 11 47 89 72 16 59 3 59 64 4 38 34 32 35 98 89 21 72 53 36 51 53 53 96 49 33 20 61 9 48 87 71 31 99 4 1 77 83 98 48 98 92 8 58 47 10 72 97 62 45 58 22
80 37 87 97 79 87 99 17 90 33 70 60 41 44 43 29 23 15 7 15 81 56 17 87 24 76 16 79 7 97 14 41 2 74 60 89 59 96 76 97 81 55 39 1 75 27 23 61 11 47 89 72 16 59 3 59 64 4 38 34 32 35 98 89 21 72 53 36 51 53 53 96 49 33 20 61 9 48 87 71 31 99 4 1 77 83 98 48 98 92 8 58 47 10 72 97 62 45 58 22
80 37 87 97 79 87 99 17 90 33 70 60 41 44 43 29 23 15 7 15 81 56 17 87 24 76 16 79 7 97 14 41 2 74 60 89 59 96 76 97 81 55 39 1 75 27 23 61 11 47 89 72 16 59 3 59 64 4 38 34 32 35 98 89 21 72 53 36 51 53 53 96 49 33 20 61 9 48 87 71 31 99 4 1 77 83 98 48 98 92 8 58 47 10 72 97 62 45 58 22
