69 10
24 58 35 57 7 56 82 68 7 86
7 31 33 27 4 50 18 54 7 44
22 4 2 16 1 48 53 42 1 4
13 44 5 27 5 0 44 45 7 16
3 5 19 15 2 13 50 50 1 73
23 31 15 19 3 42 65 52 7 24
12 2 27 49 1 4 20 30 5 37
23 22 4 21 1 46 80 3 0 73
1 51 19 43 1 36 24 48 4 58
8 41 35 32 1 18 71 67 7 51
10 16 35 36 2 41 7 63 4 70
0 36 17 51 6 37 34 9 1 26
6 8 32 6 5 34 13 13 3 80
15 34 18 14 6 31 0 48 2 40
14 53 19 33 0 32 14 14 6 7
13 45 23 30 6 24 48 53 2 34
13 34 4 6 2 56 54 11 0 14
0 25 31 14 7 35 75 0 1 46
18 48 16 55 0 42 65 12 6 58
18 40 35 28 7 43 14 53 6 61
16 15 26 53 7 2 69 67 3 46
23 38 31 48 5 9 77 61 3 0
17 54 0 23 4 56 60 15 3 57
21 50 17 1 2 1 45 2 7 0
17 12 34 46 3 12 54 24 5 4
5 18 26 4 0 16 47 39 1 22
4 36 35 37 3 32 43 30 5 22
12 8 26 26 0 35 56 7 2 18
21 10 5 13 0 6 5 29 4 27
5 35 27 52 0 34 19 12 6 9
1 38 28 47 0 18 69 35 6 68
5 0 14 40 3 29 32 50 1 75
5 29 24 49 1 0 23 43 0 85
5 17 1 41 5 12 33 67 3 38
12 39 9 29 2 4 49 54 1 21
11 16 20 1 1 31 25 37 4 16
10 42 25 2 1 44 39 68 6 13
3 18 32 16 3 31 39 6 5 43
13 52 29 25 1 38 10 57 2 58
24 18 3 18 4 37 64 11 6 3
23 1 35 21 4 43 19 50 4 38
18 16 17 2 2 0 68 0 6 49
13 53 21 49 4 10 64 23 7 20
0 23 35 20 2 27 33 67 2 68
21 54 26 0 1 29 33 59 0 62
20 17 8 39 0 31 54 48 1 41
13 56 5 57 6 55 81 35 0 72
21 55 17 50 0 30 43 68 3 25
22 56 12 17 6 32 10 4 3 76
13 35 6 23 1 3 20 50 5 37
23 46 4 45 4 48 12 30 0 7
0 35 15 40 3 23 55 59 3 78
5 54 3 50 4 48 18 50 3 34
0 11 8 17 5 6 10 45 5 5
21 21 31 9 1 15 38 57 7 51
18 12 31 16 3 5 41 3 7 41
10 32 24 34 3 42 58 13 4 45
11 31 19 11 4 29 72 50 5 8
17 43 34 28 0 16 15 15 2 35
23 23 8 16 4 37 9 26 2 11
6 34 25 10 0 6 62 63 2 35
18 36 13 4 3 18 10 48 0 31
13 44 22 33 0 14 11 67 0 28
4 25 8 9 5 11 5 53 5 75
10 35 5 55 7 44 41 30 2 29
1 0 11 54 4 49 20 57 4 20
6 51 1 14 3 54 29 53 1 48
13 24 14 14 7 23 51 35 2 29
5 1 23 8 7 8 52 63 6 37
17 39 34 31 3 11 64 12 4 74
