100 100
45 31 87 67 28 90 72 88 14 53 36 87 40 46 52 71 75 45 54 43 47 51 35 49 40 93 45 10 11 29 37 67 32 49 100 90 68 41 33 54 94 71 65 60 82 38 87 47 59 63 58 88 64 35 100 17 98 21 7 17 62 66 53 39 46 73 5 81 45 16 49 80 28 30 86 58 66 22 15 45 47 80 89 71 35 40 92 79 95 93 45 56 49 62 84 10 79 59 4 30
21 20 11 11 6 65 40 81 1 6 14 7 10 14 9 68 34 42 15 8 44 32 30 13 15 22 15 10 10 6 15 39 11 17 74 61 44 27 2 14 22 22 48 19 3 11 3 39 19 31 33 26 46 35 37 16 31 0 3 3 8 47 9 39 4 19 4 78 23 4 13 17 11 19 6 47 54 20 11 17 6 31 56 49 2 12 40 28 88 42 11 38 10 56 9 9 48 47 1 16
16 14 29 47 3 38 50 24 7 44 35 43 23 28 3 34 56 8 38 6 10 31 5 38 4 14 35 0 6 6 6 22 11 38 30 69 23 39 28 20 40 65 6 39 73 27 73 6 46 61 44 41 9 34 40 2 56 10 5 16 21 20 53 14 38 9 0 37 28 1 46 75 20 20 72 56 61 19 10 34 4 60 68 10 17 16 39 70 91 79 31 33 1 4 78 4 56 48 2 27
6 5 47 7 2 35 55 57 4 5 30 10 27 18 52 31 36 3 49 41 2 15 30 42 24 33 29 6 1 26 25 33 2 34 17 71 52 22 22 11 56 8 41 50 66 30 85 38 54 48 8 23 59 1 0 0 5 8 1 9 51 50 0 13 13 31 4 57 16 6 2 69 23 24 39 44 20 22 10 24 39 25 44 20 17 9 90 76 23 1 45 35 11 57 11 0 77 3 0 20
32 30 75 50 13 53 10 41 0 14 9 81 17 18 24 1 46 41 23 15 16 6 26 19 36 58 7 6 0 6 20 32 11 44 90 8 14 41 10 9 73 48 11 0 61 19 25 3 49 16 50 59 57 0 49 17 67 1 3 4 38 48 22 7 21 47 2 38 38 16 22 1 23 1 41 24 48 16 14 44 38 15 65 12 15 31 83 77 38 61 33 53 8 57 67 3 60 18 4 29
36 1 54 45 16 12 4 52 6 45 18 43 28 23 14 69 49 33 0 4 17 24 10 13 20 47 27 4 10 4 36 10 6 9 77 45 7 39 1 8 76 57 55 23 59 22 8 30 57 50 6 20 56 5 46 11 96 11 3 9 62 60 26 12 1 43 4 52 42 12 20 17 28 19 49 32 65 14 13 18 24 2 50 18 31 33 25 8 80 35 11 32 48 28 4 10 58 28 0 30
16 6 72 25 12 36 35 62 7 42 23 53 18 38 45 1 48 4 43 42 33 11 8 45 35 58 31 0 7 22 25 38 22 40 3 62 64 15 1 22 5 54 34 10 69 25 26 42 35 56 40 5 19 23 55 0 41 21 4 3 52 12 41 36 46 10 1 48 42 9 39 36 8 9 26 24 33 21 7 26 15 22 12 15 3 10 73 21 22 85 18 18 44 30 6 7 73 11 4 15
41 0 20 54 7 41 72 6 2 25 27 54 35 39 26 70 59 41 2 9 2 49 26 14 1 61 23 10 4 21 21 25 14 47 72 25 52 23 4 52 74 21 35 46 45 32 39 6 48 27 36 30 64 11 42 12 25 2 6 3 28 45 50 38 19 49 1 1 13 12 7 45 7 10 15 32 54 12 14 28 25 64 44 67 8 19 28 62 2 14 45 43 33 53 46 2 19 19 4 22
43 18 3 2 18 41 22 16 8 23 34 14 29 31 43 15 73 41 30 16 43 9 16 12 13 15 29 2 7 14 6 20 10 49 29 67 56 16 23 45 90 29 42 33 13 22 18 21 32 53 11 33 37 15 28 8 46 11 6 14 50 51 28 3 20 28 1 0 36 3 42 80 10 25 49 26 39 13 4 20 20 13 9 62 5 7 84 61 76 20 15 23 11 13 30 10 33 24 0 15
9 18 8 5 9 71 25 6 6 0 12 51 1 42 43 18 40 10 35 4 32 27 25 4 32 73 21 3 2 24 4 35 18 14 54 44 2 3 5 43 15 35 21 57 46 12 81 10 25 4 11 78 39 8 75 15 59 20 4 10 9 45 7 19 46 34 0 8 5 15 11 6 25 30 84 55 61 18 0 15 25 54 26 40 19 37 8 68 90 73 44 33 19 33 3 3 0 6 0 21
35 4 58 14 16 39 7 64 0 53 6 10 13 9 5 41 37 27 36 24 20 39 30 40 32 29 19 0 0 23 4 11 19 22 34 88 52 13 0 11 78 53 41 22 0 11 45 14 28 56 1 59 51 26 90 8 5 4 0 9 3 11 5 28 27 32 5 76 21 9 26 56 5 15 68 37 36 15 10 23 17 35 89 8 3 10 85 63 28 83 10 56 12 61 74 6 38 28 1 19
29 31 24 57 23 20 1 18 10 33 10 8 15 0 50 22 62 22 37 24 13 48 18 13 3 93 27 9 7 28 35 60 25 48 46 12 0 38 33 23 23 7 29 48 36 28 4 26 55 53 6 79 16 28 81 10 41 5 7 4 42 32 20 35 1 42 2 68 14 1 24 56 17 26 0 53 42 21 3 32 5 15 41 49 26 35 84 60 14 45 11 28 21 24 28 6 79 14 1 6
29 30 67 58 2 66 54 70 11 0 29 81 24 26 29 51 53 41 6 9 45 42 26 31 32 47 41 4 9 12 8 58 0 11 69 75 6 40 5 20 34 69 5 33 44 31 25 38 33 1 0 21 49 3 0 5 23 20 0 4 17 62 16 38 42 66 0 6 35 11 8 68 21 15 64 30 14 3 14 30 38 38 12 36 1 14 5 44 35 88 14 21 11 23 19 2 36 41 3 10
11 25 82 16 10 51 41 66 12 23 7 30 21 4 35 31 4 31 48 28 18 24 31 24 13 68 15 5 5 26 4 39 0 48 15 80 23 3 9 50 40 6 17 29 1 34 60 10 33 14 51 82 2 28 24 8 43 12 1 10 46 39 49 16 18 25 4 61 41 7 4 17 18 12 12 17 27 22 5 30 28 53 8 0 24 22 13 57 78 85 34 55 25 43 73 6 7 57 0 18
12 31 82 65 27 55 40 17 6 13 5 19 19 38 4 11 18 0 11 4 31 28 10 32 9 84 24 6 2 10 27 17 16 47 15 62 26 40 14 24 82 20 53 14 17 29 69 13 59 46 47 8 37 27 59 9 22 8 0 9 45 53 0 10 35 49 5 52 44 9 49 33 11 4 7 25 63 10 2 15 27 67 48 13 17 18 3 72 87 28 2 12 7 44 0 5 1 51 0 17
8 19 72 11 5 30 61 12 9 1 3 46 16 8 1 12 22 21 32 27 45 10 34 36 32 88 20 4 7 16 19 58 21 37 5 35 39 25 27 26 48 46 6 53 69 2 28 5 1 6 2 41 41 28 24 2 62 4 5 7 23 6 21 10 37 34 5 52 11 13 3 42 27 9 16 58 32 17 7 1 4 6 48 67 32 26 73 63 26 69 23 41 1 21 1 3 43 40 3 1
23 6 27 0 0 56 55 63 12 3 1 69 39 43 28 30 29 35 27 23 41 41 17 3 35 79 32 8 5 19 22 12 2 38 58 60 2 31 18 3 34 16 21 28 8 35 86 46 3 47 11 78 56 32 91 3 48 12 0 3 30 61 43 14 18 1 1 72 37 3 28 30 18 23 12 34 33 3 0 28 0 77 48 46 18 1 47 65 7 19 16 52 4 56 35 10 57 10 2 27
41 3 67 44 26 58 52 59 9 16 35 20 8 23 36 51 2 30 17 19 46 17 25 41 8 54 17 4 8 9 31 20 4 27 51 4 68 2 0 12 9 23 30 10 74 24 10 28 55 50 33 3 17 5 83 0 34 21 5 14 26 46 44 37 7 33 5 7 12 6 4 31 16 22 68 23 25 20 9 34 30 8 7 36 26 29 72 29 62 24 31 51 23 17 22 7 69 34 1 26
3 10 8 28 17 55 2 81 1 23 3 76 17 4 8 14 68 8 6 14 0 10 27 20 24 80 37 2 7 1 19 30 18 42 63 89 2 35 2 29 28 34 23 11 67 11 83 42 2 41 45 31 51 3 21 7 97 9 1 7 52 30 13 35 25 39 2 58 23 3 48 69 14 28 46 13 39 2 12 20 45 49 62 11 34 35 34 69 20 6 41 20 36 58 59 8 56 35 2 15
7 23 77 10 23 89 32 35 12 44 36 56 5 44 38 61 67 41 45 19 36 34 2 38 18 70 4 6 6 27 0 43 20 20 6 84 13 3 1 23 49 15 4 39 63 4 12 26 38 31 29 62 47 0 60 2 65 1 0 7 22 31 43 22 45 21 1 60 34 1 17 64 1 27 45 0 55 2 9 5 28 26 35 50 17 6 1 64 31 44 32 33 45 33 63 1 35 14 2 27
14 10 60 26 6 51 51 63 6 24 11 1 9 44 30 53 22 28 15 30 33 34 23 45 37 16 41 3 8 12 1 28 14 12 98 49 53 4 2 16 7 71 59 26 65 17 75 12 10 28 0 78 9 34 65 5 0 7 3 14 0 51 11 26 11 0 0 19 32 0 40 52 19 30 72 41 26 13 11 7 28 11 64 15 25 39 78 51 28 66 23 28 4 49 25 4 41 39 1 17
0 12 85 49 25 33 24 5 1 9 14 39 3 10 17 49 56 16 16 34 32 43 25 1 5 18 13 0 3 5 7 32 3 48 46 83 56 16 22 8 44 52 45 43 56 6 50 46 14 3 14 32 5 30 69 12 96 4 1 11 8 51 12 3 7 4 5 9 14 5 15 39 11 1 77 37 66 10 9 25 36 19 2 15 28 39 21 44 30 1 36 34 1 50 52 8 23 31 4 8
14 11 18 8 10 38 41 53 9 35 3 53 31 17 24 45 12 19 28 36 26 6 23 14 25 55 21 9 3 9 10 37 4 24 89 40 58 3 17 19 17 56 46 11 7 27 84 35 1 9 49 0 27 5 68 5 66 14 7 12 9 58 24 0 33 35 0 43 43 11 6 10 26 6 44 41 34 17 14 19 0 33 35 44 4 1 72 67 18 40 18 7 1 8 31 4 14 3 4 30
15 24 3 38 4 11 1 67 8 42 16 56 17 28 11 0 29 3 30 36 9 3 13 45 17 49 23 6 5 5 21 9 28 18 78 59 37 0 31 0 20 67 64 32 44 14 14 14 33 21 57 31 42 1 61 13 2 18 3 1 32 33 5 16 4 58 0 79 34 14 34 9 11 26 42 54 31 9 14 8 9 73 29 15 31 19 44 61 70 22 30 28 0 41 73 7 52 10 0 25
6 20 59 4 14 57 19 50 11 17 28 74 17 5 40 4 1 43 44 40 21 3 1 8 13 23 30 8 11 15 35 45 26 46 13 83 63 39 31 4 18 53 36 26 3 19 9 16 23 40 13 50 18 23 48 5 1 8 6 14 35 54 6 18 36 4 4 31 20 9 9 30 5 7 21 31 28 0 12 39 1 10 88 6 9 27 70 30 32 36 29 4 11 33 36 5 68 50 0 29
20 17 65 20 19 29 72 72 6 33 24 87 21 7 52 7 1 15 33 4 32 30 24 32 0 64 24 1 3 7 33 3 12 44 17 49 36 31 31 49 51 64 51 32 9 32 40 41 36 33 20 14 15 5 49 3 45 17 7 3 13 2 49 15 18 68 2 48 24 12 14 32 1 14 21 54 13 16 12 23 21 6 77 1 31 5 10 64 10 78 7 39 27 27 30 5 8 8 1 5
37 11 3 27 19 32 7 43 4 6 9 22 36 36 22 36 27 26 0 13 36 37 10 42 29 45 17 0 7 0 24 14 21 9 9 9 33 1 32 51 17 40 3 1 31 29 8 40 18 29 47 11 8 0 79 3 2 12 7 3 11 55 42 38 44 18 3 37 16 9 17 26 1 22 70 37 49 2 2 7 7 34 37 48 30 18 68 72 2 85 19 34 23 14 47 8 54 56 2 13
10 25 32 57 23 57 11 25 10 43 16 58 12 23 32 28 28 21 39 21 1 18 2 45 4 17 20 7 3 19 16 38 6 21 91 52 33 38 8 47 55 70 51 46 6 29 23 38 50 21 37 42 24 16 72 6 67 20 0 9 6 30 51 27 28 22 5 10 29 2 26 34 9 10 29 33 9 0 12 30 0 31 32 37 17 39 86 4 90 14 35 46 28 30 76 6 18 28 1 15
33 31 43 12 1 8 15 70 10 4 4 60 39 22 34 4 1 24 13 3 25 9 0 44 36 68 30 1 7 21 31 22 2 19 11 22 51 17 31 5 44 45 62 7 35 6 9 34 18 14 57 3 18 8 65 0 78 7 4 13 44 55 45 14 33 32 5 25 4 15 14 79 7 28 12 49 31 8 12 24 36 72 80 42 23 13 64 66 56 23 45 54 42 56 9 9 25 7 2 8
20 18 41 32 14 40 50 44 2 16 20 31 17 5 6 48 47 22 35 16 15 20 8 14 36 47 31 4 5 12 22 33 19 13 82 74 37 5 27 7 3 8 16 57 33 28 7 38 10 34 56 66 42 5 39 13 50 10 1 17 24 19 16 8 36 18 1 42 17 9 20 10 0 13 84 29 22 2 2 33 45 69 40 14 26 21 9 56 16 92 22 17 2 42 67 0 73 15 2 2
42 5 81 33 26 59 51 6 14 10 1 18 2 40 7 0 42 36 9 27 47 11 28 44 9 37 40 9 6 4 16 5 4 12 89 70 55 2 10 51 71 8 34 28 57 25 44 34 36 12 6 70 48 2 93 1 64 18 5 5 41 58 23 32 24 53 1 77 30 12 18 23 11 4 80 14 33 0 8 10 41 42 1 11 2 36 42 57 49 68 23 14 21 41 61 9 76 38 3 19
37 9 85 6 27 12 68 71 14 28 5 62 4 27 31 52 30 40 14 41 31 51 27 45 30 86 20 0 6 6 5 18 12 36 51 47 32 6 32 24 10 46 18 45 36 25 87 37 20 36 24 72 19 19 52 10 22 15 4 7 16 25 6 7 15 0 1 45 25 13 13 42 2 5 53 39 35 4 13 13 42 64 74 32 31 38 47 43 31 46 1 38 37 26 77 3 5 51 1 20
38 5 11 58 11 70 38 3 3 48 3 43 40 44 12 40 58 7 12 23 15 47 24 11 25 66 25 4 0 10 34 58 21 21 92 30 54 24 3 40 94 43 15 0 34 1 74 21 14 15 56 69 41 30 94 15 17 6 5 10 6 5 12 9 37 27 5 10 5 7 26 74 1 6 42 3 20 0 10 25 11 13 69 23 30 10 45 19 88 15 40 47 32 56 56 8 21 33 3 19
1 13 79 10 25 82 4 42 10 33 32 45 23 8 43 0 55 15 30 14 8 49 16 28 4 23 8 6 9 12 28 39 24 34 76 88 8 37 27 8 48 36 47 56 52 35 33 10 2 25 23 66 29 7 20 12 38 10 2 6 44 35 29 33 20 13 2 60 11 2 23 68 21 28 77 40 1 10 6 33 14 61 89 48 3 36 8 51 86 11 39 50 49 17 75 1 69 16 4 9
34 16 7 3 9 7 41 44 2 21 1 70 20 11 41 18 27 0 2 11 30 13 35 15 0 33 5 3 4 0 20 22 32 44 71 55 64 23 7 10 40 40 4 25 14 19 58 20 59 24 19 11 1 20 68 15 48 3 7 9 43 60 34 31 14 37 4 60 11 5 49 14 26 8 54 19 1 0 8 29 33 23 71 17 1 19 22 16 61 22 8 54 42 52 12 9 11 15 3 20
15 1 2 28 13 20 29 68 13 5 23 44 6 19 16 39 39 17 22 1 3 39 3 29 28 35 13 2 6 0 4 55 17 7 35 66 7 6 1 44 73 12 63 7 31 14 25 2 19 49 45 29 25 4 99 13 39 6 3 16 21 26 12 27 40 51 3 69 33 13 4 42 26 9 6 8 28 3 8 31 9 40 3 42 15 31 7 10 20 31 17 6 26 7 16 8 29 38 0 15
32 16 76 20 6 67 30 15 14 15 4 45 4 34 46 36 16 24 37 9 15 37 17 34 28 22 33 8 10 24 5 27 3 33 75 62 57 7 16 38 26 17 47 19 55 17 69 1 27 57 57 21 39 27 1 1 16 14 6 6 54 40 46 16 26 21 2 14 29 7 32 59 25 16 84 49 5 20 15 40 30 27 62 51 5 19 8 16 23 42 35 56 15 15 11 8 52 56 4 12
5 28 54 43 25 84 67 63 6 14 7 34 12 13 45 66 69 20 21 15 28 4 6 7 16 56 15 3 2 18 0 3 25 29 27 30 12 3 19 36 76 68 39 59 65 15 47 40 40 53 46 58 34 8 79 13 81 5 2 17 45 44 7 34 37 15 3 38 5 1 0 38 3 21 23 30 27 1 10 1 14 8 26 35 34 30 3 8 9 26 14 15 15 35 29 9 77 9 2 13
8 25 4 47 23 65 12 52 4 28 1 39 20 16 34 48 31 15 28 10 31 32 11 35 35 9 44 0 6 18 36 17 30 41 71 82 57 41 15 44 76 8 6 16 46 10 5 4 16 33 5 61 6 20 39 13 33 10 2 0 9 4 45 16 6 5 5 68 5 11 18 59 25 0 24 3 14 2 1 43 4 48 21 43 8 7 65 9 67 19 30 34 26 48 28 1 40 33 1 20
33 5 50 14 13 31 59 23 13 24 13 65 27 6 17 18 73 16 0 35 23 12 2 16 11 8 43 4 10 15 0 3 18 22 60 35 24 36 17 31 12 7 48 5 12 8 14 47 38 0 34 24 61 35 81 11 71 21 7 0 10 25 0 18 10 17 0 42 44 11 46 24 10 15 40 38 34 20 9 12 22 54 89 70 12 4 24 7 76 30 38 9 7 52 10 1 47 39 4 14
25 7 53 9 0 8 16 52 14 3 7 82 36 32 45 25 45 33 18 14 24 45 32 7 12 26 3 6 10 6 10 8 32 33 77 22 55 14 13 30 78 21 13 45 27 37 77 26 5 14 2 46 13 35 38 16 59 5 3 5 55 27 16 5 46 50 0 67 43 14 40 64 27 22 51 28 10 17 0 26 41 22 11 34 33 33 5 52 37 49 23 41 14 53 63 9 57 58 1 13
1 20 59 46 12 44 33 10 6 40 28 33 19 1 31 26 8 40 30 33 3 35 0 29 25 14 16 9 0 29 28 38 7 9 13 80 14 36 33 54 90 38 20 38 47 16 60 34 5 19 38 61 4 28 48 6 97 21 7 2 60 15 12 24 36 31 0 80 28 16 7 1 24 10 82 27 28 5 13 30 36 5 74 62 3 27 38 14 40 31 19 34 0 17 11 4 60 55 2 23
15 17 39 1 3 19 63 23 2 7 30 18 15 37 14 58 60 38 43 13 26 6 30 8 8 22 15 5 10 22 17 35 16 40 98 10 10 25 20 21 87 11 3 58 82 24 1 9 38 5 20 80 24 27 42 3 45 10 5 15 31 12 24 2 12 30 4 20 43 15 13 10 5 1 53 47 33 13 6 40 25 20 26 54 32 8 39 31 39 85 2 7 28 24 3 4 37 3 4 1
44 25 23 15 4 33 3 28 3 7 31 27 13 14 24 5 27 7 38 7 29 46 6 30 12 15 14 8 2 4 13 62 30 38 10 13 44 2 2 2 45 21 62 46 81 37 49 29 31 41 50 34 18 16 65 8 55 11 5 16 46 12 51 31 26 6 0 76 15 11 19 14 10 15 72 51 20 18 0 36 41 6 86 51 23 26 45 29 45 50 32 10 4 22 82 0 33 6 2 21
1 1 71 48 23 31 7 35 14 45 11 9 31 14 28 63 31 25 11 32 27 32 18 14 3 93 2 0 0 17 31 21 9 35 3 62 37 0 32 15 45 69 61 16 73 15 33 39 17 43 46 87 61 26 87 15 14 0 4 2 10 10 45 29 17 60 1 73 21 10 42 78 28 21 64 22 16 12 1 30 28 11 52 24 8 25 52 49 54 71 44 27 38 37 63 1 0 20 0 6
34 5 50 26 5 61 44 81 4 53 29 53 27 33 40 54 11 15 17 35 37 22 4 35 3 83 23 8 0 26 24 15 26 19 45 63 31 13 24 19 71 46 31 4 76 32 37 33 18 16 26 77 12 23 70 1 88 9 0 16 42 51 17 5 18 47 4 17 39 0 11 78 8 4 2 57 41 5 7 33 37 12 68 14 25 37 82 31 49 9 39 40 45 0 43 9 47 35 1 19
23 15 2 18 25 59 66 77 14 24 32 38 39 41 5 50 27 35 12 11 26 12 32 42 32 19 24 6 1 12 1 15 26 11 52 24 10 20 22 12 43 69 44 60 63 4 11 28 30 47 56 3 5 20 71 10 88 10 5 16 46 60 24 15 23 49 4 75 25 15 10 50 1 23 44 0 36 20 2 27 43 72 2 57 21 0 79 21 81 3 15 39 3 17 57 4 6 32 0 25
37 10 30 58 18 4 60 71 2 24 6 28 32 18 23 34 48 33 27 40 8 31 25 19 17 51 16 10 7 2 28 16 20 21 55 33 44 2 14 22 7 61 60 46 3 15 54 28 43 37 1 1 39 1 40 13 62 7 1 16 55 10 41 18 8 65 3 58 15 3 46 18 1 11 41 54 64 2 13 20 6 18 3 23 10 27 80 50 29 52 31 5 21 4 73 2 31 2 0 17
28 20 3 29 6 35 22 37 6 52 21 28 40 38 34 26 10 40 47 24 46 24 5 46 34 0 29 3 1 21 11 19 10 30 42 84 12 25 8 48 86 63 53 21 6 22 29 29 32 11 4 67 44 20 48 14 16 11 5 1 12 31 14 12 7 24 2 1 19 6 33 14 9 13 59 30 20 16 2 10 10 72 48 3 16 30 32 64 60 28 44 29 46 20 2 10 3 52 0 4
23 27 69 25 6 19 28 65 1 0 11 66 36 10 19 40 66 26 54 25 26 40 20 39 5 83 23 3 11 12 7 34 10 46 96 30 32 8 10 2 32 62 49 34 56 35 68 31 32 57 33 69 64 18 70 12 25 10 4 11 25 19 28 11 24 10 5 36 32 3 42 62 11 26 19 6 34 12 10 24 45 74 59 24 12 39 23 10 47 46 35 54 3 3 61 4 72 20 1 6
10 26 4 7 2 61 48 61 3 2 20 11 29 11 21 35 4 30 35 35 24 17 27 7 31 16 40 7 4 14 31 12 24 29 79 54 3 4 19 18 77 54 44 25 59 6 51 4 55 35 25 21 15 32 43 7 78 3 2 4 9 41 33 8 15 30 2 65 40 15 9 80 17 8 6 13 16 20 13 40 26 27 18 62 5 36 47 68 8 44 31 41 25 28 72 7 60 45 1 25
19 29 82 11 26 10 72 12 10 16 30 14 19 26 20 70 20 28 17 3 26 25 4 27 22 65 32 3 0 17 26 40 11 49 68 86 47 2 15 47 58 66 37 35 62 13 57 29 5 44 0 18 26 11 10 2 86 7 6 3 14 21 26 15 21 17 3 58 15 14 48 34 10 18 44 5 61 10 15 17 23 12 21 52 4 9 16 17 92 34 1 51 42 25 77 4 7 44 3 18
5 0 51 29 9 23 47 18 12 18 4 39 37 19 15 1 59 33 9 21 45 25 25 19 37 78 43 10 4 1 2 23 26 45 61 60 43 24 10 10 85 4 30 50 30 18 47 27 1 22 34 52 63 7 35 8 83 13 5 0 46 15 21 7 36 21 4 26 13 5 38 53 8 9 45 12 13 19 8 14 22 11 17 31 5 21 86 18 44 30 30 45 27 11 32 4 40 53 3 24
43 20 47 54 20 57 11 26 14 1 22 41 0 31 47 16 26 33 18 29 24 29 30 1 21 19 17 5 10 10 5 17 9 35 84 50 2 1 6 44 69 9 25 10 33 3 41 24 3 11 51 24 2 23 46 6 73 1 4 14 13 3 41 10 3 11 4 27 13 2 11 67 26 17 76 46 16 15 5 20 14 0 41 23 28 33 35 29 49 83 3 22 9 45 70 5 56 18 2 23
21 24 28 34 4 22 31 57 12 20 0 84 29 32 28 69 34 24 48 29 37 0 33 29 37 15 7 2 9 1 18 13 17 45 50 60 32 33 32 21 28 19 31 20 52 11 71 3 13 26 17 48 19 20 50 16 44 0 5 0 12 33 31 25 12 8 5 38 34 5 39 44 10 17 9 45 13 17 1 33 47 62 61 14 23 2 10 54 8 93 6 27 33 20 51 1 61 58 3 8
42 27 27 21 16 51 50 68 0 37 4 85 22 8 49 12 27 22 3 30 46 31 11 18 35 17 38 7 9 0 36 61 31 19 48 83 21 2 28 35 11 36 47 1 42 30 2 10 8 51 54 53 10 2 32 10 77 4 0 13 28 39 1 4 21 22 1 17 20 10 24 68 2 11 61 37 42 13 4 41 38 12 27 15 2 37 91 63 45 87 44 24 8 49 63 8 37 5 4 10
4 17 27 45 22 31 15 88 3 4 21 11 36 0 8 40 21 40 0 40 40 42 25 33 40 23 28 7 10 11 34 40 18 21 44 62 13 30 7 19 62 19 55 25 20 25 60 27 46 55 36 79 55 11 35 6 39 15 7 12 38 6 1 31 32 15 4 77 3 10 35 38 15 9 65 34 0 17 5 22 24 76 80 21 29 33 69 24 13 4 9 44 46 36 7 8 49 50 2 0
3 31 23 20 16 82 55 57 10 50 24 18 39 13 31 49 43 8 47 38 11 21 4 28 32 89 13 2 4 28 21 14 31 37 55 28 9 0 33 30 18 71 29 21 4 0 18 11 28 54 30 77 3 16 57 14 77 0 0 7 8 4 34 37 30 63 4 26 35 0 20 72 5 23 73 28 36 22 15 39 15 27 80 66 13 39 64 74 30 85 38 31 2 4 6 2 16 45 0 8
16 10 71 22 14 46 34 56 2 51 5 55 11 16 45 50 8 17 18 23 32 49 20 38 27 45 8 1 7 14 13 0 28 11 42 90 44 27 0 39 74 52 60 0 14 9 53 40 37 42 30 13 48 23 2 11 74 17 3 1 17 59 6 3 15 7 4 51 0 10 13 69 17 8 49 56 62 1 11 30 23 18 24 64 33 9 8 38 92 33 11 25 24 29 38 9 6 27 3 13
9 20 9 21 12 31 52 14 13 8 20 39 34 14 10 6 29 2 31 36 14 14 20 20 1 18 34 2 8 11 34 49 27 31 3 59 14 28 9 0 61 40 48 18 40 13 87 6 59 31 44 16 1 7 84 2 41 21 4 7 38 48 21 10 40 26 5 16 28 11 6 47 21 30 70 4 20 2 8 32 38 48 35 25 15 23 63 37 20 30 21 54 20 2 4 1 74 16 1 9
43 3 53 10 4 36 40 50 7 6 24 61 2 17 48 7 41 7 36 36 44 5 29 1 26 6 40 0 9 26 6 23 13 9 3 28 28 5 11 20 19 11 62 19 8 26 9 2 41 0 34 11 13 9 30 12 98 4 0 5 1 34 49 29 2 37 0 74 34 8 6 56 26 23 42 43 28 19 8 27 6 35 11 44 10 12 48 70 91 68 7 32 12 57 56 1 19 55 3 0
18 20 60 45 15 54 58 76 13 21 14 3 22 14 45 0 9 9 47 18 21 15 32 49 37 26 35 3 0 12 20 14 30 30 40 69 11 41 20 4 3 25 2 36 45 0 78 33 21 10 29 77 57 25 16 5 15 9 7 7 42 58 37 39 5 0 3 62 30 2 32 75 13 30 58 46 50 2 15 15 44 56 22 68 12 35 30 27 66 52 42 26 0 49 31 8 78 13 2 14
43 22 4 48 1 53 35 34 12 35 21 86 3 4 42 58 35 19 7 27 26 50 19 13 8 7 43 1 7 28 17 7 8 11 41 66 51 37 33 2 77 46 48 24 46 24 51 0 29 47 17 85 0 35 15 1 50 8 0 14 3 32 51 14 6 22 0 18 35 12 23 60 27 8 12 30 62 13 2 16 42 30 25 65 10 34 72 79 50 56 36 51 28 30 34 8 7 47 4 11
9 20 78 30 4 44 16 62 1 47 0 72 38 27 1 3 51 25 25 7 10 31 30 21 35 91 33 10 4 23 29 43 26 11 72 32 55 31 32 52 66 71 11 40 63 33 21 37 13 9 29 49 22 21 21 1 0 5 1 4 38 16 5 31 34 2 3 41 28 15 9 13 16 22 54 15 59 10 5 3 28 57 43 30 10 28 73 65 84 36 5 27 4 34 67 3 65 14 3 5
41 6 0 27 2 84 35 79 13 0 20 44 10 21 1 46 23 21 43 11 18 35 12 26 39 56 24 0 4 22 14 42 23 45 96 12 11 4 28 54 21 71 27 38 0 14 16 36 30 48 33 8 9 6 55 2 64 11 4 14 23 66 37 6 31 54 2 68 16 2 42 60 1 16 53 32 0 5 15 29 35 74 19 39 31 35 32 8 40 7 16 8 43 8 76 7 35 41 0 18
5 6 85 39 15 20 44 11 4 31 21 71 15 38 48 11 41 15 13 15 32 50 9 34 0 41 22 9 0 27 0 2 2 28 35 71 31 0 3 15 62 30 52 9 39 0 7 15 38 32 7 36 60 33 21 0 74 18 0 13 11 50 20 38 32 46 1 2 0 1 27 13 22 0 32 25 32 6 14 12 24 55 33 70 13 4 70 56 43 80 35 11 35 30 23 8 61 33 1 21
30 8 82 17 13 60 18 7 8 24 11 19 35 33 23 7 41 24 6 21 34 47 16 45 17 93 3 10 3 8 36 53 29 14 9 41 68 24 21 26 65 69 65 2 17 8 28 17 3 9 38 12 27 30 76 6 74 8 4 4 18 3 39 9 5 66 4 73 5 13 10 53 26 3 34 14 23 0 11 22 0 61 44 6 13 10 48 77 1 7 33 29 23 7 56 5 71 17 1 16
0 16 78 26 9 60 57 72 10 11 24 17 27 34 29 68 66 11 6 24 22 19 21 32 9 88 42 1 2 26 5 33 0 49 98 6 16 27 11 25 94 1 6 40 7 13 26 26 44 4 39 11 44 2 46 1 9 6 4 15 47 33 14 29 18 30 3 8 23 6 22 14 9 8 71 45 1 18 8 3 24 8 13 63 25 21 87 22 4 55 18 29 0 16 66 8 3 40 3 6
13 12 65 34 18 3 58 61 8 38 4 0 18 24 37 6 36 45 2 34 11 42 8 23 26 71 28 9 7 13 13 38 14 30 78 59 50 9 16 26 86 67 18 48 18 25 32 36 49 40 24 51 15 19 83 1 27 18 4 13 12 40 32 25 44 3 3 75 44 5 0 65 9 5 25 16 48 21 0 13 20 44 3 3 16 30 44 43 32 59 13 30 15 28 76 2 52 44 2 28
9 5 72 44 23 10 2 8 2 43 30 86 12 28 44 70 60 13 32 31 0 39 4 0 26 54 17 2 0 9 30 61 21 19 74 47 34 21 11 1 7 37 6 35 48 0 25 47 12 42 26 2 44 20 1 16 2 3 3 15 62 30 38 38 44 57 0 11 35 3 42 19 22 28 68 18 13 8 11 0 7 22 39 66 4 24 32 20 17 55 31 42 5 32 42 8 0 51 4 30
29 27 4 12 24 57 27 5 7 43 23 85 10 16 39 41 35 1 26 37 8 50 14 4 24 80 13 7 2 2 4 32 27 37 24 46 32 34 7 34 88 3 32 48 72 17 84 34 25 16 19 40 33 27 79 17 7 14 4 4 51 59 18 11 28 27 3 52 3 10 31 62 25 14 60 46 14 14 10 11 11 25 7 19 18 28 66 25 49 5 8 1 10 57 1 0 34 8 0 10
45 29 13 18 20 49 57 45 0 7 24 19 9 15 8 14 64 24 43 2 0 49 24 35 8 33 29 3 10 21 19 44 31 0 56 51 50 11 8 26 50 49 35 43 24 14 65 10 0 56 48 77 12 6 50 1 26 11 7 1 26 40 47 4 36 8 4 67 40 7 46 1 4 1 57 23 42 12 7 9 23 45 8 71 23 17 38 78 54 50 20 54 26 48 27 9 10 20 0 3
12 11 64 63 16 48 71 14 2 17 26 37 32 25 25 63 2 20 50 32 11 32 12 5 15 93 37 10 6 0 1 51 15 11 52 18 61 25 10 39 8 41 0 11 66 12 31 43 48 18 35 14 7 24 41 9 72 2 1 16 17 13 44 33 45 17 3 34 15 5 20 30 7 8 22 46 50 14 2 40 29 25 33 64 18 32 74 23 18 51 27 11 5 4 38 2 1 16 4 24
15 29 15 54 26 87 41 36 11 36 25 86 31 38 8 4 68 14 22 31 24 21 11 40 36 5 18 9 5 17 35 27 17 22 49 82 16 8 3 11 2 67 63 54 18 18 42 19 10 50 25 39 11 7 33 15 40 10 6 10 38 35 16 5 18 54 5 39 41 15 36 19 23 18 72 32 27 13 14 45 23 18 16 71 1 37 17 35 61 81 23 29 32 16 58 7 78 57 3 2
38 19 83 5 25 61 27 78 6 34 11 41 3 24 31 27 2 8 24 11 7 2 18 21 23 80 34 6 1 13 0 22 27 9 64 41 13 39 26 41 47 4 41 30 74 22 22 13 5 24 10 85 37 2 16 1 35 10 4 16 19 10 42 13 30 17 2 70 27 12 37 36 20 24 3 14 58 7 5 43 44 56 36 45 30 29 55 20 14 19 35 25 32 22 46 2 66 52 4 1
38 3 9 25 27 36 64 70 5 4 3 38 1 11 17 45 49 34 48 39 26 6 21 31 38 23 11 3 5 22 23 59 17 2 25 60 40 35 3 42 8 22 22 21 34 31 70 0 33 6 6 72 22 20 43 5 40 14 1 4 18 7 46 13 40 27 0 74 41 1 48 59 5 0 6 2 40 8 15 45 0 41 65 10 24 3 70 39 55 41 20 26 45 18 21 3 60 26 2 6
22 22 5 67 28 46 32 82 13 16 0 54 11 37 18 10 4 26 24 31 24 16 34 10 6 56 42 5 10 3 22 23 4 20 30 5 15 25 26 35 85 31 59 60 54 37 74 42 41 26 28 21 33 19 65 7 14 7 3 9 7 33 44 36 19 34 2 66 12 6 4 13 22 17 28 7 8 2 14 31 30 41 35 34 11 12 25 48 44 80 0 35 32 9 34 9 59 51 2 9
38 30 84 32 13 11 71 33 13 5 33 43 24 17 20 25 64 22 20 2 38 46 12 21 28 49 32 5 0 29 17 33 6 29 89 56 65 18 16 41 21 14 5 30 59 31 59 35 48 33 6 78 30 31 7 15 88 3 3 14 58 43 11 29 38 5 5 4 11 14 29 50 23 1 38 27 59 21 1 8 40 80 29 71 17 27 11 54 88 14 24 44 26 52 28 8 25 36 4 24
5 17 54 11 28 49 63 25 11 6 24 51 7 17 11 7 55 4 9 23 39 2 28 13 2 49 9 0 0 18 25 40 15 24 11 90 59 11 16 37 54 2 18 43 18 26 26 23 6 27 32 50 13 15 13 14 75 10 0 6 9 60 27 34 23 63 0 60 1 0 25 29 12 19 85 52 50 12 1 34 44 25 24 33 30 12 6 34 40 39 18 25 25 2 55 7 6 20 4 23
2 16 8 1 23 31 63 40 4 12 28 38 15 38 25 60 12 6 5 15 7 50 7 45 35 11 1 7 2 9 12 32 13 7 40 3 56 15 11 17 36 63 2 55 69 7 50 47 47 28 15 67 11 32 2 16 63 3 4 3 20 52 3 38 35 18 2 38 18 12 7 8 25 9 19 44 5 21 14 27 18 28 38 28 26 16 21 68 66 77 0 39 2 1 26 2 69 2 2 19
30 7 33 21 9 77 66 17 13 1 6 83 22 3 47 65 15 16 21 16 34 14 18 11 29 10 3 4 9 5 21 45 23 15 89 41 8 6 6 31 90 30 18 53 17 7 45 3 6 5 57 60 30 25 82 0 89 2 2 3 4 7 6 2 27 63 4 76 12 7 15 24 1 25 73 13 43 10 12 43 21 64 87 45 19 4 32 31 57 70 22 48 15 37 26 1 79 41 3 9
41 1 0 6 23 12 51 53 2 28 29 65 31 10 39 8 41 28 10 35 24 45 19 7 21 27 36 10 10 22 14 19 32 17 4 65 37 29 16 17 50 62 11 38 53 6 36 34 43 24 51 56 22 22 7 9 42 16 4 0 20 24 37 30 22 37 1 36 13 12 29 44 3 10 44 41 4 8 11 24 33 73 4 66 18 22 74 48 70 53 30 30 19 15 26 2 76 42 1 23
4 24 69 26 26 30 26 62 0 3 27 67 26 32 9 38 24 1 26 31 18 21 15 49 37 45 33 5 4 10 21 40 31 6 99 85 38 35 17 6 83 53 14 10 48 7 52 24 54 31 41 16 24 1 61 17 46 3 3 12 46 62 28 0 39 23 2 37 28 13 14 51 19 18 19 46 42 18 1 3 42 73 86 26 20 28 58 11 74 82 8 36 33 56 65 6 21 19 1 14
8 28 0 7 28 34 60 63 0 16 31 51 2 42 44 1 13 29 32 36 11 11 24 21 0 65 13 10 8 3 9 61 23 21 15 5 12 11 20 49 26 8 48 26 7 22 61 38 10 25 3 71 29 1 92 2 33 21 5 11 46 20 39 30 22 53 5 29 22 10 48 8 4 21 71 1 37 8 10 21 8 69 35 47 14 33 37 3 67 26 3 0 31 32 44 6 16 14 0 16
5 15 20 1 6 12 20 48 0 12 23 30 40 18 26 7 32 1 15 16 20 4 16 34 6 71 41 1 3 20 1 56 2 30 51 74 31 21 23 52 36 28 45 51 75 17 46 42 0 45 7 88 14 25 13 11 91 21 3 0 55 24 35 9 4 31 3 40 45 5 31 9 26 24 74 7 61 11 13 40 20 70 85 65 19 28 20 23 62 2 2 15 3 46 30 2 55 30 0 20
32 24 69 59 3 0 49 17 8 45 11 10 23 7 10 71 69 24 53 1 40 24 10 38 36 74 3 4 2 5 21 34 17 6 9 78 47 2 3 18 5 27 62 21 78 1 75 45 21 53 19 41 4 20 31 0 13 6 6 3 60 23 0 2 29 54 2 26 5 10 26 34 27 7 78 37 60 17 12 36 12 9 4 24 25 8 21 75 24 21 15 40 35 11 41 6 55 53 0 5
21 2 58 35 8 58 64 39 9 12 2 51 34 15 25 54 32 9 54 42 12 38 0 33 37 10 42 6 8 6 18 17 18 25 57 24 30 19 3 23 18 41 15 48 42 38 78 29 29 38 18 33 35 11 38 4 6 2 4 7 50 50 22 3 35 8 3 75 18 8 23 42 0 4 84 26 36 2 6 12 14 22 81 45 20 5 17 19 28 12 18 46 0 37 38 4 36 41 3 24
33 1 28 32 24 42 4 67 14 46 18 3 21 14 29 54 46 7 39 36 44 43 24 38 35 1 38 9 4 8 1 48 15 11 5 60 12 17 9 50 66 71 52 29 40 8 82 26 27 2 16 11 17 13 9 14 7 0 7 4 3 33 43 10 22 9 0 20 26 11 39 8 5 0 75 19 44 8 11 20 7 66 29 1 27 21 91 69 34 8 6 46 45 23 27 5 68 54 1 1
1 17 78 15 17 57 45 39 8 47 30 73 10 20 51 46 5 12 10 35 39 0 22 13 32 70 45 0 9 2 5 11 31 13 5 4 17 21 28 16 85 23 54 51 13 5 15 13 26 48 1 63 52 4 18 4 23 20 5 0 47 24 48 10 7 27 5 61 24 16 14 11 0 17 72 22 27 6 14 0 23 52 77 0 19 3 15 66 89 18 2 24 28 18 72 3 41 39 2 9
38 9 48 38 0 13 64 62 10 7 34 50 14 10 48 44 65 44 45 8 26 28 6 8 0 75 45 2 1 4 3 63 13 0 25 24 45 20 20 26 58 60 36 55 9 1 76 21 20 56 23 40 8 1 31 10 74 15 5 4 3 15 44 27 11 7 3 17 4 6 35 54 7 21 56 11 23 12 14 6 2 29 67 13 0 33 68 74 83 24 32 11 11 31 5 6 74 1 4 23
17 10 49 51 24 81 28 72 12 2 34 85 18 32 51 67 14 1 4 26 32 31 25 24 22 40 31 2 7 25 22 60 32 0 10 38 4 36 11 31 46 52 3 33 61 8 50 8 12 25 28 7 57 16 20 10 88 6 0 7 41 27 1 8 35 41 4 12 13 11 35 3 13 11 73 27 62 11 3 33 10 70 81 26 26 28 92 8 19 84 32 9 45 32 33 5 44 23 2 21
45 25 84 37 3 38 8 52 12 15 17 1 36 6 13 35 40 18 2 12 4 39 25 15 22 34 4 8 9 2 25 27 25 33 55 7 51 8 2 33 76 43 19 8 76 13 22 4 44 5 55 9 9 19 49 0 48 1 2 7 29 53 30 6 30 32 4 56 27 13 5 39 13 12 77 12 51 0 6 17 20 10 67 12 15 14 52 59 55 85 35 46 0 7 4 9 41 44 3 12
36 5 85 24 19 87 65 65 0 41 31 62 24 27 43 8 70 22 25 16 5 35 22 6 18 8 44 1 2 9 5 35 19 11 36 72 19 39 11 43 74 7 8 36 11 14 74 32 2 45 25 21 20 14 95 14 1 11 1 15 5 16 11 39 4 64 2 13 14 2 19 34 27 6 47 15 54 8 7 29 21 8 9 9 22 10 69 20 6 81 23 26 13 61 79 0 60 22 2 19
12 18 31 11 20 19 14 87 9 51 10 42 5 18 18 49 16 12 46 10 21 43 24 5 26 75 8 1 11 15 23 44 21 42 21 58 40 38 24 49 16 21 53 56 52 5 68 33 50 57 23 72 61 5 87 17 9 8 5 4 28 62 31 7 1 68 5 29 23 3 24 65 7 3 39 10 16 7 14 44 17 3 69 56 19 4 56 60 20 16 43 36 49 47 24 10 9 52 1 5
5 0 82 56 11 72 32 77 1 39 28 13 21 19 18 57 51 4 26 13 35 48 7 27 37 83 45 8 2 11 31 65 30 38 92 64 32 22 15 51 34 55 45 8 46 23 37 34 9 9 45 3 52 26 99 10 67 9 4 6 3 0 15 30 12 49 4 52 29 5 2 3 1 17 66 43 5 1 12 37 40 32 10 53 1 11 67 32 30 84 16 32 14 32 37 3 62 26 2 22
16 9 76 35 0 57 29 70 6 6 28 35 33 21 16 11 48 21 10 13 9 11 8 11 37 81 43 10 4 2 13 1 3 29 20 69 36 31 1 13 2 16 52 28 54 9 8 44 3 28 42 5 47 26 69 8 32 3 6 7 32 41 49 18 2 43 2 56 32 0 39 7 4 16 25 57 23 1 9 3 6 10 44 70 2 3 48 20 74 2 43 21 45 20 7 5 3 11 2 30
6 3 54 62 27 32 25 30 5 24 34 15 20 29 27 6 66 21 29 7 3 29 18 32 10 20 45 9 4 2 36 41 5 37 61 36 10 26 8 49 34 6 19 25 81 18 18 31 5 42 35 4 62 3 64 14 35 3 7 12 16 61 17 9 23 28 3 54 8 6 14 72 20 7 86 49 42 7 7 8 10 15 79 22 5 24 64 66 50 36 34 10 41 62 2 7 0 48 2 26
14 20 31 58 2 4 55 73 10 39 23 65 7 37 41 16 47 14 21 5 14 31 34 29 11 33 24 2 7 13 8 58 8 12 63 23 20 19 17 48 67 68 49 58 8 24 2 41 13 7 26 23 37 23 91 4 22 1 0 7 25 64 53 3 18 2 4 59 34 14 21 50 28 11 55 40 34 5 2 25 3 77 35 66 13 31 58 3 42 60 6 46 30 45 42 8 33 33 2 24
3 23 72 20 12 10 51 86 13 1 35 65 29 26 42 20 57 10 36 37 4 12 4 26 21 64 44 10 4 28 9 14 0 7 15 6 24 38 30 42 6 40 24 30 54 5 7 16 52 51 38 46 39 7 15 9 57 6 1 3 8 47 4 11 27 56 3 81 39 6 30 45 5 9 10 43 16 19 14 13 16 30 60 47 8 29 79 72 74 7 25 0 36 33 38 4 51 17 0 24
20 25 73 63 4 45 45 13 8 27 36 33 25 9 44 50 49 1 0 19 38 26 24 40 7 69 17 8 0 27 36 37 14 8 10 52 51 18 24 11 19 44 10 39 31 21 17 1 46 12 19 44 49 15 3 0 36 18 2 9 17 0 51 31 10 68 2 52 19 2 47 53 21 26 6 13 46 10 3 38 19 6 66 43 9 31 66 21 86 36 18 23 20 38 84 9 19 19 4 25
18 17 26 15 3 49 54 56 7 50 19 21 4 27 1 37 6 9 9 32 1 44 22 12 16 81 44 10 9 1 17 13 12 45 99 33 23 4 16 47 36 61 36 38 17 16 30 24 14 35 24 8 24 21 20 2 84 3 7 11 21 27 49 21 18 12 3 45 22 16 44 66 11 4 73 16 50 2 12 38 15 18 12 9 1 16 9 48 39 7 14 40 46 5 17 0 58 54 3 26
