100 100
86 95 32 38 24 76 48 9 94 95 61 7 62 44 15 94 18 64 61 46 39 29 96 24 54 1 94 24 31 62 97 34 29 22 5 26 94 7 15 79 22 3 19 32 70 55 58 100 28 3 66 8 21 99 20 51 45 81 30 98 76 66 61 42 70 95 60 15 91 40 88 48 88 38 32 20 62 31 73 12 9 32 6 80 71 21 47 76 11 50 63 15 56 67 30 89 85 33 31 96
86 95 32 38 24 76 48 9 94 95 61 7 62 44 15 94 18 64 61 46 39 29 96 24 54 1 94 24 31 62 97 34 29 22 5 26 94 7 15 79 22 3 19 32 70 55 58 100 28 3 66 8 21 99 20 51 45 81 30 98 76 66 61 42 70 95 60 15 91 40 88 48 88 38 32 20 62 31 73 12 9 32 6 80 71 21 47 76 11 50 63 15 56 67 30 89 85 33 31 96
86 95 32 38 24 76 48 9 94 95 61 7 62 44 15 94 18 64 61 46 39 29 96 24 54 1 94 24 31 62 97 34 29 22 5 26 94 7 15 79 22 3 19 32 70 55 58 100 28 3 66 8 21 99 20 51 45 81 30 98 76 66 61 42 70 95 60 15 91 40 88 48 88 38 32 20 62 31 73 12 9 32 6 80 71 21 47 76 11 50 63 15 56 67 30 89 85 33 31 96
86 95 32 38 24 76 48 9 94 95 61 7 62 44 15 94 18 64 61 46 39 29 96 24 54 1 94 24 31 62 97 34 29 22 5 26 94 7 15 79 22 3 19 32 70 55 58 100 28 3 66 8 21 99 20 51 45 81 30 98 76 66 61 42 70 95 60 15 91 40 88 48 88 38 32 20 62 31 73 12 9 32 6 80 71 21 47 76 11 50 63 15 56 67 30 89 85 33 31 96
86 95 32 38 24 76 48 9 94 95 61 7 62 44 15 94 18 64 61 46 39 29 96 24 54 1 94 24 31 62 97 34 29 22 5 26 94 7 15 79 22 3 19 32 70 55 58 100 28 3 66 8 21 99 20 51 45 81 30 98 76 66 61 42 70 95 60 15 91 40 88 48 88 38 32 20 62 31 73 12 9 32 6 80 71 21 47 76 11 50 63 15 56 67 30 89 85 33 31 96
86 95 32 38 24 76 48 9 94 95 61 7 62 44 15 94 18 64 61 46 39 29 96 24 54 1 94 24 31 62 97 34 29 22 5 26 94 7 15 79 22 3 19 32 70 55 58 100 28 3 66 8 21 99 20 51 45 81 30 98 76 66 61 42 70 95 60 15 91 40 88 48 88 38 32 20 62 31 73 12 9 32 6 80 71 21 47 76 11 50 63 15 56 67 30 89 85 33 31 96
86 95 32 38 24 76 48 9 94 95 61 7 62 44 15 94 18 64 61 46 39 29 96 24 54 1 94 24 31 62 97 34 29 22 5 26 94 7 15 79 22 3 19 32 70 55 58 100 28 3 66 8 21 99 20 51 45 81 30 98 76 66 61 42 70 95 60 15 91 40 88 48 88 38 32 20 62 31 73 12 9 32 6 80 71 21 47 76 11 50 63 15 56 67 30 89 85 33 31 96
86 95 32 38 24 76 48 9 94 95 61 7 62 44 15 94 18 64 61 46 39 29 96 24 54 1 94 24 31 62 97 34 29 22 5 26 94 7 15 79 22 3 19 32 70 55 58 100 28 3 66 8 21 99 20 51 45 81 30 98 76 66 61 42 70 95 60 15 91 40 88 48 88 38 32 20 62 31 73 12 9 32 6 80 71 21 47 76 11 50 63 15 56 67 30 89 85 33 31 96
86 95 32 38 24 76 48 9 94 95 61 7 62 44 15 94 18 64 61 46 39 29 96 24 54 1 94 24 31 62 97 34 29 22 5 26 94 7 15 79 22 3 19 32 70 55 58 100 28 3 66 8 21 99 20 51 45 81 30 98 76 66 61 42 70 95 60 15 91 40 88 48 88 38 32 20 62 31 73 12 9 32 6 80 71 21 47 76 11 50 63 15 56 67 30 89 85 33 31 96
86 95 32 38 24 76 48 9 94 95 61 7 62 44 15 94 18 64 61 46 39 29 96 24 54 1 94 24 31 62 97 34 29 22 5 26 94 7 15 79 22 3 19 32 70 55 58 100 28 3 66 8 21 99 20 51 45 81 30 98 76 66 61 42 70 95 60 15 91 40 88 48 88 38 32 20 62 31 73 12 9 32 6 80 71 21 47 76 11 50 63 15 56 67 30 89 85 33 31 96
86 95 32 38 24 76 48 9 94 95 61 7 62 44 15 94 18 64 61 46 39 29 96 24 54 1 94 24 31 62 97 34 29 22 5 26 94 7 15 79 22 3 19 32 70 55 58 100 28 3 66 8 21 99 20 51 45 81 30 98 76 66 61 42 70 95 60 15 91 40 88 48 88 38 32 20 62 31 73 12 9 32 6 80 71 21 47 76 11 50 63 15 56 67 30 89 85 33 31 96
86 95 32 38 24 76 48 9 94 95 61 7 62 44 15 94 18 64 61 46 39 29 96 24 54 1 94 24 31 62 97 34 29 22 5 26 94 7 15 79 22 3 19 32 70 55 58 100 28 3 66 8 21 99 20 51 45 81 30 98 76 66 61 42 70 95 60 15 91 40 88 48 88 38 32 20 62 31 73 12 9 32 6 80 71 21 47 76 11 50 63 15 56 67 30 89 85 33 31 96
86 95 32 38 24 76 48 9 94 95 61 7 62 44 15 94 18 64 61 46 39 29 96 24 54 1 94 24 31 62 97 34 29 22 5 26 94 7 15 79 22 3 19 32 70 55 58 100 28 3 66 8 21 99 20 51 45 81 30 98 76 66 61 42 70 95 60 15 91 40 88 48 88 38 32 20 62 31 73 12 9 32 6 80 71 21 47 76 11 50 63 15 56 67 30 89 85 33 31 96
86 95 32 38 24 76 48 9 94 95 61 7 62 44 15 94 18 64 61 46 39 29 96 24 54 1 94 24 31 62 97 34 29 22 5 26 94 7 15 79 22 3 19 32 70 55 58 100 28 3 66 8 21 99 20 51 45 81 30 98 76 66 61 42 70 95 60 15 91 40 88 48 88 38 32 20 62 31 73 12 9 32 6 80 71 21 47 76 11 50 63 15 56 67 30 89 85 33 31 96
86 95 32 38 24 76 48 9 94 95 61 7 62 44 15 94 18 64 61 46 39 29 96 24 54 1 94 24 31 62 97 34 29 22 5 26 94 7 15 79 22 3 19 32 70 55 58 100 28 3 66 8 21 99 20 51 45 81 30 98 76 66 61 42 70 95 60 15 91 40 88 48 88 38 32 20 62 31 73 12 9 32 6 80 71 21 47 76 11 50 63 15 56 67 30 89 85 33 31 96
86 95 32 38 24 76 48 9 94 95 61 7 62 44 15 94 18 64 61 46 39 29 96 24 54 1 94 24 31 62 97 34 29 22 5 26 94 7 15 79 22 3 19 32 70 55 58 100 28 3 66 8 21 99 20 51 45 81 30 98 76 66 61 42 70 95 60 15 91 40 88 48 88 38 32 20 62 31 73 12 9 32 6 80 71 21 47 76 11 50 63 15 56 67 30 89 85 33 31 96
86 95 32 38 24 76 48 9 94 95 61 7 62 44 15 94 18 64 61 46 39 29 96 24 54 1 94 24 31 62 97 34 29 22 5 26 94 7 15 79 22 3 19 32 70 55 58 100 28 3 66 8 21 99 20 51 45 81 30 98 76 66 61 42 70 95 60 15 91 40 88 48 88 38 32 20 62 31 73 12 9 32 6 80 71 21 47 76 11 50 63 15 56 67 30 89 85 33 31 96
86 95 32 38 24 76 48 9 94 95 61 7 62 44 15 94 18 64 61 46 39 29 96 24 54 1 94 24 31 62 97 34 29 22 5 26 94 7 15 79 22 3 19 32 70 55 58 100 28 3 66 8 21 99 20 51 45 81 30 98 76 66 61 42 70 95 60 15 91 40 88 48 88 38 32 20 62 31 73 12 9 32 6 80 71 21 47 76 11 50 63 15 56 67 30 89 85 33 31 96
86 95 32 38 24 76 48 9 94 95 61 7 62 44 15 94 18 64 61 46 39 29 96 24 54 1 94 24 31 62 97 34 29 22 5 26 94 7 15 79 22 3 19 32 70 55 58 100 28 3 66 8 21 99 20 51 45 81 30 98 76 66 61 42 70 95 60 15 91 40 88 48 88 38 32 20 62 31 73 12 9 32 6 80 71 21 47 76 11 50 63 15 56 67 30 89 85 33 31 96
86 95 32 38 24 76 48 9 94 95 61 7 62 44 15 94 18 64 61 46 39 29 96 24 54 1 94 24 31 62 97 34 29 22 5 26 94 7 15 79 22 3 19 32 70 55 58 100 28 3 66 8 21 99 20 51 45 81 30 98 76 66 61 42 70 95 60 15 91 40 88 48 88 38 32 20 62 31 73 12 9 32 6 80 71 21 47 76 11 50 63 15 56 67 30 89 85 33 31 96
86 95 32 38 24 76 48 9 94 95 61 7 62 44 15 94 18 64 61 46 39 29 96 24 54 1 94 24 31 62 97 34 29 22 5 26 94 7 15 79 22 3 19 32 70 55 58 100 28 3 66 8 21 99 20 51 45 81 30 98 76 66 61 42 70 95 60 15 91 40 88 48 88 38 32 20 62 31 73 12 9 32 6 80 71 21 47 76 11 50 63 15 56 67 30 89 85 33 31 96
86 95 32 38 24 76 48 9 94 95 61 7 62 44 15 94 18 64 61 46 39 29 96 24 54 1 94 24 31 62 97 34 29 22 5 26 94 7 15 79 22 3 19 32 70 55 58 100 28 3 66 8 21 99 20 51 45 81 30 98 76 66 61 42 70 95 60 15 91 40 88 48 88 38 32 20 62 31 73 12 9 32 6 80 71 21 47 76 11 50 63 15 56 67 30 89 85 33 31 96
86 95 32 38 24 76 48 9 94 95 61 7 62 44 15 94 18 64 61 46 39 29 96 24 54 1 94 24 31 62 97 34 29 22 5 26 94 7 15 79 22 3 19 32 70 55 58 100 28 3 66 8 21 99 20 51 45 81 30 98 76 66 61 42 70 95 60 15 91 40 88 48 88 38 32 20 62 31 73 12 9 32 6 80 71 21 47 76 11 50 63 15 56 67 30 89 85 33 31 96
86 95 32 38 24 76 48 9 94 95 61 7 62 44 15 94 18 64 61 46 39 29 96 24 54 1 94 24 31 62 97 34 29 22 5 26 94 7 15 79 22 3 19 32 70 55 58 100 28 3 66 8 21 99 20 51 45 81 30 98 76 66 61 42 70 95 60 15 91 40 88 48 88 38 32 20 62 31 73 12 9 32 6 80 71 21 47 76 11 50 63 15 56 67 30 89 85 33 31 96
86 95 32 38 24 76 48 9 94 95 61 7 62 44 15 94 18 64 61 46 39 29 96 24 54 1 94 24 31 62 97 34 29 22 5 26 94 7 15 79 22 3 19 32 70 55 58 100 28 3 66 8 21 99 20 51 45 81 30 98 76 66 61 42 70 95 60 15 91 40 88 48 88 38 32 20 62 31 73 12 9 32 6 80 71 21 47 76 11 50 63 15 56 67 30 89 85 33 31 96
86 95 32 38 24 76 48 9 94 95 61 7 62 44 15 94 18 64 61 46 39 29 96 24 54 1 94 24 31 62 97 34 29 22 5 26 94 7 15 79 22 3 19 32 70 55 58 100 28 3 66 8 21 99 20 51 45 81 30 98 76 66 61 42 70 95 60 15 91 40 88 48 88 38 32 20 62 31 73 12 9 32 6 80 71 21 47 76 11 50 63 15 56 67 30 89 85 33 31 96
86 95 32 38 24 76 48 9 94 95 61 7 62 44 15 94 18 64 61 46 39 29 96 24 54 1 94 24 31 62 97 34 29 22 5 26 94 7 15 79 22 3 19 32 70 55 58 100 28 3 66 8 21 99 20 51 45 81 30 98 76 66 61 42 70 95 60 15 91 40 88 48 88 38 32 20 62 31 73 12 9 32 6 80 71 21 47 76 11 50 63 15 56 67 30 89 85 33 31 96
86 95 32 38 24 76 48 9 94 95 61 7 62 44 15 94 18 64 61 46 39 29 96 24 54 1 94 24 31 62 97 34 29 22 5 26 94 7 15 79 22 3 19 32 70 55 58 100 28 3 66 8 21 99 20 51 45 81 30 98 76 66 61 42 70 95 60 15 91 40 88 48 88 38 32 20 62 31 73 12 9 32 6 80 71 21 47 76 11 50 63 15 56 67 30 89 85 33 31 96
86 95 32 38 24 76 48 9 94 95 61 7 62 44 15 94 18 64 61 46 39 29 96 24 54 1 94 24 31 62 97 34 29 22 5 26 94 7 15 79 22 3 19 32 70 55 58 100 28 3 66 8 21 99 20 51 45 81 30 98 76 66 61 42 70 95 60 15 91 40 88 48 88 38 32 20 62 31 73 12 9 32 6 80 71 21 47 76 11 50 63 15 56 67 30 89 85 33 31 96
86 95 32 38 24 76 48 9 94 95 61 7 62 44 15 94 18 64 61 46 39 29 96 24 54 1 94 24 31 62 97 34 29 22 5 26 94 7 15 79 22 3 19 32 70 55 58 100 28 3 66 8 21 99 20 51 45 81 30 98 76 66 61 42 70 95 60 15 91 40 88 48 88 38 32 20 62 31 73 12 9 32 6 80 71 21 47 76 11 50 63 15 56 67 30 89 85 33 31 96
86 95 32 38 24 76 48 9 94 95 61 7 62 44 15 94 18 64 61 46 39 29 96 24 54 1 94 24 31 62 97 34 29 22 5 26 94 7 15 79 22 3 19 32 70 55 58 100 28 3 66 8 21 99 20 51 45 81 30 98 76 66 61 42 70 95 60 15 91 40 88 48 88 38 32 20 62 31 73 12 9 32 6 80 71 21 47 76 11 50 63 15 56 67 30 89 85 33 31 96
86 95 32 38 24 76 48 9 94 95 61 7 62 44 15 94 18 64 61 46 39 29 96 24 54 1 94 24 31 62 97 34 29 22 5 26 94 7 15 79 22 3 19 32 70 55 58 100 28 3 66 8 21 99 20 51 45 81 30 98 76 66 61 42 70 95 60 15 91 40 88 48 88 38 32 20 62 31 73 12 9 32 6 80 71 21 47 76 11 50 63 15 56 67 30 89 85 33 31 96
86 95 32 38 24 76 48 9 94 95 61 7 62 44 15 94 18 64 61 46 39 29 96 24 54 1 94 24 31 62 97 34 29 22 5 26 94 7 15 79 22 3 19 32 70 55 58 100 28 3 66 8 21 99 20 51 45 81 30 98 76 66 61 42 70 95 60 15 91 40 88 48 88 38 32 20 62 31 73 12 9 32 6 80 71 21 47 76 11 50 63 15 56 67 30 89 85 33 31 96
86 95 32 38 24 76 48 9 94 95 61 7 62 44 15 94 18 64 61 46 39 29 96 24 54 1 94 24 31 62 97 34 29 22 5 26 94 7 15 79 22 3 19 32 70 55 58 100 28 3 66 8 21 99 20 51 45 81 30 98 76 66 61 42 70 95 60 15 91 40 88 48 88 38 32 20 62 31 73 12 9 32 6 80 71 21 47 76 11 50 63 15 56 67 30 89 85 33 31 96
86 95 32 38 24 76 48 9 94 95 61 7 62 44 15 94 18 64 61 46 39 29 96 24 54 1 94 24 31 62 97 34 29 22 5 26 94 7 15 79 22 3 19 32 70 55 58 100 28 3 66 8 21 99 20 51 45 81 30 98 76 66 61 42 70 95 60 15 91 40 88 48 88 38 32 20 62 31 73 12 9 32 6 80 71 21 47 76 11 50 63 15 56 67 30 89 85 33 31 96
86 95 32 38 24 76 48 9 94 95 61 7 62 44 15 94 18 64 61 46 39 29 96 24 54 1 94 24 31 62 97 34 29 22 5 26 94 7 15 79 22 3 19 32 70 55 58 100 28 3 66 8 21 99 20 51 45 81 30 98 76 66 61 42 70 95 60 15 91 40 88 48 88 38 32 20 62 31 73 12 9 32 6 80 71 21 47 76 11 50 63 15 56 67 30 89 85 33 31 96
86 95 32 38 24 76 48 9 94 95 61 7 62 44 15 94 18 64 61 46 39 29 96 24 54 1 94 24 31 62 97 34 29 22 5 26 94 7 15 79 22 3 19 32 70 55 58 100 28 3 66 8 21 99 20 51 45 81 30 98 76 66 61 42 70 95 60 15 91 40 88 48 88 38 32 20 62 31 73 12 9 32 6 80 71 21 47 76 11 50 63 15 56 67 30 89 85 33 31 96
86 95 32 38 24 76 48 9 94 95 61 7 62 44 15 94 18 64 61 46 39 29 96 24 54 1 94 24 31 62 97 34 29 22 5 26 94 7 15 79 22 3 19 32 70 55 58 100 28 3 66 8 21 99 20 51 45 81 30 98 76 66 61 42 70 95 60 15 91 40 88 48 88 38 32 20 62 31 73 12 9 32 6 80 71 21 47 76 11 50 63 15 56 67 30 89 85 33 31 96
86 95 32 38 24 76 48 9 94 95 61 7 62 44 15 94 18 64 61 46 39 29 96 24 54 1 94 24 31 62 97 34 29 22 5 26 94 7 15 79 22 3 19 32 70 55 58 100 28 3 66 8 21 99 20 51 45 81 30 98 76 66 61 42 70 95 60 15 91 40 88 48 88 38 32 20 62 31 73 12 9 32 6 80 71 21 47 76 11 50 63 15 56 67 30 89 85 33 31 96
86 95 32 38 24 76 48 9 94 95 61 7 62 44 15 94 18 64 61 46 39 29 96 24 54 1 94 24 31 62 97 34 29 22 5 26 94 7 15 79 22 3 19 32 70 55 58 100 28 3 66 8 21 99 20 51 45 81 30 98 76 66 61 42 70 95 60 15 91 40 88 48 88 38 32 20 62 31 73 12 9 32 6 80 71 21 47 76 11 50 63 15 56 67 30 89 85 33 31 96
86 95 32 38 24 76 48 9 94 95 61 7 62 44 15 94 18 64 61 46 39 29 96 24 54 1 94 24 31 62 97 34 29 22 5 26 94 7 15 79 22 3 19 32 70 55 58 100 28 3 66 8 21 99 20 51 45 81 30 98 76 66 61 42 70 95 60 15 91 40 88 48 88 38 32 20 62 31 73 12 9 32 6 80 71 21 47 76 11 50 63 15 56 67 30 89 85 33 31 96
86 95 32 38 24 76 48 9 94 95 61 7 62 44 15 94 18 64 61 46 39 29 96 24 54 1 94 24 31 62 97 34 29 22 5 26 94 7 15 79 22 3 19 32 70 55 58 100 28 3 66 8 21 99 20 51 45 81 30 98 76 66 61 42 70 95 60 15 91 40 88 48 88 38 32 20 62 31 73 12 9 32 6 80 71 21 47 76 11 50 63 15 56 67 30 89 85 33 31 96
86 95 32 38 24 76 48 9 94 95 61 7 62 44 15 94 18 64 61 46 39 29 96 24 54 1 94 24 31 62 97 34 29 22 5 26 94 7 15 79 22 3 19 32 70 55 58 100 28 3 66 8 21 99 20 51 45 81 30 98 76 66 61 42 70 95 60 15 91 40 88 48 88 38 32 20 62 31 73 12 9 32 6 80 71 21 47 76 11 50 63 15 56 67 30 89 85 33 31 96
86 95 32 38 24 76 48 9 94 95 61 7 62 44 15 94 18 64 61 46 39 29 96 24 54 1 94 24 31 62 97 34 29 22 5 26 94 7 15 79 22 3 19 32 70 55 58 100 28 3 66 8 21 99 20 51 45 81 30 98 76 66 61 42 70 95 60 15 91 40 88 48 88 38 32 20 62 31 73 12 9 32 6 80 71 21 47 76 11 50 63 15 56 67 30 89 85 33 31 96
86 95 32 38 24 76 48 9 94 95 61 7 62 44 15 94 18 64 61 46 39 29 96 24 54 1 94 24 31 62 97 34 29 22 5 26 94 7 15 79 22 3 19 32 70 55 58 100 28 3 66 8 21 99 20 51 45 81 30 98 76 66 61 42 70 95 60 15 91 40 88 48 88 38 32 20 62 31 73 12 9 32 6 80 71 21 47 76 11 50 63 15 56 67 30 89 85 33 31 96
86 95 32 38 24 76 48 9 94 95 61 7 62 44 15 94 18 64 61 46 39 29 96 24 54 1 94 24 31 62 97 34 29 22 5 26 94 7 15 79 22 3 19 32 70 55 58 100 28 3 66 8 21 99 20 51 45 81 30 98 76 66 61 42 70 95 60 15 91 40 88 48 88 38 32 20 62 31 73 12 9 32 6 80 71 21 47 76 11 50 63 15 56 67 30 89 85 33 31 96
86 95 32 38 24 76 48 9 94 95 61 7 62 44 15 94 18 64 61 46 39 29 96 24 54 1 94 24 31 62 97 34 29 22 5 26 94 7 15 79 22 3 19 32 70 55 58 100 28 3 66 8 21 99 20 51 45 81 30 98 76 66 61 42 70 95 60 15 91 40 88 48 88 38 32 20 62 31 73 12 9 32 6 80 71 21 47 76 11 50 63 15 56 67 30 89 85 33 31 96
86 95 32 38 24 76 48 9 94 95 61 7 62 44 15 94 18 64 61 46 39 29 96 24 54 1 94 24 31 62 97 34 29 22 5 26 94 7 15 79 22 3 19 32 70 55 58 100 28 3 66 8 21 99 20 51 45 81 30 98 76 66 61 42 70 95 60 15 91 40 88 48 88 38 32 20 62 31 73 12 9 32 6 80 71 21 47 76 11 50 63 15 56 67 30 89 85 33 31 96
86 95 32 38 24 76 48 9 94 95 61 7 62 44 15 94 18 64 61 46 39 29 96 24 54 1 94 24 31 62 97 34 29 22 5 26 94 7 15 79 22 3 19 32 70 55 58 100 28 3 66 8 21 99 20 51 45 81 30 98 76 66 61 42 70 95 60 15 91 40 88 48 88 38 32 20 62 31 73 12 9 32 6 80 71 21 47 76 11 50 63 15 56 67 30 89 85 33 31 96
86 95 32 38 24 76 48 9 94 95 61 7 62 44 15 94 18 64 61 46 39 29 96 24 54 1 94 24 31 62 97 34 29 22 5 26 94 7 15 79 22 3 19 32 70 55 58 100 28 3 66 8 21 99 20 51 45 81 30 98 76 66 61 42 70 95 60 15 91 40 88 48 88 38 32 20 62 31 73 12 9 32 6 80 71 21 47 76 11 50 63 15 56 67 30 89 85 33 31 96
86 95 32 38 24 76 48 9 94 95 61 7 62 44 15 94 18 64 61 46 39 29 96 24 54 1 94 24 31 62 97 34 29 22 5 26 94 7 15 79 22 3 19 32 70 55 58 100 28 3 66 8 21 99 20 51 45 81 30 98 76 66 61 42 70 95 60 15 91 40 88 48 88 38 32 20 62 31 73 12 9 32 6 80 71 21 47 76 11 50 63 15 56 67 30 89 85 33 31 96
86 95 32 38 24 76 48 9 94 95 61 7 62 44 15 94 18 64 61 46 39 29 96 24 54 1 94 24 31 62 97 34 29 22 5 26 94 7 15 79 22 3 19 32 70 55 58 100 28 3 66 8 21 99 20 51 45 81 30 98 76 66 61 42 70 95 60 15 91 40 88 48 88 38 32 20 62 31 73 12 9 32 6 80 71 21 47 76 11 50 63 15 56 67 30 89 85 33 31 96
86 95 32 38 24 76 48 9 94 95 61 7 62 44 15 94 18 64 61 46 39 29 96 24 54 1 94 24 31 62 97 34 29 22 5 26 94 7 15 79 22 3 19 32 70 55 58 100 28 3 66 8 21 99 20 51 45 81 30 98 76 66 61 42 70 95 60 15 91 40 88 48 88 38 32 20 62 31 73 12 9 32 6 80 71 21 47 76 11 50 63 15 56 67 30 89 85 33 31 96
86 95 32 38 24 76 48 9 94 95 61 7 62 44 15 94 18 64 61 46 39 29 96 24 54 1 94 24 31 62 97 34 29 22 5 26 94 7 15 79 22 3 19 32 70 55 58 100 28 3 66 8 21 99 20 51 45 81 30 98 76 66 61 42 70 95 60 15 91 40 88 48 88 38 32 20 62 31 73 12 9 32 6 80 71 21 47 76 11 50 63 15 56 67 30 89 85 33 31 96
86 95 32 38 24 76 48 9 94 95 61 7 62 44 15 94 18 64 61 46 39 29 96 24 54 1 94 24 31 62 97 34 29 22 5 26 94 7 15 79 22 3 19 32 70 55 58 100 28 3 66 8 21 99 20 51 45 81 30 98 76 66 61 42 70 95 60 15 91 40 88 48 88 38 32 20 62 31 73 12 9 32 6 80 71 21 47 76 11 50 63 15 56 67 30 89 85 33 31 96
86 95 32 38 24 76 48 9 94 95 61 7 62 44 15 94 18 64 61 46 39 29 96 24 54 1 94 24 31 62 97 34 29 22 5 26 94 7 15 79 22 3 19 32 70 55 58 100 28 3 66 8 21 99 20 51 45 81 30 98 76 66 61 42 70 95 60 15 91 40 88 48 88 38 32 20 62 31 73 12 9 32 6 80 71 21 47 76 11 50 63 15 56 67 30 89 85 33 31 96
86 95 32 38 24 76 48 9 94 95 61 7 62 44 15 94 18 64 61 46 39 29 96 24 54 1 94 24 31 62 97 34 29 22 5 26 94 7 15 79 22 3 19 32 70 55 58 100 28 3 66 8 21 99 20 51 45 81 30 98 76 66 61 42 70 95 60 15 91 40 88 48 88 38 32 20 62 31 73 12 9 32 6 80 71 21 47 76 11 50 63 15 56 67 30 89 85 33 31 96
86 95 32 38 24 76 48 9 94 95 61 7 62 44 15 94 18 64 61 46 39 29 96 24 54 1 94 24 31 62 97 34 29 22 5 26 94 7 15 79 22 3 19 32 70 55 58 100 28 3 66 8 21 99 20 51 45 81 30 98 76 66 61 42 70 95 60 15 91 40 88 48 88 38 32 20 62 31 73 12 9 32 6 80 71 21 47 76 11 50 63 15 56 67 30 89 85 33 31 96
86 95 32 38 24 76 48 9 94 95 61 7 62 44 15 94 18 64 61 46 39 29 96 24 54 1 94 24 31 62 97 34 29 22 5 26 94 7 15 79 22 3 19 32 70 55 58 100 28 3 66 8 21 99 20 51 45 81 30 98 76 66 61 42 70 95 60 15 91 40 88 48 88 38 32 20 62 31 73 12 9 32 6 80 71 21 47 76 11 50 63 15 56 67 30 89 85 33 31 96
86 95 32 38 24 76 48 9 94 95 61 7 62 44 15 94 18 64 61 46 39 29 96 24 54 1 94 24 31 62 97 34 29 22 5 26 94 7 15 79 22 3 19 32 70 55 58 100 28 3 66 8 21 99 20 51 45 81 30 98 76 66 61 42 70 95 60 15 91 40 88 48 88 38 32 20 62 31 73 12 9 32 6 80 71 21 47 76 11 50 63 15 56 67 30 89 85 33 31 96
86 95 32 38 24 76 48 9 94 95 61 7 62 44 15 94 18 64 61 46 39 29 96 24 54 1 94 24 31 62 97 34 29 22 5 26 94 7 15 79 22 3 19 32 70 55 58 100 28 3 66 8 21 99 20 51 45 81 30 98 76 66 61 42 70 95 60 15 91 40 88 48 88 38 32 20 62 31 73 12 9 32 6 80 71 21 47 76 11 50 63 15 56 67 30 89 85 33 31 96
86 95 32 38 24 76 48 9 94 95 61 7 62 44 15 94 18 64 61 46 39 29 96 24 54 1 94 24 31 62 97 34 29 22 5 26 94 7 15 79 22 3 19 32 70 55 58 100 28 3 66 8 21 99 20 51 45 81 30 98 76 66 61 42 70 95 60 15 91 40 88 48 88 38 32 20 62 31 73 12 9 32 6 80 71 21 47 76 11 50 63 15 56 67 30 89 85 33 31 96
86 95 32 38 24 76 48 9 94 95 61 7 62 44 15 94 18 64 61 46 39 29 96 24 54 1 94 24 31 62 97 34 29 22 5 26 94 7 15 79 22 3 19 32 70 55 58 100 28 3 66 8 21 99 20 51 45 81 30 98 76 66 61 42 70 95 60 15 91 40 88 48 88 38 32 20 62 31 73 12 9 32 6 80 71 21 47 76 11 50 63 15 56 67 30 89 85 33 31 96
86 95 32 38 24 76 48 9 94 95 61 7 62 44 15 94 18 64 61 46 39 29 96 24 54 1 94 24 31 62 97 34 29 22 5 26 94 7 15 79 22 3 19 32 70 55 58 100 28 3 66 8 21 99 20 51 45 81 30 98 76 66 61 42 70 95 60 15 91 40 88 48 88 38 32 20 62 31 73 12 9 32 6 80 71 21 47 76 11 50 63 15 56 67 30 89 85 33 31 96
86 95 32 38 24 76 48 9 94 95 61 7 62 44 15 94 18 64 61 46 39 29 96 24 54 1 94 24 31 62 97 34 29 22 5 26 94 7 15 79 22 3 19 32 70 55 58 100 28 3 66 8 21 99 20 51 45 81 30 98 76 66 61 42 70 95 60 15 91 40 88 48 88 38 32 20 62 31 73 12 9 32 6 80 71 21 47 76 11 50 63 15 56 67 30 89 85 33 31 96
86 95 32 38 24 76 48 9 94 95 61 7 62 44 15 94 18 64 61 46 39 29 96 24 54 1 94 24 31 62 97 34 29 22 5 26 94 7 15 79 22 3 19 32 70 55 58 100 28 3 66 8 21 99 20 51 45 81 30 98 76 66 61 42 70 95 60 15 91 40 88 48 88 38 32 20 62 31 73 12 9 32 6 80 71 21 47 76 11 50 63 15 56 67 30 89 85 33 31 96
86 95 32 38 24 76 48 9 94 95 61 7 62 44 15 94 18 64 61 46 39 29 96 24 54 1 94 24 31 62 97 34 29 22 5 26 94 7 15 79 22 3 19 32 70 55 58 100 28 3 66 8 21 99 20 51 45 81 30 98 76 66 61 42 70 95 60 15 91 40 88 48 88 38 32 20 62 31 73 12 9 32 6 80 71 21 47 76 11 50 63 15 56 67 30 89 85 33 31 96
86 95 32 38 24 76 48 9 94 95 61 7 62 44 15 94 18 64 61 46 39 29 96 24 54 1 94 24 31 62 97 34 29 22 5 26 94 7 15 79 22 3 19 32 70 55 58 100 28 3 66 8 21 99 20 51 45 81 30 98 76 66 61 42 70 95 60 15 91 40 88 48 88 38 32 20 62 31 73 12 9 32 6 80 71 21 47 76 11 50 63 15 56 67 30 89 85 33 31 96
86 95 32 38 24 76 48 9 94 95 61 7 62 44 15 94 18 64 61 46 39 29 96 24 54 1 94 24 31 62 97 34 29 22 5 26 94 7 15 79 22 3 19 32 70 55 58 100 28 3 66 8 21 99 20 51 45 81 30 98 76 66 61 42 70 95 60 15 91 40 88 48 88 38 32 20 62 31 73 12 9 32 6 80 71 21 47 76 11 50 63 15 56 67 30 89 85 33 31 96
86 95 32 38 24 76 48 9 94 95 61 7 62 44 15 94 18 64 61 46 39 29 96 24 54 1 94 24 31 62 97 34 29 22 5 26 94 7 15 79 22 3 19 32 70 55 58 100 28 3 66 8 21 99 20 51 45 81 30 98 76 66 61 42 70 95 60 15 91 40 88 48 88 38 32 20 62 31 73 12 9 32 6 80 71 21 47 76 11 50 63 15 56 67 30 89 85 33 31 96
86 95 32 38 24 76 48 9 94 95 61 7 62 44 15 94 18 64 61 46 39 29 96 24 54 1 94 24 31 62 97 34 29 22 5 26 94 7 15 79 22 3 19 32 70 55 58 100 28 3 66 8 21 99 20 51 45 81 30 98 76 66 61 42 70 95 60 15 91 40 88 48 88 38 32 20 62 31 73 12 9 32 6 80 71 21 47 76 11 50 63 15 56 67 30 89 85 33 31 96
86 95 32 38 24 76 48 9 94 95 61 7 62 44 15 94 18 64 61 46 39 29 96 24 54 1 94 24 31 62 97 34 29 22 5 26 94 7 15 79 22 3 19 32 70 55 58 100 28 3 66 8 21 99 20 51 45 81 30 98 76 66 61 42 70 95 60 15 91 40 88 48 88 38 32 20 62 31 73 12 9 32 6 80 71 21 47 76 11 50 63 15 56 67 30 89 85 33 31 96
86 95 32 38 24 76 48 9 94 95 61 7 62 44 15 94 18 64 61 46 39 29 96 24 54 1 94 24 31 62 97 34 29 22 5 26 94 7 15 79 22 3 19 32 70 55 58 100 28 3 66 8 21 99 20 51 45 81 30 98 76 66 61 42 70 95 60 15 91 40 88 48 88 38 32 20 62 31 73 12 9 32 6 80 71 21 47 76 11 50 63 15 56 67 30 89 85 33 31 96
86 95 32 38 24 76 48 9 94 95 61 7 62 44 15 94 18 64 61 46 39 29 96 24 54 1 94 24 31 62 97 34 29 22 5 26 94 7 15 79 22 3 19 32 70 55 58 100 28 3 66 8 21 99 20 51 45 81 30 98 76 66 61 42 70 95 60 15 91 40 88 48 88 38 32 20 62 31 73 12 9 32 6 80 71 21 47 76 11 50 63 15 56 67 30 89 85 33 31 96
86 95 32 38 24 76 48 9 94 95 61 7 62 44 15 94 18 64 61 46 39 29 96 24 54 1 94 24 31 62 97 34 29 22 5 26 94 7 15 79 22 3 19 32 70 55 58 100 28 3 66 8 21 99 20 51 45 81 30 98 76 66 61 42 70 95 60 15 91 40 88 48 88 38 32 20 62 31 73 12 9 32 6 80 71 21 47 76 11 50 63 15 56 67 30 89 85 33 31 96
86 95 32 38 24 76 48 9 94 95 61 7 62 44 15 94 18 64 61 46 39 29 96 24 54 1 94 24 31 62 97 34 29 22 5 26 94 7 15 79 22 3 19 32 70 55 58 100 28 3 66 8 21 99 20 51 45 81 30 98 76 66 61 42 70 95 60 15 91 40 88 48 88 38 32 20 62 31 73 12 9 32 6 80 71 21 47 76 11 50 63 15 56 67 30 89 85 33 31 96
86 95 32 38 24 76 48 9 94 95 61 7 62 44 15 94 18 64 61 46 39 29 96 24 54 1 94 24 31 62 97 34 29 22 5 26 94 7 15 79 22 3 19 32 70 55 58 100 28 3 66 8 21 99 20 51 45 81 30 98 76 66 61 42 70 95 60 15 91 40 88 48 88 38 32 20 62 31 73 12 9 32 6 80 71 21 47 76 11 50 63 15 56 67 30 89 85 33 31 96
86 95 32 38 24 76 48 9 94 95 61 7 62 44 15 94 18 64 61 46 39 29 96 24 54 1 94 24 31 62 97 34 29 22 5 26 94 7 15 79 22 3 19 32 70 55 58 100 28 3 66 8 21 99 20 51 45 81 30 98 76 66 61 42 70 95 60 15 91 40 88 48 88 38 32 20 62 31 73 12 9 32 6 80 71 21 47 76 11 50 63 15 56 67 30 89 85 33 31 96
86 95 32 38 24 76 48 9 94 95 61 7 62 44 15 94 18 64 61 46 39 29 96 24 54 1 94 24 31 62 97 34 29 22 5 26 94 7 15 79 22 3 19 32 70 55 58 100 28 3 66 8 21 99 20 51 45 81 30 98 76 66 61 42 70 95 60 15 91 40 88 48 88 38 32 20 62 31 73 12 9 32 6 80 71 21 47 76 11 50 63 15 56 67 30 89 85 33 31 96
86 95 32 38 24 76 48 9 94 95 61 7 62 44 15 94 18 64 61 46 39 29 96 24 54 1 94 24 31 62 97 34 29 22 5 26 94 7 15 79 22 3 19 32 70 55 58 100 28 3 66 8 21 99 20 51 45 81 30 98 76 66 61 42 70 95 60 15 91 40 88 48 88 38 32 20 62 31 73 12 9 32 6 80 71 21 47 76 11 50 63 15 56 67 30 89 85 33 31 96
86 95 32 38 24 76 48 9 94 95 61 7 62 44 15 94 18 64 61 46 39 29 96 24 54 1 94 24 31 62 97 34 29 22 5 26 94 7 15 79 22 3 19 32 70 55 58 100 28 3 66 8 21 99 20 51 45 81 30 98 76 66 61 42 70 95 60 15 91 40 88 48 88 38 32 20 62 31 73 12 9 32 6 80 71 21 47 76 11 50 63 15 56 67 30 89 85 33 31 96
86 95 32 38 24 76 48 9 94 95 61 7 62 44 15 94 18 64 61 46 39 29 96 24 54 1 94 24 31 62 97 34 29 22 5 26 94 7 15 79 22 3 19 32 70 55 58 100 28 3 66 8 21 99 20 51 45 81 30 98 76 66 61 42 70 95 60 15 91 40 88 48 88 38 32 20 62 31 73 12 9 32 6 80 71 21 47 76 11 50 63 15 56 67 30 89 85 33 31 96
86 95 32 38 24 76 48 9 94 95 61 7 62 44 15 94 18 64 61 46 39 29 96 24 54 1 94 24 31 62 97 34 29 22 5 26 94 7 15 79 22 3 19 32 70 55 58 100 28 3 66 8 21 99 20 51 45 81 30 98 76 66 61 42 70 95 60 15 91 40 88 48 88 38 32 20 62 31 73 12 9 32 6 80 71 21 47 76 11 50 63 15 56 67 30 89 85 33 31 96
86 95 32 38 24 76 48 9 94 95 61 7 62 44 15 94 18 64 61 46 39 29 96 24 54 1 94 24 31 62 97 34 29 22 5 26 94 7 15 79 22 3 19 32 70 55 58 100 28 3 66 8 21 99 20 51 45 81 30 98 76 66 61 42 70 95 60 15 91 40 88 48 88 38 32 20 62 31 73 12 9 32 6 80 71 21 47 76 11 50 63 15 56 67 30 89 85 33 31 96
86 95 32 38 24 76 48 9 94 95 61 7 62 44 15 94 18 64 61 46 39 29 96 24 54 1 94 24 31 62 97 34 29 22 5 26 94 7 15 79 22 3 19 32 70 55 58 100 28 3 66 8 21 99 20 51 45 81 30 98 76 66 61 42 70 95 60 15 91 40 88 48 88 38 32 20 62 31 73 12 9 32 6 80 71 21 47 76 11 50 63 15 56 67 30 89 85 33 31 96
86 95 32 38 24 76 48 9 94 95 61 7 62 44 15 94 18 64 61 46 39 29 96 24 54 1 94 24 31 62 97 34 29 22 5 26 94 7 15 79 22 3 19 32 70 55 58 100 28 3 66 8 21 99 20 51 45 81 30 98 76 66 61 42 70 95 60 15 91 40 88 48 88 38 32 20 62 31 73 12 9 32 6 80 71 21 47 76 11 50 63 15 56 67 30 89 85 33 31 96
86 95 32 38 24 76 48 9 94 95 61 7 62 44 15 94 18 64 61 46 39 29 96 24 54 1 94 24 31 62 97 34 29 22 5 26 94 7 15 79 22 3 19 32 70 55 58 100 28 3 66 8 21 99 20 51 45 81 30 98 76 66 61 42 70 95 60 15 91 40 88 48 88 38 32 20 62 31 73 12 9 32 6 80 71 21 47 76 11 50 63 15 56 67 30 89 85 33 31 96
86 95 32 38 24 76 48 9 94 95 61 7 62 44 15 94 18 64 61 46 39 29 96 24 54 1 94 24 31 62 97 34 29 22 5 26 94 7 15 79 22 3 19 32 70 55 58 100 28 3 66 8 21 99 20 51 45 81 30 98 76 66 61 42 70 95 60 15 91 40 88 48 88 38 32 20 62 31 73 12 9 32 6 80 71 21 47 76 11 50 63 15 56 67 30 89 85 33 31 96
86 95 32 38 24 76 48 9 94 95 61 7 62 44 15 94 18 64 61 46 39 29 96 24 54 1 94 24 31 62 97 34 29 22 5 26 94 7 15 79 22 3 19 32 70 55 58 100 28 3 66 8 21 99 20 51 45 81 30 98 76 66 61 42 70 95 60 15 91 40 88 48 88 38 32 20 62 31 73 12 9 32 6 80 71 21 47 76 11 50 63 15 56 67 30 89 85 33 31 96
86 95 32 38 24 76 48 9 94 95 61 7 62 44 15 94 18 64 61 46 39 29 96 24 54 1 94 24 31 62 97 34 29 22 5 26 94 7 15 79 22 3 19 32 70 55 58 100 28 3 66 8 21 99 20 51 45 81 30 98 76 66 61 42 70 95 60 15 91 40 88 48 88 38 32 20 62 31 73 12 9 32 6 80 71 21 47 76 11 50 63 15 56 67 30 89 85 33 31 96
86 95 32 38 24 76 48 9 94 95 61 7 62 44 15 94 18 64 61 46 39 29 96 24 54 1 94 24 31 62 97 34 29 22 5 26 94 7 15 79 22 3 19 32 70 55 58 100 28 3 66 8 21 99 20 51 45 81 30 98 76 66 61 42 70 95 60 15 91 40 88 48 88 38 32 20 62 31 73 12 9 32 6 80 71 21 47 76 11 50 63 15 56 67 30 89 85 33 31 96
86 95 32 38 24 76 48 9 94 95 61 7 62 44 15 94 18 64 61 46 39 29 96 24 54 1 94 24 31 62 97 34 29 22 5 26 94 7 15 79 22 3 19 32 70 55 58 100 28 3 66 8 21 99 20 51 45 81 30 98 76 66 61 42 70 95 60 15 91 40 88 48 88 38 32 20 62 31 73 12 9 32 6 80 71 21 47 76 11 50 63 15 56 67 30 89 85 33 31 96
86 95 32 38 24 76 48 9 94 95 61 7 62 44 15 94 18 64 61 46 39 29 96 24 54 1 94 24 31 62 97 34 29 22 5 26 94 7 15 79 22 3 19 32 70 55 58 100 28 3 66 8 21 99 20 51 45 81 30 98 76 66 61 42 70 95 60 15 91 40 88 48 88 38 32 20 62 31 73 12 9 32 6 80 71 21 47 76 11 50 63 15 56 67 30 89 85 33 31 96
86 95 32 38 24 76 48 9 94 95 61 7 62 44 15 94 18 64 61 46 39 29 96 24 54 1 94 24 31 62 97 34 29 22 5 26 94 7 15 79 22 3 19 32 70 55 58 100 28 3 66 8 21 99 20 51 45 81 30 98 76 66 61 42 70 95 60 15 91 40 88 48 88 38 32 20 62 31 73 12 9 32 6 80 71 21 47 76 11 50 63 15 56 67 30 89 85 33 31 96
86 95 32 38 24 76 48 9 94 95 61 7 62 44 15 94 18 64 61 46 39 29 96 24 54 1 94 24 31 62 97 34 29 22 5 26 94 7 15 79 22 3 19 32 70 55 58 100 28 3 66 8 21 99 20 51 45 81 30 98 76 66 61 42 70 95 60 15 91 40 88 48 88 38 32 20 62 31 73 12 9 32 6 80 71 21 47 76 11 50 63 15 56 67 30 89 85 33 31 96
86 95 32 38 24 76 48 9 94 95 61 7 62 44 15 94 18 64 61 46 39 29 96 24 54 1 94 24 31 62 97 34 29 22 5 26 94 7 15 79 22 3 19 32 70 55 58 100 28 3 66 8 21 99 20 51 45 81 30 98 76 66 61 42 70 95 60 15 91 40 88 48 88 38 32 20 62 31 73 12 9 32 6 80 71 21 47 76 11 50 63 15 56 67 30 89 85 33 31 96
86 95 32 38 24 76 48 9 94 95 61 7 62 44 15 94 18 64 61 46 39 29 96 24 54 1 94 24 31 62 97 34 29 22 5 26 94 7 15 79 22 3 19 32 70 55 58 100 28 3 66 8 21 99 20 51 45 81 30 98 76 66 61 42 70 95 60 15 91 40 88 48 88 38 32 20 62 31 73 12 9 32 6 80 71 21 47 76 11 50 63 15 56 67 30 89 85 33 31 96
86 95 32 38 24 76 48 9 94 95 61 7 62 44 15 94 18 64 61 46 39 29 96 24 54 1 94 24 31 62 97 34 29 22 5 26 94 7 15 79 22 3 19 32 70 55 58 100 28 3 66 8 21 99 20 51 45 81 30 98 76 66 61 42 70 95 60 15 91 40 88 48 88 38 32 20 62 31 73 12 9 32 6 80 71 21 47 76 11 50 63 15 56 67 30 89 85 33 31 96
86 95 32 38 24 76 48 9 94 95 61 7 62 44 15 94 18 64 61 46 39 29 96 24 54 1 94 24 31 62 97 34 29 22 5 26 94 7 15 79 22 3 19 32 70 55 58 100 28 3 66 8 21 99 20 51 45 81 30 98 76 66 61 42 70 95 60 15 91 40 88 48 88 38 32 20 62 31 73 12 9 32 6 80 71 21 47 76 11 50 63 15 56 67 30 89 85 33 31 96
86 95 32 38 24 76 48 9 94 95 61 7 62 44 15 94 18 64 61 46 39 29 96 24 54 1 94 24 31 62 97 34 29 22 5 26 94 7 15 79 22 3 19 32 70 55 58 100 28 3 66 8 21 99 20 51 45 81 30 98 76 66 61 42 70 95 60 15 91 40 88 48 88 38 32 20 62 31 73 12 9 32 6 80 71 21 47 76 11 50 63 15 56 67 30 89 85 33 31 96
86 95 32 38 24 76 48 9 94 95 61 7 62 44 15 94 18 64 61 46 39 29 96 24 54 1 94 24 31 62 97 34 29 22 5 26 94 7 15 79 22 3 19 32 70 55 58 100 28 3 66 8 21 99 20 51 45 81 30 98 76 66 61 42 70 95 60 15 91 40 88 48 88 38 32 20 62 31 73 12 9 32 6 80 71 21 47 76 11 50 63 15 56 67 30 89 85 33 31 96
