55 60
72 85 60 86 55 85 42 62 65 38 44 30 90 5 97 27 38 48 79 82 53 48 57 39 93 84 7 34 8 65 2 37 84 96 78 14 87 87 98 47 80 80 46 52 78 68 11 72 64 58 14 54 95 76 52 10 41 47 26 18
56 63 27 18 31 11 0 20 40 5 27 6 56 2 92 25 26 22 28 50 23 44 40 3 5 82 5 22 6 11 0 13 10 72 24 9 32 28 56 1 35 51 46 50 8 45 2 46 10 58 9 32 24 31 24 5 10 29 4 6
8 58 40 27 7 66 8 59 24 25 36 0 8 3 82 18 3 47 78 72 25 24 56 2 56 38 5 0 0 29 0 37 10 34 23 7 10 60 31 42 33 74 3 11 54 38 6 63 17 30 7 50 9 70 30 0 39 13 8 0
48 72 8 56 40 72 12 16 12 15 26 17 1 0 81 10 0 7 54 47 14 34 42 11 90 36 1 26 5 26 1 34 48 61 17 13 83 59 44 21 68 79 32 6 23 52 9 30 25 39 13 13 55 24 46 10 29 28 19 12
36 45 58 20 36 33 18 38 40 18 0 14 27 4 64 8 11 18 49 62 23 43 7 4 28 7 4 12 5 36 1 1 55 93 51 4 37 19 88 6 29 7 20 52 70 17 9 39 45 26 1 5 88 27 37 5 41 40 4 17
63 3 9 44 34 14 5 49 55 33 36 12 51 0 39 0 2 48 55 30 24 20 41 2 81 31 7 0 7 15 0 29 30 91 57 11 15 29 51 23 4 27 9 9 1 11 9 33 14 51 5 51 89 46 37 6 1 37 4 9
45 4 35 60 13 85 40 16 40 26 24 26 53 4 71 27 12 27 31 17 11 10 10 8 88 48 5 15 4 64 0 25 21 8 4 0 38 42 30 42 56 79 17 32 14 37 0 62 4 43 10 26 43 52 28 6 37 34 26 8
15 39 40 78 14 11 0 14 50 34 14 28 34 3 57 9 32 25 50 0 47 15 15 17 75 75 1 23 8 30 2 18 18 76 74 3 64 77 25 15 17 77 24 25 2 49 2 11 27 43 5 35 44 16 14 2 24 38 23 14
8 58 31 24 7 15 30 44 26 18 25 26 16 1 14 4 19 6 28 59 50 1 44 29 70 7 7 7 0 49 1 27 49 4 75 3 25 25 23 32 8 5 0 29 73 0 8 60 51 58 4 38 56 13 3 5 20 27 26 14
63 52 20 19 53 39 9 55 62 19 42 22 72 2 61 19 34 24 23 70 45 9 35 30 1 82 2 30 1 51 2 37 40 73 39 0 56 23 36 19 11 34 38 15 14 27 6 8 14 57 1 22 82 43 51 3 40 37 24 7
56 30 20 34 4 25 17 48 15 36 5 10 4 5 71 0 0 26 61 25 7 43 4 10 8 57 5 28 2 28 1 28 47 80 67 5 63 8 26 12 10 47 2 25 23 33 3 33 29 30 10 24 66 65 15 4 15 39 4 9
57 7 3 57 39 17 33 53 51 26 11 5 34 0 57 0 10 43 29 11 10 38 26 37 4 60 6 17 0 30 1 33 26 47 45 6 84 15 63 22 2 63 20 29 40 11 6 10 44 38 4 29 12 25 20 1 40 7 5 2
65 49 33 8 25 78 37 5 30 31 32 27 36 0 88 11 26 23 55 48 17 35 43 1 59 62 1 26 1 0 2 11 81 22 36 7 52 83 84 26 37 7 44 32 45 59 9 11 59 58 12 4 15 7 33 6 16 45 1 17
30 38 15 63 47 63 1 19 63 4 15 13 32 2 1 14 7 41 32 44 50 33 5 24 88 8 6 3 4 3 0 3 19 23 48 12 2 45 1 24 34 52 3 28 19 2 2 42 16 45 1 20 1 37 6 10 25 11 26 7
72 3 24 26 9 71 27 50 32 24 44 11 5 1 76 22 11 3 19 56 35 18 14 25 62 78 4 29 3 32 1 16 24 79 55 11 36 39 35 46 67 29 43 21 3 50 2 32 22 55 12 14 94 29 51 7 38 43 8 2
72 20 15 19 5 42 40 56 15 13 31 11 5 5 71 3 34 30 21 11 20 18 21 12 70 57 1 27 1 33 1 11 25 85 66 5 20 64 49 26 76 16 29 29 68 35 11 25 48 1 10 8 92 10 52 7 18 34 1 11
21 57 9 38 23 59 5 23 39 3 17 29 81 0 94 0 21 47 21 12 31 12 52 8 38 49 4 34 2 18 1 36 34 2 19 13 44 62 30 13 30 72 24 1 59 43 4 24 60 57 12 9 4 69 13 3 18 42 2 9
25 43 45 33 38 45 26 59 46 34 9 20 31 3 66 15 34 13 43 12 15 41 1 25 66 25 0 16 3 1 1 21 78 35 7 7 35 13 2 20 27 73 29 0 22 66 2 50 7 5 8 15 66 41 35 7 39 18 0 4
47 39 36 84 32 71 41 57 1 26 31 13 74 4 49 18 13 1 63 76 5 26 25 39 48 32 5 28 0 30 0 31 34 52 49 13 78 77 61 15 10 32 46 28 68 42 6 27 59 31 8 6 88 52 43 3 40 2 24 2
2 9 10 27 21 21 40 35 19 35 7 17 80 3 43 6 35 28 12 12 35 16 25 25 7 30 5 31 2 57 0 16 5 50 4 7 79 16 73 20 72 15 31 37 41 36 3 23 64 0 5 32 45 49 20 0 41 46 4 12
23 25 41 17 3 79 26 19 31 15 12 19 21 5 50 12 14 45 36 49 18 21 56 23 12 30 0 22 3 43 1 31 56 39 31 0 87 86 34 21 58 75 29 35 64 18 11 41 57 56 11 6 67 20 17 0 6 36 1 0
17 11 26 22 29 74 33 11 63 16 5 10 9 3 57 26 29 46 67 4 50 29 57 35 37 66 3 7 1 50 2 7 55 87 68 0 8 7 49 29 47 30 11 5 13 67 10 65 3 15 7 26 11 36 24 5 41 46 11 1
62 3 7 42 15 39 17 14 26 2 30 3 31 5 69 11 24 18 31 1 23 18 35 26 6 53 6 31 5 44 2 12 45 30 8 12 35 68 40 13 26 57 1 29 58 27 1 38 39 5 10 36 60 2 50 9 4 32 23 16
2 0 32 81 22 82 22 50 24 38 8 11 1 5 50 21 32 35 29 52 12 15 4 21 8 23 1 0 0 1 0 5 5 49 5 3 75 32 16 2 45 73 36 46 36 61 1 24 12 42 6 23 50 23 18 0 32 20 20 7
67 13 1 30 50 8 16 54 57 26 31 5 89 5 74 16 14 22 40 53 20 12 21 22 24 11 3 7 6 33 0 3 44 82 9 5 14 20 4 28 78 60 0 32 14 39 7 12 5 40 13 53 69 46 51 3 21 38 8 15
40 35 56 36 29 80 11 45 57 1 16 13 0 0 24 27 12 28 68 53 24 17 25 26 31 48 7 27 8 59 2 15 32 86 76 0 69 60 66 11 19 43 10 40 13 51 11 52 19 28 6 10 47 15 41 5 35 21 3 18
31 25 51 6 45 62 4 61 10 30 13 7 6 0 41 11 4 43 45 35 13 13 34 37 11 65 7 21 8 0 1 35 20 65 19 3 42 2 3 0 51 75 19 36 29 48 9 43 46 31 14 25 33 46 47 7 32 17 9 12
45 39 17 7 48 20 4 5 14 12 8 18 36 2 73 20 20 33 39 12 0 8 24 2 5 22 1 12 8 5 0 22 72 69 63 2 14 30 59 34 9 53 34 45 50 38 9 1 31 3 13 4 4 39 15 8 30 1 11 8
12 70 6 58 45 46 20 37 58 34 32 17 37 2 36 19 20 17 71 80 39 42 0 6 65 58 7 1 6 58 0 32 41 49 11 1 31 54 92 11 74 51 13 36 26 7 7 34 62 34 2 13 24 15 46 7 20 36 24 6
13 60 32 51 18 69 13 12 29 31 19 8 32 1 89 27 28 2 58 15 15 25 33 15 73 20 6 23 3 44 2 36 62 85 11 14 76 31 43 2 39 26 21 26 44 11 7 6 32 26 13 51 60 58 21 3 17 42 21 13
25 39 12 23 3 49 37 12 60 28 5 29 30 3 17 20 4 8 71 62 3 24 56 3 9 32 6 25 5 38 1 11 29 95 59 8 27 83 65 26 41 45 22 2 71 7 6 44 53 43 10 13 3 74 40 8 9 11 24 12
3 29 20 63 5 50 20 47 54 9 13 28 13 5 32 4 31 25 11 71 12 17 3 9 66 62 3 34 2 33 2 14 28 38 57 11 71 62 21 15 78 78 7 47 22 48 2 32 22 12 7 36 50 58 45 6 37 23 5 2
45 67 6 42 25 73 13 8 20 37 21 15 66 0 6 7 34 44 58 27 9 47 54 17 47 31 7 27 1 30 1 2 24 80 24 11 52 45 91 0 65 11 34 37 44 40 11 51 32 21 13 34 80 33 11 4 32 19 0 0
23 5 14 73 28 59 31 14 6 4 23 1 85 2 22 16 26 43 47 76 0 17 27 37 66 46 0 20 7 11 1 4 2 23 17 1 83 19 57 25 8 70 13 42 36 2 0 50 26 2 7 54 23 60 31 2 31 23 6 14
45 72 39 19 53 11 33 58 55 26 22 27 16 1 97 3 5 17 37 20 3 3 54 25 90 21 5 15 3 19 0 35 22 43 10 13 46 3 14 25 25 36 29 17 57 20 0 19 27 11 9 27 81 26 25 3 40 3 7 0
0 78 29 35 14 58 35 28 15 7 13 28 72 0 70 13 21 4 56 19 22 33 0 21 1 46 4 29 0 4 0 34 82 63 67 9 13 2 0 43 76 2 13 9 14 61 8 9 7 23 3 41 93 43 33 8 21 9 10 7
56 42 8 21 54 85 37 42 40 34 1 12 63 5 89 7 20 7 28 65 6 47 43 2 83 8 0 11 6 34 0 26 82 92 48 1 48 31 29 12 75 65 12 8 65 60 11 56 50 52 7 53 6 44 25 5 18 23 5 17
30 17 21 32 9 55 18 45 17 2 23 30 3 1 88 5 31 15 44 81 45 32 55 9 10 17 5 2 8 23 2 31 51 26 10 5 51 67 0 33 16 33 44 8 26 61 7 41 18 15 14 13 69 34 17 4 33 3 2 17
28 67 13 43 38 28 4 11 26 6 12 7 46 1 34 19 27 37 1 30 34 7 13 25 25 28 6 32 8 52 0 37 70 86 8 0 55 5 74 43 12 9 20 31 70 24 1 2 1 4 8 42 41 64 42 3 38 11 8 9
28 13 29 53 32 63 42 44 46 36 17 18 24 3 92 20 5 35 57 23 49 39 38 36 39 66 1 29 3 56 2 9 55 80 73 10 76 28 80 32 73 54 12 42 29 0 4 47 36 39 10 31 27 59 1 1 16 14 8 14
68 29 54 52 48 53 28 18 22 17 24 21 74 4 9 18 31 18 3 2 44 44 46 0 4 8 5 27 4 4 0 33 12 87 61 0 49 83 97 24 79 0 46 27 9 26 11 71 15 15 6 24 72 7 10 9 23 1 5 14
7 23 7 12 20 60 0 39 28 1 29 12 36 3 8 9 2 30 22 38 9 31 55 24 14 17 6 11 5 20 1 37 43 23 76 3 32 5 78 45 44 38 18 52 75 51 7 2 7 46 6 49 75 56 36 2 38 6 7 3
55 85 28 43 32 85 41 41 64 36 38 19 32 1 86 8 24 44 34 76 1 31 44 3 47 22 6 6 6 40 2 5 25 42 63 8 48 20 46 10 54 21 1 47 8 38 3 9 63 12 2 51 31 28 2 3 13 22 8 7
69 29 51 31 21 74 1 43 54 0 29 29 13 4 97 25 3 11 69 57 15 47 25 5 74 63 5 8 8 33 1 9 8 62 69 10 67 3 70 26 4 52 18 30 13 18 9 16 45 9 13 41 92 61 41 6 41 25 16 6
2 6 0 85 19 74 35 12 57 16 43 20 5 3 4 7 35 15 24 65 30 7 56 3 37 43 5 7 3 15 2 19 44 48 18 13 23 44 25 9 43 2 33 4 74 28 8 37 50 38 2 25 35 50 21 0 28 0 7 15
22 52 21 65 45 32 24 37 4 18 3 22 33 0 75 3 26 39 56 8 41 47 16 28 51 44 4 31 6 56 2 29 23 77 62 11 58 50 57 34 62 37 44 42 2 51 1 63 49 54 1 0 49 36 11 10 11 8 18 0
2 36 53 37 24 45 21 29 35 27 29 16 31 3 9 18 12 25 13 5 30 39 18 11 90 76 7 22 5 50 1 11 83 15 70 9 67 29 31 20 29 68 9 1 38 54 11 67 59 29 1 7 2 30 47 1 22 5 5 18
49 26 39 23 6 66 11 33 3 34 9 30 12 0 18 4 26 46 3 17 5 2 7 34 29 6 2 33 2 50 2 15 84 6 42 10 83 50 39 7 8 50 19 34 23 65 5 33 42 30 6 49 89 18 46 2 29 44 13 7
9 66 24 29 39 18 12 19 6 19 40 6 64 4 60 2 30 27 66 47 26 15 51 1 86 43 2 2 5 55 1 36 45 25 74 1 26 25 97 9 73 0 21 47 64 54 9 22 44 38 4 53 18 60 35 8 35 29 0 7
46 50 27 13 50 3 13 24 31 6 23 4 12 2 69 4 32 9 4 47 15 22 2 28 89 39 5 10 8 41 1 18 68 94 29 3 31 59 37 47 53 75 16 13 71 49 11 28 1 44 2 6 10 74 2 1 9 33 12 6
61 16 13 34 27 83 39 7 44 1 35 24 50 4 96 13 22 47 3 52 10 28 23 33 56 0 6 6 3 18 2 16 67 12 25 12 86 62 64 37 71 7 26 26 58 8 9 20 59 54 2 42 53 59 22 8 38 19 2 1
71 80 53 60 4 66 21 49 47 32 33 11 82 5 78 13 12 10 39 42 37 31 8 12 18 9 3 15 2 32 2 29 49 7 27 10 74 13 79 32 80 27 39 44 32 31 1 17 54 44 0 53 33 48 48 1 40 9 17 7
50 42 2 1 28 41 23 29 22 16 3 9 20 5 35 18 16 38 47 42 39 17 18 14 30 23 0 19 0 56 0 1 62 72 49 11 67 34 76 35 69 31 33 16 77 16 10 58 38 1 8 13 3 23 52 6 5 20 19 12
59 12 22 29 11 45 4 39 49 10 20 8 64 0 89 23 5 1 73 29 22 8 17 20 88 83 7 14 1 38 1 22 9 5 51 10 72 68 67 35 33 11 18 24 31 27 7 28 57 4 13 43 5 0 9 1 4 33 5 4
25 72 30 52 35 64 31 14 58 29 44 25 60 3 82 0 30 16 24 49 47 45 2 8 0 3 2 20 4 35 1 15 8 92 53 1 70 83 18 1 33 43 24 50 35 31 9 8 62 57 11 24 7 62 42 7 2 19 6 18
11 56 12 65 29 1 28 38 31 36 43 7 21 1 74 23 33 46 44 30 24 33 34 36 40 8 4 16 3 51 1 24 59 12 7 12 14 54 84 45 62 48 13 43 29 68 11 57 53 28 9 32 21 44 2 0 18 18 18 8
