100 100
42 57 37 17 62 84 31 27 51 89 47 73 68 18 46 79 26 69 92 79 25 99 74 29 9 86 47 43 57 86 44 74 87 47 71 3 88 35 78 23 17 94 83 96 38 18 6 73 13 14 100 94 16 48 33 24 19 16 64 67 23 94 26 67 99 89 32 15 88 60 93 23 1 61 91 13 64 16 9 86 76 69 27 48 0 99 79 1 64 96 7 32 3 94 65 72 11 58 73 67
40 17 37 2 60 59 8 4 9 20 1 66 53 13 9 31 13 67 61 6 9 98 0 11 7 6 19 15 36 19 18 34 67 44 40 0 11 35 53 14 15 22 6 41 0 18 6 37 2 14 16 87 2 32 3 16 8 5 57 3 2 32 4 55 11 40 25 12 55 33 68 6 1 52 70 4 25 13 9 17 8 58 12 18 0 4 27 0 34 68 7 4 2 29 42 56 2 10 22 49
42 38 24 9 48 25 11 26 45 26 24 29 45 1 35 10 19 53 50 76 25 34 69 12 8 70 15 13 27 38 8 58 4 16 68 1 49 35 64 8 13 57 78 56 14 9 6 23 8 7 3 82 7 12 30 17 8 11 61 50 16 34 12 55 10 21 24 8 22 34 14 3 1 60 48 1 37 11 5 55 52 58 27 14 0 43 40 0 35 24 1 16 3 40 48 1 8 57 1 61
41 18 33 3 57 74 27 1 48 41 14 66 19 6 4 10 8 21 68 77 21 59 22 27 5 57 41 37 53 9 21 52 17 19 70 1 79 12 39 18 7 80 26 85 17 3 4 20 0 5 17 62 1 48 17 4 18 6 15 37 20 20 15 41 20 19 14 6 78 8 80 21 1 35 49 7 3 15 9 77 30 21 2 37 0 23 76 1 32 93 4 1 0 40 41 62 10 25 22 29
25 4 31 9 53 4 4 13 10 40 23 46 35 0 8 6 6 46 25 39 20 65 42 0 3 45 11 40 51 54 29 51 70 3 2 1 83 32 0 22 16 63 62 39 8 14 3 2 2 9 41 94 3 34 32 3 17 0 10 31 6 12 20 17 78 74 20 11 61 33 37 19 1 47 89 4 38 8 3 77 54 7 8 45 0 61 4 1 15 91 1 13 1 59 30 62 7 24 7 48
28 54 21 15 5 1 0 21 24 79 10 56 31 0 13 28 4 27 39 5 9 80 11 2 3 76 16 23 19 56 35 36 53 26 13 2 52 33 46 13 0 2 38 68 26 0 5 30 5 2 84 63 15 13 5 12 3 15 49 14 4 26 18 55 69 74 8 9 4 50 70 8 0 4 76 8 3 12 6 78 63 48 5 12 0 1 25 1 63 2 4 31 0 17 65 35 5 23 15 13
37 53 25 0 15 73 24 4 30 60 1 40 60 18 27 35 10 58 41 79 23 37 46 6 7 63 46 31 55 44 22 51 29 22 26 2 18 35 65 9 8 86 42 36 4 13 6 0 2 3 38 53 6 16 29 13 3 0 53 4 12 64 7 54 70 60 5 10 86 14 0 5 0 33 25 3 25 8 1 40 67 53 10 37 0 93 30 0 54 88 5 8 0 91 6 38 8 19 47 2
10 1 16 15 24 67 8 15 46 48 18 67 52 17 37 28 24 11 4 18 16 53 8 16 2 85 36 2 43 17 29 50 24 40 19 3 87 5 63 2 16 86 20 72 15 5 2 61 13 3 56 67 8 44 27 1 7 14 50 59 18 1 15 6 15 5 6 0 23 41 87 5 0 8 75 10 4 0 3 59 37 23 8 12 0 13 25 1 37 84 4 16 1 37 64 54 11 42 62 58
17 48 35 0 12 25 19 5 40 8 17 37 24 3 20 51 18 33 8 7 9 35 62 18 9 28 30 4 8 26 11 10 67 19 50 2 42 30 66 16 7 78 10 34 1 2 2 52 10 4 62 48 16 25 29 2 4 10 37 41 18 17 16 57 32 62 5 10 59 0 52 20 1 6 46 8 53 0 4 83 16 27 14 41 0 40 6 0 16 6 4 22 1 59 40 21 5 29 30 58
0 31 33 4 38 48 14 14 23 78 38 30 29 17 34 45 22 27 66 63 15 63 19 7 8 19 27 43 21 17 3 70 1 20 60 3 16 34 34 15 8 13 58 47 17 7 4 35 1 13 56 39 4 44 31 10 15 16 46 46 1 36 17 13 42 64 0 9 62 46 61 1 0 35 85 2 13 7 6 25 47 31 4 4 0 74 67 0 55 38 5 13 3 21 32 69 2 7 20 4
7 29 10 8 44 18 25 13 22 45 16 53 15 1 19 1 22 65 60 42 19 83 32 18 5 37 23 34 42 52 38 43 84 28 13 2 79 29 6 15 16 74 40 31 24 11 1 29 0 8 29 88 9 27 19 21 8 3 13 31 13 72 3 44 72 57 29 4 7 22 53 2 0 5 43 13 43 11 8 39 74 8 0 0 0 41 22 1 43 57 4 0 0 20 6 45 2 17 20 33
1 15 19 14 5 83 24 23 43 21 35 15 39 9 7 14 23 44 54 48 19 70 29 22 7 24 18 37 34 25 16 0 4 46 57 1 33 8 36 15 2 87 50 11 9 9 5 61 13 0 22 48 9 20 14 13 16 2 0 25 10 53 18 27 90 22 26 12 37 59 69 0 0 59 55 0 41 8 6 32 11 54 5 26 0 4 46 1 33 62 1 27 2 41 46 41 2 38 41 29
22 52 25 2 44 50 14 20 30 6 3 2 17 17 19 76 23 54 87 2 24 55 32 5 5 16 21 12 3 77 39 60 56 37 10 0 18 33 54 15 10 80 43 24 29 11 0 72 2 5 81 22 9 39 24 13 3 2 1 61 13 76 20 5 7 19 28 11 30 29 54 21 0 1 34 7 8 12 2 10 37 21 10 47 0 4 64 0 0 43 4 15 1 14 45 60 7 42 14 58
5 21 1 5 13 46 9 23 48 7 18 41 37 6 14 17 19 30 83 60 13 81 46 26 0 81 34 43 5 12 41 68 24 46 67 1 55 14 16 19 16 84 12 49 5 2 3 7 3 3 53 24 7 31 31 7 1 14 5 12 8 69 20 39 98 60 6 8 11 30 2 0 0 47 27 0 51 2 9 46 76 10 25 3 0 91 58 0 13 27 1 19 2 33 62 24 11 26 3 32
9 10 0 3 58 72 13 18 40 2 28 37 20 2 3 12 4 37 66 17 3 81 67 10 5 20 12 32 22 60 37 17 59 8 34 2 64 29 54 19 2 74 36 11 19 10 1 66 7 10 55 2 9 9 13 9 12 11 9 16 9 72 6 50 94 43 13 11 5 16 14 15 1 20 76 11 43 0 8 61 47 35 12 40 0 71 65 0 57 51 0 19 3 11 54 20 0 32 16 1
31 50 7 12 27 40 10 27 25 36 47 59 24 12 26 22 21 30 23 42 21 52 66 3 5 14 0 17 4 7 27 44 48 45 23 3 23 27 10 19 15 42 34 19 9 18 2 50 12 0 51 35 14 2 19 14 8 13 16 39 8 27 13 36 66 80 20 2 0 20 9 17 0 49 34 1 38 14 5 22 58 28 27 4 0 14 51 0 41 0 6 23 0 90 45 11 11 5 20 12
13 3 31 13 44 63 7 10 27 77 1 56 29 0 11 33 24 55 3 71 21 69 72 4 5 76 7 22 12 37 15 63 24 11 67 2 80 30 44 9 12 67 4 5 23 18 0 32 1 8 32 50 0 35 16 24 1 7 19 29 19 50 6 19 39 81 18 4 55 39 87 3 0 49 91 0 11 0 4 35 32 39 9 14 0 48 33 0 26 0 7 0 3 81 3 6 2 18 53 42
11 11 20 0 17 82 12 17 19 29 24 54 21 8 27 6 18 18 54 73 25 1 16 14 3 61 16 27 48 58 12 74 29 23 51 2 16 21 30 5 15 87 49 34 25 3 1 60 0 2 2 64 4 6 32 6 8 15 19 20 5 25 26 46 22 1 4 15 46 43 30 6 1 6 25 8 48 13 5 57 54 25 21 16 0 95 29 1 12 79 5 28 3 8 10 0 4 14 38 34
28 42 6 13 34 11 5 10 13 64 16 2 44 12 13 32 20 0 91 12 7 73 25 16 4 75 42 11 15 11 19 73 12 29 26 3 71 28 44 11 9 45 70 41 3 17 5 34 0 7 90 7 3 26 20 5 2 16 35 44 4 61 21 53 30 77 9 8 33 13 21 22 1 49 80 12 47 9 7 24 50 47 8 30 0 49 38 0 51 9 1 32 1 26 34 8 6 54 69 58
32 25 27 0 37 70 5 9 6 59 9 69 25 2 43 41 22 24 10 67 22 89 30 23 6 86 8 5 9 73 37 36 39 36 55 2 68 31 74 15 16 41 54 9 23 17 5 57 10 7 43 91 4 29 11 1 5 4 27 6 23 28 24 57 29 38 7 3 3 59 91 22 1 12 88 9 29 3 1 57 76 12 3 46 0 55 10 1 48 19 1 5 2 10 15 35 4 53 26 35
19 33 10 5 54 35 31 11 26 19 23 63 41 16 4 64 8 51 70 45 15 58 62 2 3 45 15 28 26 23 12 49 24 37 28 2 41 34 50 20 6 54 61 73 29 5 6 13 10 8 17 76 1 29 1 6 5 13 21 52 8 30 0 54 16 7 1 10 87 54 34 7 1 22 54 2 50 0 8 68 30 51 13 40 0 39 52 1 14 90 2 7 2 67 29 68 7 50 70 62
32 28 33 15 36 9 29 15 39 15 31 71 14 17 12 62 7 53 23 6 5 87 54 14 5 61 14 23 41 26 31 40 56 21 53 3 18 32 51 23 9 57 79 89 11 13 0 8 4 9 64 39 14 41 4 17 6 9 64 51 21 19 3 51 20 43 11 8 13 12 87 11 0 7 0 6 2 14 1 44 69 34 3 37 0 4 17 0 53 81 7 1 3 58 30 39 2 26 14 26
27 28 18 15 35 50 27 21 49 64 43 20 16 0 19 38 15 38 45 45 6 61 18 25 2 19 27 24 32 44 32 74 21 0 67 1 18 3 54 6 10 46 8 81 7 3 5 63 13 6 43 47 15 29 0 18 10 14 54 54 14 55 23 15 18 57 8 8 8 8 9 1 1 32 8 1 47 15 7 46 4 68 3 29 0 5 5 1 53 31 3 0 0 47 50 0 4 17 32 31
36 38 17 11 50 23 12 25 4 62 16 36 4 6 9 67 20 53 22 24 2 82 25 10 5 80 12 17 44 38 44 55 57 20 49 3 14 19 65 0 0 51 76 65 12 1 1 2 1 3 54 43 0 18 16 0 16 2 49 52 2 85 13 19 87 24 23 2 5 48 18 0 1 17 61 8 50 8 5 53 8 39 13 39 0 74 35 1 63 49 2 15 1 79 29 8 6 23 23 38
42 40 4 0 61 68 29 11 48 64 18 31 41 15 27 63 16 26 5 9 21 48 27 1 9 39 8 33 33 9 26 51 2 27 13 0 42 34 47 15 1 17 25 17 21 16 4 17 11 7 76 81 13 35 9 19 6 14 40 45 4 35 24 41 72 43 1 8 66 44 49 15 1 16 46 8 37 11 8 30 70 19 24 46 0 18 50 0 0 46 4 28 0 87 38 40 11 33 25 3
31 19 18 7 43 49 26 19 37 69 13 17 58 2 45 29 24 48 55 78 22 44 11 9 1 49 12 35 44 13 10 8 63 34 60 1 17 20 43 16 15 19 6 13 23 10 1 61 12 4 88 61 10 12 12 21 15 12 18 58 19 64 5 4 12 50 22 11 63 10 27 8 0 46 85 8 3 2 5 72 61 25 26 3 0 7 64 1 60 67 3 1 0 27 16 8 11 51 13 24
10 35 15 4 55 73 25 24 30 30 24 51 47 12 8 46 15 58 46 47 15 26 60 4 6 60 43 39 34 45 11 68 34 24 26 3 62 5 52 10 4 14 77 25 1 2 6 2 5 0 96 90 15 15 20 6 2 6 46 11 17 23 17 58 26 64 21 4 16 13 69 14 1 18 0 6 35 4 2 37 42 29 17 8 0 38 5 0 14 87 6 31 0 29 55 20 8 52 5 43
20 50 7 3 9 8 15 6 12 20 45 54 23 3 5 44 7 55 20 79 20 56 15 18 1 46 25 31 28 86 13 29 13 29 63 2 30 21 45 16 3 56 23 39 18 10 2 56 5 8 56 17 12 10 0 9 1 15 24 46 6 5 24 57 88 35 32 7 32 1 77 0 1 52 37 12 1 5 3 68 31 46 1 48 0 29 12 1 0 57 2 12 2 86 40 49 3 14 60 18
33 3 26 16 41 64 9 2 6 50 7 40 3 8 13 55 0 48 49 46 11 17 7 8 0 36 38 14 20 68 39 23 2 25 24 1 36 16 73 3 0 0 14 0 23 6 2 57 1 14 80 79 4 28 23 11 10 12 9 6 6 38 6 48 52 63 25 9 51 16 50 17 1 58 39 4 58 0 2 35 12 14 21 0 0 95 38 0 0 72 2 3 1 21 23 56 2 51 70 56
24 14 29 4 61 26 20 16 40 18 30 43 62 10 15 19 25 45 23 54 13 78 26 5 7 49 6 9 47 45 24 74 83 35 32 2 27 13 72 13 10 3 10 81 21 13 1 12 10 14 56 49 2 38 14 13 13 6 8 41 14 21 0 25 51 58 0 14 31 10 35 8 0 37 80 4 10 16 5 17 21 63 25 26 0 58 12 1 47 4 6 19 2 9 64 45 5 50 24 51
2 12 24 3 34 20 7 1 39 23 6 25 13 2 9 60 15 13 3 1 11 62 72 8 7 86 38 24 51 59 18 30 24 2 69 0 57 18 12 21 17 52 56 72 30 8 1 26 6 5 14 54 6 0 18 18 8 9 4 55 17 14 20 16 40 65 7 3 60 9 53 14 1 40 34 10 40 14 4 0 41 19 7 0 0 73 22 0 42 84 1 30 2 46 38 47 9 29 55 14
1 18 22 8 5 82 2 10 43 40 12 53 50 16 46 76 26 41 65 39 14 38 60 6 1 64 47 21 11 86 31 46 6 28 10 0 18 27 34 10 3 1 62 15 11 17 2 2 9 3 3 55 16 12 12 7 4 3 51 26 8 43 9 7 29 81 3 6 63 24 57 23 1 56 57 12 2 15 4 23 2 54 9 46 0 34 76 1 1 82 7 19 3 72 44 64 1 27 71 34
24 3 0 10 52 28 7 10 14 32 28 65 8 6 43 55 17 8 31 3 19 48 64 12 8 82 28 9 46 75 7 56 55 4 25 2 27 21 11 13 0 7 1 86 34 13 4 43 9 2 60 24 6 41 12 11 5 3 22 25 17 8 13 59 75 27 3 7 44 59 36 10 0 36 15 8 5 3 3 76 55 56 18 35 0 33 39 1 5 64 4 12 0 91 55 11 2 31 61 47
24 33 14 11 16 78 16 10 30 67 7 10 68 3 8 26 19 38 90 51 25 9 56 9 9 75 36 37 36 53 9 73 7 32 2 0 37 18 46 4 7 81 61 21 20 4 1 71 13 4 39 78 1 5 26 7 3 6 6 47 15 35 20 13 5 32 21 15 64 54 58 14 1 9 3 12 62 10 6 51 37 33 2 37 0 46 70 0 35 3 1 30 1 83 35 27 9 11 28 55
40 42 7 7 50 75 6 11 18 78 43 31 40 2 5 31 6 30 0 24 8 95 39 11 5 40 45 39 50 35 39 22 66 45 36 0 58 33 48 14 9 14 61 55 37 18 3 0 4 9 99 23 13 32 33 2 8 3 64 23 13 25 11 42 38 40 11 9 37 46 46 2 1 1 57 9 40 16 5 63 5 14 8 44 0 12 22 1 12 43 0 10 2 51 3 37 9 11 40 59
16 48 30 17 47 54 12 22 21 57 11 67 2 5 10 64 7 52 64 52 23 43 18 5 9 50 10 42 18 72 39 12 23 8 11 2 81 20 48 15 9 74 64 34 2 7 0 72 4 13 45 21 0 35 27 16 3 13 24 48 14 68 22 31 52 8 12 14 65 21 43 5 1 0 69 4 25 2 4 53 62 24 11 24 0 32 33 1 46 12 3 8 1 43 16 38 3 55 7 55
16 45 12 17 3 41 7 27 6 64 24 59 47 12 29 17 21 37 11 4 25 73 8 27 9 25 5 31 34 4 35 66 75 13 35 2 37 6 53 15 4 87 68 88 17 9 4 22 9 13 84 93 12 29 1 9 6 12 60 1 5 7 21 11 44 18 6 14 1 14 47 8 0 16 76 9 36 7 2 20 39 62 14 29 0 50 73 1 28 72 7 17 2 11 2 60 2 15 2 3
40 39 19 4 58 65 21 5 28 26 5 32 31 12 41 63 12 14 33 42 18 34 1 19 7 58 36 6 52 68 44 27 50 43 12 3 80 10 6 23 2 82 72 38 23 17 3 56 0 1 36 41 0 14 33 15 6 13 52 64 16 9 15 54 67 24 3 8 49 19 28 19 1 60 24 5 6 3 1 12 10 13 22 46 0 15 45 0 16 76 6 3 1 38 21 45 0 32 30 21
17 42 18 15 17 38 5 15 23 57 15 34 25 3 11 30 8 16 35 3 17 68 48 13 9 16 47 8 57 43 41 72 51 31 9 1 18 20 77 13 5 83 28 10 20 18 0 20 7 3 15 71 7 39 2 3 3 8 24 59 12 89 16 33 96 52 3 6 9 17 0 3 0 5 73 0 43 0 8 44 75 8 26 8 0 97 1 0 4 6 7 21 1 42 53 19 6 50 69 60
31 30 22 15 25 58 15 22 1 44 10 9 66 1 18 27 2 63 36 19 3 37 64 23 8 27 43 2 1 61 37 20 33 19 12 2 20 13 36 13 5 44 72 17 4 4 4 66 4 9 11 55 3 13 20 9 15 10 39 28 13 0 12 56 48 31 10 9 48 18 60 0 1 50 13 2 51 7 8 32 64 42 7 24 0 36 56 0 22 1 6 0 2 50 42 39 4 7 17 41
37 27 7 11 32 67 0 2 14 20 0 16 3 9 16 32 14 59 74 11 20 48 4 18 9 1 36 35 57 43 3 18 7 31 36 2 35 13 76 6 5 90 29 46 0 10 6 19 10 7 24 27 7 31 4 17 2 13 44 17 10 0 15 32 1 72 14 4 21 50 55 19 0 3 5 2 15 3 0 72 14 22 19 21 0 61 63 1 13 6 5 14 0 88 11 38 7 11 32 28
19 6 12 16 21 3 14 20 45 16 7 15 36 12 0 71 19 6 76 15 21 44 51 8 2 33 4 38 17 55 38 12 20 31 50 3 35 35 8 1 3 67 66 67 37 9 3 71 9 11 54 5 3 39 28 13 17 7 17 30 10 38 0 31 48 41 30 1 9 4 20 10 1 48 14 1 50 5 5 63 51 5 14 6 0 52 37 1 43 86 6 18 0 84 12 58 0 25 42 57
41 24 29 17 17 58 12 22 18 52 5 35 62 3 16 19 21 10 60 72 13 55 1 9 3 24 24 8 4 52 8 18 3 43 23 3 49 21 59 4 10 11 8 10 13 2 5 2 3 12 71 72 4 13 16 17 8 0 52 1 3 70 19 52 31 1 14 4 2 40 39 15 0 47 58 9 9 1 9 12 48 66 19 35 0 22 14 0 0 44 3 1 3 8 7 70 8 4 21 6
24 40 7 6 17 26 27 26 30 17 14 46 33 18 34 9 4 1 56 20 9 94 74 0 8 85 23 23 28 57 16 16 66 44 28 3 15 5 3 14 14 28 11 6 19 6 5 21 11 14 88 38 0 20 10 8 10 15 53 35 18 47 17 66 11 5 7 4 88 6 92 2 0 49 62 7 34 1 2 11 46 67 17 2 0 58 0 0 59 45 5 16 3 60 57 42 5 58 32 8
31 50 11 3 25 59 14 5 47 62 15 17 41 3 26 36 10 38 12 6 10 8 62 25 4 21 15 29 35 72 6 42 18 22 61 3 50 20 70 11 10 48 2 74 12 12 2 69 8 0 25 43 8 43 6 15 7 14 62 6 7 26 3 56 5 70 19 9 43 23 2 12 0 39 19 3 40 12 5 22 76 68 21 33 0 35 60 0 55 3 6 14 1 51 48 52 4 43 18 36
36 25 36 12 31 70 29 21 16 83 24 4 23 1 0 72 17 54 6 2 6 31 68 11 0 33 18 12 10 81 44 53 56 30 12 3 57 27 55 8 1 23 52 50 19 13 2 32 4 14 41 65 8 24 27 1 4 9 58 55 2 44 3 52 19 60 5 6 67 49 30 14 0 39 32 10 12 13 8 68 45 8 7 13 0 22 73 0 44 25 2 18 0 52 34 29 9 53 24 4
37 7 29 9 55 58 17 6 31 44 14 54 46 14 1 47 4 27 42 29 23 96 42 6 7 14 33 12 5 65 3 69 53 6 64 1 58 27 16 16 4 53 56 84 34 3 1 6 10 12 49 68 13 35 6 13 17 14 39 17 8 12 19 47 68 18 7 10 0 9 4 20 1 4 47 7 28 12 3 69 67 44 18 24 0 21 15 1 41 72 7 5 2 91 16 8 3 40 26 54
35 44 28 6 42 62 18 12 48 55 10 17 57 12 35 21 1 10 75 29 7 68 72 2 9 47 17 36 6 69 20 63 52 4 55 0 74 31 41 21 14 26 17 51 4 0 2 71 13 1 90 67 8 16 10 7 19 7 11 18 4 6 4 52 19 82 3 11 44 41 58 7 1 44 0 11 51 5 1 16 0 40 21 1 0 92 31 0 37 16 5 28 0 47 6 24 3 1 58 45
14 23 6 13 56 39 14 11 21 66 41 8 55 17 23 32 16 14 26 57 6 60 15 13 5 4 43 26 3 48 42 66 67 18 56 2 60 17 14 18 17 15 28 71 30 12 5 43 13 5 75 61 5 24 0 22 4 2 42 60 4 8 14 3 70 53 6 6 42 56 55 0 1 38 15 7 46 11 1 71 8 3 5 41 0 81 64 1 37 5 6 19 1 61 40 60 3 16 4 64
21 53 37 7 33 31 15 22 23 23 32 3 28 4 43 65 4 62 31 50 0 26 65 9 7 9 4 6 32 44 27 61 49 20 7 1 48 13 17 2 13 53 12 84 1 7 5 63 4 7 66 27 7 23 1 21 11 3 13 21 3 72 11 8 16 86 6 10 34 7 9 21 0 38 27 12 32 14 3 83 44 50 2 7 0 54 6 0 2 6 3 1 0 40 31 39 3 26 65 67
8 49 6 5 6 11 19 24 5 25 3 15 64 3 3 8 8 2 37 33 16 88 47 29 0 84 6 7 54 3 18 10 33 38 1 0 3 6 6 11 10 78 26 16 0 5 1 48 11 2 27 61 12 36 9 22 11 12 11 22 9 51 6 47 47 23 15 5 53 55 85 14 0 49 64 0 33 14 2 34 49 39 7 1 0 97 37 1 24 69 0 24 0 39 8 2 4 28 11 28
38 22 30 0 14 14 26 19 38 71 42 37 19 9 2 16 4 2 38 72 24 66 54 18 0 8 15 41 8 74 9 0 46 27 8 3 56 30 0 22 12 45 64 57 28 17 0 57 13 6 100 31 15 13 31 7 19 4 45 43 6 53 7 11 1 1 2 3 5 8 30 5 1 33 82 13 3 12 2 66 31 29 16 43 0 74 62 1 53 56 6 0 1 73 20 21 8 23 65 1
32 55 7 6 61 31 29 4 3 37 4 58 67 15 35 66 21 52 66 14 2 20 63 8 7 63 11 34 51 54 11 25 7 27 12 2 30 3 31 9 9 75 53 73 10 3 3 35 1 6 47 90 16 21 3 14 5 9 45 55 10 94 14 4 48 71 29 5 57 46 46 6 0 8 84 6 28 4 4 28 51 5 0 15 0 68 68 0 23 9 1 2 1 56 34 47 10 11 40 24
35 2 5 13 39 24 4 3 12 11 2 58 65 4 45 5 15 58 8 29 24 98 2 10 5 6 24 15 0 62 18 13 35 34 26 1 87 33 44 16 9 17 65 42 11 14 6 50 4 2 100 94 7 29 25 13 11 11 39 15 4 36 14 26 35 14 31 15 80 31 5 22 1 20 19 7 36 11 2 83 39 26 5 6 0 19 42 0 50 59 1 32 0 26 46 36 4 39 64 0
5 55 33 10 39 28 19 13 6 5 41 68 55 12 26 1 21 40 28 59 19 64 1 20 6 46 40 13 10 62 14 38 67 12 49 3 87 35 15 6 9 42 50 40 24 3 3 44 1 2 34 48 9 13 33 23 1 1 43 20 20 57 21 44 45 25 13 0 67 15 48 7 0 36 71 11 26 15 3 42 17 23 4 21 0 55 53 0 39 79 2 13 1 9 14 65 5 14 44 43
2 34 10 7 38 7 8 25 25 68 3 34 12 18 43 28 2 22 13 77 0 4 31 26 5 71 44 3 30 19 21 63 84 29 17 3 60 20 28 15 5 73 39 49 17 13 0 12 3 10 32 31 4 45 5 21 18 10 35 2 15 3 17 54 94 28 32 11 22 25 80 21 0 50 41 6 41 6 9 49 63 46 4 14 0 65 42 0 46 93 3 14 1 86 0 53 1 52 2 35
9 43 18 0 18 78 20 17 48 80 34 0 12 14 12 17 3 43 20 11 19 52 66 23 7 17 31 28 56 17 19 73 83 10 66 2 30 24 16 6 1 47 83 15 20 12 1 53 8 4 45 12 13 25 4 2 17 15 51 41 17 12 24 6 31 60 23 5 5 49 33 17 1 43 85 12 50 11 1 27 59 13 3 18 0 53 64 1 59 67 7 20 0 48 1 17 8 47 9 12
32 38 8 13 1 16 1 11 21 82 41 44 68 10 35 5 2 53 92 16 1 21 14 26 7 46 10 22 25 39 19 50 20 26 49 2 16 5 41 14 14 49 37 62 35 3 4 6 1 8 82 18 14 46 21 1 15 0 48 16 12 90 15 32 39 21 22 2 22 55 50 7 0 37 11 3 33 7 3 11 26 39 2 1 0 92 58 0 36 53 6 5 2 11 18 67 9 35 28 16
39 6 12 5 17 3 10 8 18 30 22 21 2 10 2 11 10 20 27 0 16 62 46 26 0 78 10 41 36 1 40 39 3 31 31 3 66 22 28 7 13 14 15 3 5 13 4 54 3 13 4 86 11 6 24 16 15 13 1 38 15 72 20 45 58 56 24 15 42 47 71 18 1 59 0 3 60 5 8 14 59 7 6 8 0 34 55 1 28 68 6 24 3 70 40 11 8 16 8 13
26 23 3 13 1 40 23 26 44 74 33 14 44 10 32 49 25 13 27 13 17 35 33 14 4 25 34 39 35 32 37 53 64 9 59 1 8 14 45 20 3 14 31 73 26 17 0 19 0 9 97 27 7 8 1 7 1 12 61 56 23 40 9 55 18 5 14 15 2 19 53 13 0 43 43 11 18 14 4 14 58 61 10 3 0 34 72 1 45 52 0 28 1 78 31 30 7 31 26 40
36 51 14 0 36 69 13 22 48 30 9 9 48 5 37 9 19 10 11 16 2 33 67 21 5 72 35 2 51 4 11 36 42 19 68 0 36 19 37 19 8 9 46 85 33 17 2 37 4 8 63 54 1 44 32 16 3 3 23 19 17 82 15 61 21 85 22 13 77 3 9 18 1 33 26 8 11 8 5 61 75 50 26 6 0 34 71 1 52 58 5 11 3 64 2 27 2 41 61 5
6 18 22 3 10 80 17 2 48 26 29 69 67 13 19 64 11 36 45 49 12 69 10 10 4 74 38 16 3 64 15 73 8 35 1 3 75 15 27 3 5 2 17 93 11 12 6 67 10 0 50 20 3 14 0 5 19 12 46 33 2 1 4 7 21 16 6 2 46 47 37 23 1 42 87 7 34 14 1 77 23 41 16 8 0 36 64 1 18 89 4 32 1 55 4 51 2 1 70 6
37 5 12 9 46 9 26 20 46 48 21 30 36 14 16 37 5 47 37 53 14 56 44 22 9 65 31 35 20 78 29 53 36 6 10 2 68 17 12 3 14 48 72 87 28 17 4 28 0 3 94 27 1 37 27 6 2 5 2 11 22 75 5 38 53 8 3 0 56 24 81 15 0 50 27 13 40 4 6 37 62 16 23 43 0 50 66 0 39 58 2 24 0 88 30 55 7 40 27 35
32 37 2 8 10 14 27 11 47 56 21 1 38 6 32 27 11 1 72 24 13 93 63 19 6 54 35 29 3 4 33 70 41 11 24 0 38 17 13 23 0 26 56 2 32 17 6 38 7 12 50 67 14 32 12 6 6 8 56 38 4 64 21 47 87 15 25 13 42 22 86 17 0 50 40 4 62 4 1 85 58 24 11 29 0 75 4 0 27 24 6 18 3 54 39 57 0 43 28 17
15 34 2 10 11 28 27 14 28 49 5 47 3 0 33 50 10 5 88 32 19 14 43 26 7 48 38 29 9 16 24 61 72 34 25 2 8 24 14 0 10 76 75 19 24 7 4 28 7 14 6 34 13 15 20 9 14 13 56 22 6 59 20 31 11 40 25 0 9 35 29 13 0 9 61 9 50 14 4 24 57 62 20 19 0 69 49 1 51 11 4 13 1 30 32 60 0 4 61 33
9 30 4 11 37 23 24 10 13 42 4 61 10 15 10 74 3 47 50 59 11 64 73 11 9 77 29 1 17 80 16 63 44 42 26 3 85 25 17 5 13 93 42 17 24 4 2 53 13 9 75 44 6 33 18 15 2 13 48 32 21 26 18 60 73 52 3 7 59 52 27 13 1 39 47 5 46 8 2 50 69 16 7 36 0 17 20 1 57 25 3 30 0 29 13 49 8 23 3 54
4 53 10 6 38 57 0 4 43 7 5 30 15 18 41 22 26 36 29 30 15 44 57 26 7 65 14 29 1 40 0 66 10 2 39 1 84 22 75 19 8 36 41 79 1 6 0 70 1 9 10 28 9 7 14 15 0 6 38 35 18 78 15 4 0 65 21 10 86 44 83 5 1 35 88 3 51 16 3 77 75 52 14 36 0 97 15 0 34 61 2 27 1 38 56 29 11 41 50 38
16 33 11 3 53 61 22 26 9 53 23 16 39 2 24 31 5 47 29 39 14 90 50 18 3 49 2 16 26 23 35 26 30 19 14 1 79 35 2 17 3 19 1 91 26 13 6 43 13 11 55 46 14 35 28 15 4 2 33 33 6 42 20 21 77 51 9 8 77 4 36 14 0 53 84 6 16 11 8 58 56 10 21 5 0 77 68 0 11 47 7 5 2 27 36 0 11 47 69 4
41 3 34 14 34 19 31 22 3 29 1 6 52 16 37 69 9 51 6 78 16 86 10 19 5 72 37 21 32 6 23 60 55 15 5 0 31 9 66 3 13 24 74 77 29 14 3 15 4 6 53 37 6 1 32 10 19 13 42 66 14 12 24 33 55 83 16 3 77 23 80 13 0 51 89 11 19 3 6 49 65 54 16 13 0 84 7 0 20 66 3 15 1 90 20 2 0 51 23 59
36 12 27 16 6 26 3 17 26 12 28 43 4 10 38 34 3 40 81 17 21 95 52 26 6 17 26 21 25 12 30 18 76 21 15 1 64 31 15 8 16 65 49 7 4 6 0 42 6 11 65 0 16 2 12 7 1 0 39 32 4 20 26 62 38 79 17 9 23 13 85 10 0 16 22 4 2 7 9 53 27 28 8 20 0 3 70 1 41 3 6 31 3 43 28 33 6 17 13 12
38 1 24 11 58 68 12 8 50 16 27 0 50 18 29 25 1 14 25 30 24 76 42 3 0 54 30 10 22 25 36 26 19 47 71 1 70 33 5 7 3 11 71 40 9 1 6 31 5 14 0 22 11 44 13 16 11 13 32 9 9 52 22 24 77 86 31 3 41 1 29 4 1 39 38 12 3 9 7 18 38 48 17 45 0 8 17 0 1 41 0 11 1 54 12 34 7 23 56 46
27 24 13 9 26 0 3 6 44 37 38 39 32 18 10 28 5 10 90 7 2 40 74 11 0 48 45 1 48 70 9 17 72 46 48 1 1 34 46 19 0 51 44 18 11 3 3 43 4 3 31 64 6 23 8 15 13 15 10 58 1 45 1 30 0 47 6 7 61 1 5 9 1 10 58 6 59 10 0 5 52 55 27 45 0 89 34 1 52 22 3 29 3 44 39 38 4 56 10 60
41 9 9 13 13 39 2 3 32 85 18 7 8 17 31 75 19 33 11 64 21 6 60 20 9 25 5 25 49 6 3 11 77 16 41 2 84 4 14 4 13 17 51 42 26 7 2 43 2 11 100 8 14 23 9 7 10 0 45 20 5 65 8 0 90 77 13 4 36 55 92 17 0 14 10 1 41 5 8 76 35 30 11 25 0 62 48 1 3 3 1 3 3 88 3 7 6 52 59 15
42 42 6 15 62 22 22 18 6 65 45 14 58 5 31 36 23 0 82 69 11 44 24 16 7 53 22 19 53 64 20 68 74 29 53 0 35 35 23 1 3 35 82 79 17 4 3 56 4 3 37 66 4 0 5 5 9 11 61 44 19 47 9 62 29 68 19 8 69 11 58 6 0 5 30 8 13 12 4 7 23 18 12 35 0 49 14 0 60 86 6 30 0 13 26 51 6 43 2 5
7 33 9 8 37 4 26 14 8 21 27 2 7 4 35 1 2 69 73 52 13 57 36 22 6 39 27 23 52 25 21 57 4 19 11 3 47 35 49 3 15 6 5 90 8 1 2 73 11 3 18 84 8 40 17 0 11 10 10 21 19 60 15 28 64 39 8 10 7 37 63 17 1 55 60 9 45 8 0 31 13 54 16 5 0 83 16 1 42 87 0 22 0 80 2 59 10 11 49 34
42 51 32 1 31 64 28 10 4 88 41 68 45 11 25 44 17 3 44 6 5 83 21 19 3 46 39 8 23 69 3 15 50 37 29 2 37 2 58 12 5 87 38 54 33 14 3 59 10 0 37 77 6 46 23 7 11 12 10 15 9 91 19 16 88 86 30 6 73 8 44 18 0 60 46 2 37 14 2 34 51 39 20 28 0 93 27 0 39 43 5 30 3 16 12 15 10 27 39 58
37 3 29 3 61 10 29 26 8 43 27 41 1 18 32 63 14 7 13 27 17 18 27 0 0 38 0 41 35 36 35 49 41 11 26 1 67 12 0 12 14 83 12 3 11 12 4 31 11 0 14 6 11 19 13 3 5 4 25 28 9 94 22 40 53 2 27 14 14 45 78 12 0 39 65 9 32 3 5 27 49 46 17 26 0 60 54 1 37 47 2 5 3 14 19 1 5 6 28 52
22 8 36 4 2 37 16 16 10 30 6 12 34 16 25 47 18 7 26 26 0 15 31 27 2 4 45 37 26 79 36 54 85 18 5 0 59 31 64 22 0 53 7 3 24 1 3 22 1 13 97 29 4 24 29 22 14 7 57 28 14 38 23 47 70 66 15 8 20 41 87 11 1 12 48 2 15 6 1 25 27 23 11 32 0 34 11 1 35 38 2 12 0 30 6 32 1 34 71 9
3 15 4 9 22 82 30 12 29 41 10 29 63 12 20 59 18 39 43 26 0 27 3 18 5 2 3 27 48 39 37 47 55 28 2 1 52 19 59 22 1 27 1 43 0 8 0 49 2 10 56 4 0 8 9 9 15 1 26 14 20 70 13 17 52 48 13 8 78 19 26 23 0 5 86 5 9 9 0 14 53 66 3 13 0 53 20 1 21 66 5 4 3 70 14 14 10 46 57 12
4 23 28 6 5 56 6 5 45 39 13 72 20 16 15 38 26 16 29 61 7 96 71 11 2 27 40 7 17 63 7 43 2 40 29 1 57 5 8 3 6 15 55 63 33 3 0 72 0 9 75 3 3 42 17 12 0 7 33 48 13 43 25 19 55 19 25 8 58 41 70 8 0 31 15 8 61 11 4 83 22 45 13 5 0 55 4 1 58 30 6 29 2 64 4 1 5 20 18 14
7 39 28 12 3 10 27 18 38 36 16 16 43 12 20 65 20 40 75 61 14 80 25 16 4 2 30 9 4 51 39 29 22 9 71 0 24 18 47 5 7 51 22 77 26 6 4 42 9 1 16 32 9 12 4 3 3 1 34 30 2 76 17 30 48 47 2 0 44 51 31 21 1 42 29 6 18 7 0 72 18 26 2 29 0 49 65 1 44 78 3 24 1 14 20 27 9 26 57 8
39 47 7 1 22 63 27 3 22 54 31 7 35 9 28 66 21 9 43 15 22 29 51 13 2 78 40 29 18 62 7 12 29 45 55 3 65 20 63 0 11 75 20 66 0 0 0 41 10 5 97 58 11 3 8 15 15 15 1 33 8 32 19 46 70 84 28 11 60 57 91 12 0 7 24 7 19 5 7 12 37 57 5 47 0 54 8 0 8 10 7 19 3 77 44 6 9 3 5 16
40 40 16 15 2 66 23 13 30 12 7 20 29 10 38 50 5 57 80 29 14 80 53 2 0 76 36 20 53 86 27 22 18 30 46 2 28 1 65 8 3 45 12 57 14 7 2 52 6 2 99 44 8 23 14 4 4 12 62 20 20 19 9 47 9 27 2 4 71 22 1 17 1 17 66 7 36 7 9 31 18 19 14 1 0 87 20 0 30 9 7 16 0 84 65 64 6 26 34 66
4 7 16 13 39 5 8 26 27 89 30 39 4 9 5 9 6 0 10 45 6 51 20 1 4 34 27 32 6 85 23 51 14 29 61 0 71 32 36 13 1 74 31 45 27 1 4 14 12 1 64 91 16 41 8 12 0 15 44 10 20 89 7 59 89 84 19 13 35 2 8 20 0 20 29 5 56 15 2 27 41 4 10 48 0 91 5 0 34 83 5 15 0 51 63 54 4 48 14 61
34 34 27 4 0 41 18 18 30 74 16 36 30 3 17 30 10 12 9 75 14 24 43 15 0 75 13 9 21 28 19 42 15 15 46 0 17 3 36 5 6 11 4 88 14 8 1 45 11 2 46 70 14 0 28 23 11 7 41 28 20 4 9 0 19 40 32 8 53 60 61 15 1 17 27 8 29 0 9 60 34 43 25 24 0 41 23 1 11 64 1 7 2 22 56 58 4 6 67 13
19 42 6 0 3 59 19 2 7 50 25 41 2 14 41 39 7 17 64 40 15 62 57 26 0 46 4 8 48 42 12 73 7 42 13 2 33 5 3 3 13 75 55 14 35 17 1 8 2 5 43 26 2 48 27 17 4 5 7 1 3 25 8 50 98 23 9 3 48 51 29 19 0 0 53 0 2 7 2 80 40 10 11 41 0 67 21 1 20 51 4 18 2 78 34 43 6 30 71 7
24 48 28 6 52 68 31 19 45 74 19 38 57 14 37 61 7 20 41 43 22 14 10 1 9 13 10 22 30 83 15 37 24 1 49 1 70 20 8 3 7 79 46 33 22 4 2 57 5 1 9 24 4 4 9 8 8 0 45 36 10 10 22 49 28 17 22 15 29 44 86 21 0 61 5 13 63 9 8 42 30 48 24 20 0 4 18 1 10 87 0 24 0 37 16 5 0 26 32 51
36 6 24 14 4 8 27 25 48 43 34 26 2 11 31 12 16 16 80 0 12 70 52 14 2 22 16 0 14 70 22 22 15 2 52 3 81 28 59 11 13 34 23 24 24 14 4 29 11 1 94 8 11 37 14 24 4 5 47 41 3 14 0 10 58 56 15 11 50 26 52 21 1 35 46 11 38 15 1 25 50 32 27 21 0 33 4 0 2 80 7 23 1 77 9 5 5 51 73 15
29 22 32 5 31 70 12 20 38 41 38 61 12 4 42 32 11 6 8 28 6 62 4 14 3 86 1 42 48 7 32 20 27 28 29 2 70 26 55 0 12 89 77 51 10 4 2 60 1 7 42 25 11 14 3 3 16 9 48 23 4 70 16 14 85 0 0 4 16 47 22 23 1 6 56 9 26 12 4 74 55 23 15 46 0 89 1 0 59 66 1 28 0 62 48 59 9 26 30 41
24 51 10 9 60 78 21 21 11 21 17 38 2 18 18 75 25 31 20 47 14 88 65 8 9 69 23 26 44 58 41 37 38 29 65 1 78 18 73 5 16 16 26 67 1 12 6 16 5 11 63 90 5 48 16 2 15 3 54 37 10 83 17 24 83 76 27 1 47 51 79 3 1 49 34 10 51 9 3 36 5 29 25 36 0 90 78 0 42 94 5 24 0 43 49 46 7 5 52 29
5 23 10 6 56 49 26 21 28 5 28 57 37 10 40 52 16 63 13 26 1 63 15 2 4 7 42 1 51 42 25 61 46 18 61 0 44 1 12 17 10 44 36 56 13 11 4 31 0 12 38 38 4 12 10 6 15 15 6 21 0 76 16 17 36 85 21 0 32 57 8 20 1 18 45 5 12 11 6 63 49 10 11 23 0 65 40 0 46 53 3 15 3 35 44 36 4 49 1 57
25 54 0 2 12 17 15 27 43 68 17 25 34 13 16 67 16 42 40 24 8 60 32 24 7 27 21 2 43 39 4 61 86 19 12 2 18 33 25 6 3 59 35 77 20 8 5 5 6 7 15 73 7 17 9 3 1 9 13 32 2 73 18 15 82 39 25 3 72 52 48 12 0 31 65 8 1 9 8 18 53 18 0 28 0 65 73 0 42 64 3 6 3 80 41 33 6 58 26 38
6 53 3 10 25 33 7 23 5 13 20 60 49 4 31 23 17 3 12 32 9 78 18 5 8 29 26 31 12 86 4 35 81 4 26 0 23 6 74 17 16 92 56 8 4 14 1 29 4 0 15 6 16 8 29 1 14 2 43 1 6 35 18 0 45 0 28 5 14 22 92 7 0 13 36 9 63 4 5 2 26 41 14 45 0 80 10 0 22 11 1 24 1 86 19 22 1 23 54 63
36 56 4 5 30 40 28 19 38 21 0 41 22 12 12 24 11 49 48 24 12 99 48 12 6 28 20 6 49 25 15 62 61 28 32 1 8 28 18 5 6 21 37 24 32 13 1 19 4 2 70 47 1 35 23 9 13 15 38 42 0 81 24 44 68 80 19 5 36 43 39 0 1 2 65 11 36 10 1 70 40 48 20 12 0 48 70 0 33 8 0 26 2 43 52 33 8 52 7 11
36 53 34 14 19 74 11 0 8 62 21 52 33 12 4 5 11 26 74 20 14 77 66 24 1 39 42 32 0 24 11 10 23 43 6 3 70 3 68 9 8 78 42 69 34 4 3 37 2 0 72 33 9 38 21 13 9 14 57 3 3 23 12 50 66 82 18 11 30 58 9 23 1 19 89 11 53 13 5 4 75 35 26 29 0 50 19 1 36 13 3 12 1 15 56 65 0 25 67 12
6 5 3 10 62 3 15 21 27 15 4 10 45 14 6 47 10 25 12 25 18 67 71 25 9 69 31 0 15 30 23 23 28 16 44 2 79 19 59 8 2 72 3 43 19 12 4 9 11 9 51 13 15 25 11 21 4 12 31 18 10 8 20 29 29 22 5 13 56 38 51 17 0 57 41 3 24 16 0 2 43 46 25 41 0 27 65 0 28 87 1 5 3 5 12 12 2 7 25 23
2 11 2 0 47 1 5 7 39 33 43 10 14 7 38 71 24 66 47 56 24 13 2 25 6 70 23 30 38 43 15 30 61 31 65 1 32 3 75 19 17 58 42 70 0 7 4 35 9 8 41 12 0 10 10 9 14 14 42 47 12 93 21 27 54 48 29 15 61 49 22 20 1 8 55 12 59 2 7 51 43 49 21 22 0 4 36 0 50 19 6 0 2 69 63 24 11 18 70 20
37 40 19 13 49 9 3 19 7 29 21 23 67 14 7 44 25 59 69 11 3 74 60 0 6 44 36 9 25 54 18 26 36 35 44 3 9 4 16 10 2 73 17 27 36 16 0 17 12 0 95 79 11 14 33 9 13 13 17 35 4 19 24 34 36 76 24 6 22 24 56 9 0 16 39 7 64 5 9 51 21 39 5 32 0 60 36 0 9 94 3 16 0 58 9 34 9 12 36 36
33 33 2 4 0 62 24 22 22 29 46 49 22 12 15 19 21 6 17 38 15 84 20 2 0 36 43 23 21 58 35 73 72 13 49 3 55 18 14 19 7 76 43 63 34 5 3 60 6 14 38 71 14 32 31 18 2 3 24 66 22 41 11 40 24 81 26 5 36 48 71 3 1 47 29 13 12 15 1 34 7 15 17 38 0 29 59 0 9 3 0 12 1 17 56 52 6 9 16 10
5 35 0 1 31 72 1 12 10 53 26 2 3 0 10 66 0 15 49 9 3 41 4 14 3 40 34 30 49 0 34 62 16 4 52 0 30 29 15 0 11 19 25 0 0 4 5 48 2 3 24 9 7 31 23 1 7 10 64 26 14 84 3 12 41 47 20 7 86 31 68 14 1 39 48 5 60 8 0 29 42 39 6 14 0 65 73 0 59 94 3 12 1 43 9 0 3 23 38 11
0 33 19 5 33 50 23 24 10 15 36 34 68 17 5 15 23 23 20 68 7 62 33 18 2 49 40 38 38 35 17 26 50 32 42 3 65 3 70 1 14 77 65 91 36 14 2 73 9 14 59 70 5 31 5 9 11 3 32 65 22 10 13 61 55 60 22 2 35 19 37 1 0 48 77 8 64 13 0 84 27 13 15 31 0 39 72 0 47 49 4 14 1 50 31 62 5 0 52 8
