100 100
100 100 100 100 100 100 100 100 100 100 100 100 100 100 100 100 100 100 100 100 100 100 100 100 100 100 100 100 100 100 100 100 100 100 100 100 100 100 100 100 100 100 100 100 100 100 100 100 100 100 100 100 100 100 100 100 100 100 100 100 100 100 100 100 100 100 100 100 100 100 100 100 100 100 100 100 100 100 100 100 100 100 100 100 100 100 100 100 100 100 100 100 100 100 100 100 100 100 100 100
24 7 99 73 57 78 87 7 59 73 10 49 70 73 95 89 58 51 59 48 76 38 61 85 93 15 72 6 48 36 37 28 74 98 77 75 85 8 57 90 64 93 8 21 18 41 67 65 0 72 89 60 32 28 83 46 27 96 50 88 88 31 87 11 50 86 27 4 88 37 39 89 14 80 2 35 81 74 12 90 35 71 49 66 65 69 62 83 33 1 59 64 65 12 67 87 45 55 76 95
19 4 45 19 40 36 39 18 44 93 86 70 13 2 53 81 6 42 6 43 65 69 86 19 6 30 50 5 79 90 12 58 65 2 25 33 58 85 13 89 4 39 20 75 85 43 20 93 43 5 24 1 11 98 66 9 2 31 64 60 69 75 42 79 56 51 78 0 49 74 2 45 51 15 6 53 64 90 64 63 21 72 98 81 81 68 17 53 85 34 40 96 72 37 95 15 74 42 38 81
17 100 49 60 26 67 21 62 44 26 73 76 19 17 76 75 45 55 63 85 81 75 71 16 0 98 21 66 7 82 38 8 58 83 92 17 38 33 41 39 28 63 99 61 48 80 98 22 36 57 63 20 52 36 28 0 85 68 50 81 86 77 15 82 52 46 67 33 23 4 96 83 61 92 6 21 23 5 89 76 9 32 3 58 81 71 73 89 59 95 38 42 2 20 0 21 53 9 14 40
64 58 81 28 2 10 51 81 42 48 19 6 9 15 86 33 71 27 96 29 43 85 71 89 60 22 6 40 58 53 61 17 42 69 89 70 57 59 22 9 13 1 8 29 73 65 77 37 56 97 5 13 61 80 8 59 100 9 28 20 40 32 2 69 59 2 33 91 88 31 98 36 40 50 74 94 64 100 38 7 98 58 9 85 67 6 75 43 27 80 76 19 20 68 26 96 4 13 81 48
37 28 97 34 76 80 97 48 93 16 43 91 26 86 5 86 69 41 86 20 27 75 68 36 5 28 8 91 95 44 46 54 96 90 93 77 26 92 44 35 63 58 88 48 21 12 96 61 12 29 45 73 72 23 29 73 85 21 65 4 93 79 11 10 44 80 45 52 64 13 30 32 97 84 68 75 60 45 8 72 70 75 9 51 64 32 20 23 49 19 37 100 88 39 93 86 74 59 68 39
79 75 12 65 75 94 87 40 28 34 91 25 8 58 77 57 85 77 2 49 48 66 63 1 15 50 78 2 10 77 50 64 41 49 44 96 58 83 86 59 94 8 4 37 2 64 24 73 70 29 61 83 67 11 91 89 90 40 91 59 78 73 69 15 64 56 95 70 78 53 99 32 13 73 85 37 36 86 33 66 98 59 74 37 46 28 29 71 96 8 3 87 95 78 97 20 82 79 58 40
29 26 19 23 47 81 50 65 35 59 89 62 34 3 63 28 86 96 72 73 36 92 71 26 90 32 36 78 30 47 18 17 34 90 37 74 52 29 90 29 89 89 16 95 80 79 74 74 24 39 13 92 93 17 25 28 8 29 78 2 58 91 23 35 23 3 27 29 100 67 54 31 69 50 22 41 72 50 82 68 55 67 37 40 34 78 6 63 14 51 28 4 73 82 4 24 6 22 90 26
16 17 35 7 15 40 85 93 64 42 6 66 62 92 29 35 77 20 76 26 84 89 4 52 16 74 8 41 80 72 65 1 73 56 97 74 100 3 61 18 72 91 82 33 86 50 87 44 29 5 65 53 58 32 97 7 81 61 15 85 20 1 19 54 15 54 29 9 42 19 37 8 23 58 75 34 24 62 31 30 92 89 92 42 64 12 61 62 74 89 57 34 56 0 74 15 6 66 38 36
55 6 22 90 51 56 26 62 66 57 4 97 89 66 68 75 38 4 33 85 31 92 53 76 12 30 48 73 68 55 74 15 95 42 78 53 33 19 11 41 100 48 37 32 18 6 46 98 73 74 28 25 35 16 8 87 82 34 75 96 85 96 64 39 83 49 10 65 6 100 22 44 40 100 68 41 18 83 40 96 88 52 35 55 59 98 91 90 93 31 2 49 99 8 25 74 77 27 47 15
86 54 10 70 41 51 91 62 16 0 50 13 86 54 15 64 83 63 98 10 12 1 72 32 80 96 10 84 52 37 77 84 75 79 53 21 33 92 43 45 72 95 33 38 68 1 44 58 0 74 63 63 80 32 16 42 42 56 76 67 19 67 16 15 91 86 93 14 63 62 0 99 74 7 39 26 19 10 27 60 38 97 74 84 23 57 27 35 63 78 38 15 70 77 42 29 49 28 92 29
27 5 75 64 79 86 74 50 67 48 79 89 57 81 65 7 64 31 37 50 15 92 58 9 87 42 32 46 88 14 33 22 81 97 43 30 44 30 97 53 58 71 96 22 58 4 8 12 28 97 36 56 46 87 57 12 56 71 0 44 45 66 6 15 47 100 36 21 4 76 30 67 11 68 99 55 89 75 62 23 70 43 52 97 35 27 10 25 7 32 33 89 91 97 54 16 30 54 100 50
92 67 40 91 54 79 32 1 4 55 26 84 94 72 82 31 98 1 88 68 56 31 55 43 67 12 75 6 47 45 65 26 83 6 86 15 79 39 70 69 87 26 59 17 49 10 84 81 35 31 73 61 48 100 88 7 1 44 77 50 83 66 6 11 14 56 12 63 27 67 40 29 100 7 85 48 69 29 43 33 64 71 75 43 1 75 25 21 35 28 5 21 5 42 98 76 36 89 25 60
76 6 41 48 69 95 26 60 13 93 32 64 35 8 83 97 3 50 40 37 44 13 79 29 82 76 64 93 79 9 87 77 40 57 25 93 97 4 56 37 86 66 13 81 61 70 66 12 71 18 76 24 59 10 55 46 52 74 4 19 64 71 0 12 11 10 75 5 25 6 3 95 3 29 56 97 70 46 13 17 15 59 28 85 94 77 22 52 54 36 91 71 62 76 96 81 63 33 7 94
10 56 23 1 59 92 36 79 82 1 81 89 31 41 38 18 69 62 58 36 68 69 89 81 56 64 74 8 47 18 100 13 95 12 93 29 88 93 44 10 15 3 79 46 37 68 79 96 23 23 84 5 27 93 44 98 79 57 44 1 33 28 99 96 47 75 22 31 63 4 68 82 70 24 93 49 32 33 24 42 12 9 6 36 33 57 46 4 32 64 85 90 74 30 52 53 34 57 47 37
76 83 61 94 67 33 86 19 7 98 98 18 36 98 40 98 77 39 57 40 28 9 47 36 34 21 90 3 92 99 19 52 67 44 97 19 1 24 42 87 53 83 14 75 100 67 55 11 11 6 99 29 6 72 11 86 35 46 73 47 75 31 70 75 23 8 53 91 75 71 88 49 3 60 42 93 55 57 6 78 54 47 81 45 47 14 3 94 56 75 16 72 5 45 81 50 73 2 72 53
28 86 90 7 59 80 46 21 14 47 78 61 42 91 12 43 81 91 31 44 85 41 52 74 63 67 12 55 45 49 18 73 46 57 50 29 85 87 26 58 70 85 79 68 56 6 27 0 62 70 65 58 54 27 88 18 70 63 53 42 24 34 65 78 0 2 23 59 13 71 8 96 97 98 19 4 0 60 64 8 29 15 79 100 51 16 47 100 89 89 70 74 65 16 16 40 80 87 37 42
77 15 81 72 68 84 53 16 3 22 93 31 5 38 47 91 25 57 6 58 84 12 96 96 71 26 48 32 20 57 25 16 67 98 65 47 3 66 58 78 13 24 99 100 98 21 57 21 52 5 79 9 41 92 19 77 65 86 39 6 88 94 16 49 13 86 69 39 58 69 54 17 89 19 63 67 16 55 94 80 64 96 54 53 78 17 46 42 35 48 16 44 75 33 61 97 75 84 23 6
36 81 21 37 76 44 10 72 43 21 35 81 66 41 64 26 58 2 9 1 31 20 49 100 86 89 32 86 6 16 71 25 37 50 0 17 4 5 83 76 7 27 16 49 2 87 73 18 66 57 44 38 78 18 94 96 31 73 65 20 31 35 3 91 65 1 94 15 99 75 91 64 90 5 25 43 47 75 26 65 18 79 86 96 61 90 97 6 44 34 43 5 21 37 23 78 3 53 8 81
74 56 63 25 86 60 49 60 21 18 18 20 75 69 40 38 100 31 8 21 47 55 20 74 67 45 57 62 8 64 64 84 2 48 50 24 66 40 59 64 78 51 32 34 28 58 79 23 14 0 61 99 53 72 43 74 74 94 76 12 12 0 37 25 18 38 20 85 98 38 4 14 8 83 4 18 100 42 34 5 96 25 14 77 33 82 43 8 91 94 17 40 0 49 28 47 76 17 11 28
72 19 67 28 48 78 82 94 32 1 70 66 56 35 8 84 100 86 72 78 8 48 39 47 69 4 33 83 100 49 80 39 59 77 0 41 8 94 60 81 31 46 26 61 70 82 99 20 55 31 59 40 47 0 18 70 7 91 64 47 4 33 85 59 100 97 65 53 28 18 24 77 86 45 21 51 75 49 10 47 5 74 21 15 97 63 53 80 34 99 97 91 34 75 64 32 19 80 35 25
16 11 45 89 93 61 69 100 7 10 15 91 40 44 4 45 14 56 88 88 33 95 8 69 24 71 83 14 4 96 65 57 48 58 40 0 55 87 27 70 69 77 57 44 64 59 69 76 18 84 27 30 19 79 8 29 76 46 26 78 95 58 95 3 61 55 35 36 22 34 34 99 60 100 78 32 44 98 84 90 51 33 10 16 33 10 80 90 39 11 42 87 23 46 99 1 100 84 87 20
15 72 60 68 9 96 38 21 56 11 1 38 77 92 83 41 38 81 81 84 2 46 18 31 59 42 20 56 0 49 61 38 55 96 12 6 84 66 91 11 64 59 44 34 39 17 86 85 11 70 66 12 14 35 30 0 93 38 10 25 46 20 66 27 6 74 59 27 81 78 25 58 46 20 89 47 1 59 38 11 54 20 1 33 82 91 80 21 35 10 54 80 18 48 66 54 65 85 8 87
68 92 22 54 31 41 62 60 26 95 64 42 90 67 16 80 35 65 78 9 75 48 89 88 18 27 97 79 72 25 0 37 78 31 9 3 40 76 91 37 75 73 24 36 91 88 45 74 36 65 54 63 95 41 14 52 33 93 34 42 20 91 60 4 56 21 84 95 24 40 49 76 22 14 13 43 33 83 28 73 92 41 62 4 24 95 87 63 74 48 9 68 64 47 10 50 90 31 1 46
43 50 58 18 10 55 90 43 92 11 28 40 5 49 71 49 49 57 29 91 5 26 3 96 85 3 47 29 82 38 18 20 28 5 71 16 31 100 69 35 99 50 0 100 36 92 70 45 14 89 79 92 31 94 63 50 98 77 67 37 100 81 67 59 80 20 88 69 59 41 58 31 82 5 90 32 52 92 62 39 77 18 18 49 22 70 31 2 95 56 63 90 91 97 19 33 42 71 93 88
3 17 14 16 92 46 38 65 41 11 99 12 36 64 10 29 2 89 20 99 55 31 48 27 60 94 25 11 30 91 62 58 9 94 75 59 36 41 100 30 92 7 28 11 98 84 55 91 78 17 94 82 76 39 5 18 42 15 2 45 93 53 43 69 62 49 7 31 65 63 93 19 63 80 92 59 69 4 16 68 28 31 24 88 100 86 94 86 52 55 54 78 55 96 36 73 98 90 51 71
90 79 36 37 82 47 74 2 100 11 87 43 62 29 62 82 10 28 15 80 39 54 56 88 26 70 28 82 26 91 18 65 75 89 87 33 57 91 89 13 82 62 73 7 20 68 90 95 71 83 72 1 96 63 0 38 58 92 20 31 63 100 58 78 45 55 45 35 57 99 84 4 42 30 88 49 90 14 45 73 27 69 74 28 28 81 60 72 88 61 8 35 49 29 9 94 10 61 47 67
12 58 72 77 28 35 36 81 50 67 86 11 0 42 59 91 87 84 42 69 84 26 32 99 71 66 76 39 60 30 68 54 41 62 24 14 65 32 96 52 96 93 29 44 50 50 31 48 35 17 53 34 32 85 3 15 34 37 11 44 7 72 54 70 7 58 22 75 94 71 20 72 91 54 13 23 51 73 3 38 86 35 6 57 65 13 8 67 28 9 84 83 56 90 67 1 35 45 18 57
33 66 30 88 94 55 29 94 84 46 20 56 49 90 51 17 43 72 7 10 72 79 10 87 21 64 53 38 73 96 55 46 88 99 6 85 88 81 24 58 13 11 70 53 6 49 41 85 74 15 0 81 83 74 55 68 61 56 4 66 65 8 83 84 26 63 34 42 35 99 6 64 96 30 39 43 47 77 40 98 100 83 62 89 28 54 58 47 39 58 59 56 44 73 66 38 25 97 67 31
17 25 68 33 34 68 15 54 78 48 70 3 79 22 45 43 22 4 25 12 36 70 73 91 44 55 95 51 71 2 33 68 16 73 36 23 36 89 58 61 79 57 55 63 61 25 31 15 64 40 54 80 9 65 50 50 8 27 86 89 58 20 96 38 6 17 24 7 66 85 13 85 100 45 6 94 96 87 61 9 38 53 49 43 72 70 65 97 12 33 35 51 55 94 54 26 83 55 2 38
82 13 87 92 73 70 70 1 60 2 4 5 32 88 56 89 43 55 74 94 71 89 17 47 58 61 64 0 61 93 11 67 78 42 10 57 61 7 46 77 45 79 71 8 3 4 50 2 57 45 69 70 98 42 57 21 10 78 88 65 31 73 98 80 83 23 85 63 42 12 76 12 74 48 5 47 80 38 16 100 35 83 26 70 75 1 98 23 99 42 39 50 27 77 18 11 97 98 45 85
8 16 83 99 78 29 24 21 79 89 9 69 41 62 49 9 42 48 59 55 68 43 28 52 77 93 48 53 34 83 42 47 23 17 57 41 13 9 45 65 75 7 30 43 11 6 18 47 83 8 33 40 99 38 8 91 93 18 42 62 46 99 6 38 55 26 79 0 78 76 18 27 53 80 0 87 66 7 35 27 80 62 67 8 18 33 42 43 79 13 98 58 9 87 51 65 14 67 31 92
68 65 59 0 38 3 77 34 46 78 68 76 72 91 39 40 42 20 53 76 74 55 69 88 26 75 29 37 39 12 65 74 16 47 21 41 76 93 5 89 58 73 41 76 60 7 26 24 7 35 1 56 9 30 24 70 92 31 45 28 80 26 26 12 80 99 99 10 64 38 57 23 70 44 27 0 83 15 35 43 53 99 15 97 39 39 55 0 75 69 29 50 79 77 38 95 15 7 73 2
10 4 89 91 82 45 66 71 58 54 42 68 100 53 54 30 78 72 43 94 58 74 4 46 62 74 26 87 51 70 73 16 40 100 4 54 5 6 40 58 23 50 94 91 82 75 10 4 46 62 63 76 93 6 47 64 83 53 78 41 84 6 5 68 28 46 52 59 14 22 21 20 39 92 22 90 75 35 78 53 26 41 45 55 78 93 57 57 6 18 14 94 35 63 48 8 16 34 63 60
32 2 81 65 62 78 28 45 69 71 79 25 100 57 53 15 75 45 18 13 22 65 37 46 49 19 38 18 78 18 71 2 35 17 49 39 21 32 55 19 94 72 47 16 70 23 53 51 31 3 69 88 74 100 72 18 62 11 20 89 22 23 19 76 90 99 6 6 44 50 1 84 75 15 80 15 53 52 56 67 1 45 60 91 25 3 2 24 5 57 42 17 31 70 0 41 74 33 12 60
68 16 7 95 69 90 19 43 16 18 28 19 40 37 28 65 100 40 79 69 60 35 59 37 19 24 74 96 96 52 39 15 72 53 30 4 29 18 77 44 65 66 59 66 62 21 12 91 94 8 66 39 27 97 43 60 86 41 28 14 2 68 49 6 7 6 1 94 9 70 83 76 51 100 62 54 47 89 23 38 69 27 99 84 29 74 39 24 2 59 40 11 82 21 33 39 13 46 41 41
19 21 58 50 35 23 1 62 90 37 89 87 92 53 68 21 9 87 65 69 69 57 89 95 93 78 97 1 3 59 20 78 30 97 2 82 40 32 69 93 60 29 10 51 92 16 20 86 57 37 47 7 41 53 30 100 67 52 50 48 81 44 81 73 30 6 14 37 37 28 25 64 11 48 37 73 82 30 14 36 4 31 68 60 27 52 69 94 34 10 60 67 29 85 92 35 76 26 55 50
76 10 19 17 86 47 76 94 36 13 25 72 16 20 13 30 52 29 88 6 95 49 61 12 41 47 51 80 69 31 98 50 57 37 86 82 24 92 64 69 30 21 56 10 16 70 97 18 34 19 94 3 78 38 49 66 61 92 1 63 25 79 39 40 58 76 68 62 51 87 5 50 74 65 63 71 83 75 54 0 18 76 79 61 99 74 18 9 41 1 44 47 46 30 59 10 36 45 14 10
50 13 27 83 3 73 37 76 37 67 38 47 52 18 65 70 97 52 35 67 37 27 20 50 38 59 84 72 43 77 30 99 47 60 17 59 98 62 87 49 87 63 66 13 99 10 14 100 58 61 87 84 76 67 33 49 59 53 86 83 64 89 10 46 32 17 40 29 82 29 38 15 45 58 9 5 68 24 16 88 37 81 9 23 77 86 24 54 40 97 95 51 3 5 15 85 50 22 96 96
33 97 87 55 47 5 6 37 36 92 14 1 76 17 4 63 9 42 99 58 1 67 44 28 9 51 46 30 86 92 91 47 92 88 68 61 0 60 90 58 98 17 95 66 80 1 84 59 42 32 73 29 89 66 57 19 82 6 3 6 70 36 10 100 56 69 46 79 92 12 90 44 63 80 77 32 42 24 60 94 62 84 33 38 96 78 85 94 92 58 24 44 57 26 36 82 19 96 80 89
97 27 2 45 83 36 74 65 63 18 14 76 75 54 40 26 25 67 76 12 40 58 25 85 85 29 0 78 79 85 87 65 4 70 62 1 3 24 97 42 3 30 52 9 96 17 40 87 36 33 88 46 33 12 53 31 89 27 40 78 89 2 10 100 8 51 5 40 32 12 99 19 55 36 48 4 76 33 61 1 13 95 20 21 92 90 54 15 18 68 82 94 83 65 52 13 53 48 88 67
100 97 66 34 8 59 95 93 16 75 38 66 55 22 27 31 35 10 38 89 81 24 88 75 66 76 77 45 20 18 36 63 92 25 3 62 59 70 83 0 35 12 9 36 67 69 87 89 44 13 1 1 96 29 23 95 80 0 75 70 38 47 51 5 2 11 13 10 46 30 20 0 54 82 90 39 15 78 42 62 13 45 4 100 44 96 12 16 34 65 16 30 24 98 11 81 66 100 58 17
88 3 7 5 93 10 48 19 4 76 86 37 62 74 5 44 37 8 12 70 1 6 42 16 69 16 18 46 59 85 22 7 53 22 95 65 58 0 66 38 19 38 60 15 36 54 29 32 64 92 60 26 98 78 49 27 76 47 38 9 47 80 24 26 62 86 68 69 93 58 41 67 99 83 30 4 86 43 42 91 69 18 71 89 54 55 97 48 44 9 38 31 48 49 43 26 21 3 18 69
5 13 13 31 33 80 96 34 35 3 19 95 17 71 56 39 2 74 18 35 20 63 68 54 14 84 90 82 16 12 24 50 30 4 49 9 5 76 91 80 31 54 1 53 80 90 60 9 9 54 7 74 73 30 52 36 85 36 0 48 9 6 37 80 7 84 90 78 73 34 4 24 2 49 59 43 55 1 24 95 33 91 67 8 0 79 0 15 50 76 32 84 86 78 78 71 6 60 49 8
61 68 53 1 16 10 77 100 34 94 84 88 79 86 7 55 99 2 8 90 97 9 84 25 38 98 53 79 19 89 43 100 13 92 70 42 63 66 48 63 89 24 52 69 33 17 52 82 73 18 30 60 75 78 74 85 64 98 60 99 46 23 32 12 34 51 77 24 20 28 34 53 79 6 13 54 27 21 3 54 22 13 28 69 82 22 82 51 72 96 76 10 23 63 90 43 4 10 18 82
15 42 29 100 26 49 92 70 43 72 33 29 32 39 67 25 43 95 94 96 33 32 79 33 12 25 9 32 67 32 80 1 90 99 25 43 25 57 91 83 79 13 59 64 51 5 4 31 15 5 39 87 83 72 94 53 31 29 81 53 76 88 52 57 79 7 65 97 72 97 54 45 45 27 73 88 100 3 20 77 54 69 100 63 51 78 85 71 78 46 15 39 44 100 5 34 53 48 91 44
67 36 62 8 18 79 18 28 2 45 55 90 82 11 34 80 36 69 38 55 5 58 18 98 8 38 1 51 29 51 79 44 24 8 48 3 53 99 39 46 3 44 57 45 23 55 24 58 25 52 18 96 16 80 9 62 69 88 68 68 43 76 44 47 88 70 46 96 50 26 90 3 43 32 72 4 99 8 69 61 28 98 39 22 66 84 34 97 63 13 42 75 59 54 3 100 42 76 75 48
75 99 82 58 29 43 90 60 85 19 49 79 64 72 24 21 55 48 52 31 11 42 47 87 96 57 95 5 37 35 65 61 65 36 20 19 67 25 51 8 68 27 99 53 83 21 54 28 74 47 81 18 14 43 92 70 12 52 28 39 97 15 69 100 0 15 89 44 5 5 80 80 92 91 38 37 59 15 62 60 99 39 96 5 73 40 90 42 96 35 26 35 55 67 95 48 71 21 52 11
77 47 87 69 90 100 20 19 43 67 11 62 12 41 71 17 88 49 41 52 78 38 61 95 59 56 66 74 69 10 74 13 46 100 0 97 23 24 5 68 63 76 22 71 98 44 3 56 32 83 78 62 42 53 47 70 13 70 93 55 13 79 92 77 22 15 19 27 27 95 68 40 84 89 88 89 33 41 2 97 90 57 2 31 20 72 12 90 35 40 24 14 45 99 64 56 45 50 70 98
71 42 6 75 17 11 17 52 49 71 63 35 92 49 19 90 97 80 95 84 78 54 1 20 73 35 26 62 41 28 10 50 60 9 83 7 76 49 41 6 78 48 80 50 9 78 15 91 37 96 27 47 2 99 3 90 9 19 17 76 21 92 99 100 4 82 9 37 72 69 75 60 100 19 63 11 0 41 15 87 100 97 74 7 14 17 55 98 74 82 20 15 75 43 57 79 54 2 100 17
57 79 11 12 33 65 81 21 24 34 72 55 53 5 89 22 42 33 91 96 17 82 51 63 98 3 27 86 93 80 67 82 27 47 89 39 1 54 35 1 21 11 40 88 45 56 6 79 80 94 79 46 25 80 82 62 85 98 74 86 45 39 81 28 89 68 23 14 100 42 35 62 70 29 31 87 11 69 92 60 54 83 90 80 30 20 91 14 55 51 100 70 77 55 87 94 52 85 99 0
60 54 63 67 93 0 2 54 64 33 27 10 57 61 7 49 49 71 32 100 57 59 12 74 61 84 21 80 38 27 95 45 66 86 83 86 83 88 46 51 57 46 10 77 88 54 37 1 91 1 30 80 44 13 98 38 44 1 66 75 42 10 28 47 71 57 41 34 21 34 83 94 26 23 57 92 7 6 83 55 58 39 50 59 34 42 70 100 13 26 95 80 37 13 29 57 4 72 18 99
44 76 6 38 70 95 57 79 46 22 82 83 50 68 70 74 37 31 56 26 57 86 26 89 100 14 65 63 6 96 52 23 61 44 53 4 71 40 1 48 94 52 8 31 22 5 19 94 7 84 17 66 74 63 100 83 23 23 76 38 97 0 65 25 2 44 2 32 74 0 15 96 18 31 10 52 67 86 53 69 59 47 64 44 99 36 42 33 3 61 50 45 64 55 79 10 73 62 57 88
97 70 57 59 70 52 90 35 80 6 92 24 17 98 37 39 52 40 70 5 51 45 48 14 47 2 72 53 28 8 97 69 23 85 36 80 51 95 90 44 18 1 92 97 19 80 9 60 27 50 66 6 34 41 1 96 92 11 32 33 97 95 89 47 96 52 58 23 89 45 79 3 94 86 59 31 88 11 5 76 78 53 73 83 40 96 77 98 78 12 100 96 29 7 13 44 63 73 42 50
93 96 92 35 62 71 60 54 29 36 21 97 42 29 15 25 2 47 99 41 62 28 61 39 23 53 57 75 65 31 53 62 29 97 85 67 30 0 13 86 96 93 97 53 14 27 92 40 55 31 34 62 78 95 91 33 11 20 45 23 82 72 22 30 0 39 14 32 18 45 82 74 59 87 39 49 15 14 30 82 92 15 52 35 98 43 63 78 85 98 30 19 92 9 81 52 92 36 71 35
60 30 56 68 62 31 67 9 15 79 67 71 89 26 79 29 17 92 72 13 16 50 90 7 81 88 92 58 23 41 44 16 3 41 86 56 65 100 20 56 75 19 46 47 50 47 25 23 84 53 89 49 80 33 88 93 42 46 93 77 76 62 14 23 52 66 85 54 93 69 70 11 28 11 9 76 57 42 60 39 98 95 25 46 76 99 4 59 91 67 13 19 60 99 77 47 70 96 82 65
8 50 22 32 23 35 95 1 97 94 20 70 65 3 88 87 8 90 80 4 17 8 87 98 5 34 83 64 28 83 2 80 89 74 52 44 69 95 72 2 51 3 69 42 18 50 44 97 19 53 64 28 14 93 89 79 96 45 68 77 22 61 95 96 14 99 45 70 71 82 34 58 25 25 82 73 18 6 86 42 96 37 2 65 30 43 44 58 36 52 44 92 96 22 62 58 19 32 58 61
8 51 77 52 45 4 74 84 48 26 81 84 34 72 20 70 69 66 66 49 12 46 58 20 70 3 2 76 23 40 49 77 11 23 30 62 21 84 20 22 57 94 15 39 74 93 8 9 52 58 8 44 98 100 88 40 30 79 35 22 78 81 98 50 85 80 95 90 82 39 81 9 3 42 23 2 56 11 47 14 2 41 15 45 47 23 8 80 1 82 12 54 78 89 20 26 75 76 62 68
47 14 1 60 11 40 49 29 42 95 75 13 68 83 69 19 30 7 15 6 24 85 17 6 44 55 96 60 92 70 13 76 1 55 24 16 1 62 22 50 34 2 49 95 20 60 37 23 60 94 64 33 27 23 70 15 29 36 34 11 70 4 77 49 13 2 65 59 26 38 70 7 35 100 20 98 11 53 21 76 8 39 36 16 90 26 82 4 81 54 3 10 38 76 88 11 93 79 9 11
24 19 23 65 33 75 55 8 8 97 74 9 10 87 79 52 95 84 60 63 38 75 97 60 4 81 81 16 33 39 26 13 78 43 55 58 90 58 91 24 66 97 95 37 85 23 93 0 50 98 98 24 97 29 87 39 11 91 24 85 64 50 48 88 11 20 87 29 84 57 67 80 99 33 81 6 36 68 0 89 78 37 48 90 85 78 49 85 62 27 14 94 49 37 12 38 67 25 36 81
87 6 45 64 33 10 72 1 19 55 35 53 94 24 16 19 52 39 41 14 69 15 68 0 13 92 93 14 88 11 86 61 94 61 48 10 61 77 25 48 35 17 19 84 89 31 69 6 47 26 24 19 8 30 3 98 11 50 79 75 23 11 69 50 52 60 4 60 14 12 80 90 23 37 34 71 100 22 75 38 6 4 86 12 43 98 65 55 13 72 21 17 86 33 11 31 30 77 49 47
81 84 65 54 48 89 54 39 48 61 59 47 43 83 52 16 77 33 69 95 93 12 97 72 85 94 64 48 13 80 53 36 44 21 96 49 9 9 35 23 87 14 22 22 46 2 19 37 26 76 43 36 75 49 4 50 67 79 29 30 6 3 13 51 84 32 58 7 79 94 27 53 17 97 20 60 22 87 11 25 66 55 38 84 41 88 90 73 29 77 48 75 84 48 55 30 81 22 56 69
46 6 70 53 86 45 47 39 2 71 15 70 38 18 52 8 11 26 45 100 16 34 83 94 23 12 37 92 95 59 34 16 3 83 78 28 20 82 53 28 64 97 99 80 90 86 71 40 22 14 84 29 28 51 85 39 10 84 19 72 34 50 8 35 19 40 93 79 38 35 90 41 98 62 45 99 29 28 16 68 91 54 33 10 87 20 39 78 48 49 100 91 82 70 59 61 4 78 67 45
27 87 47 94 21 92 77 16 53 28 0 73 19 72 99 48 8 29 29 22 59 12 45 29 70 28 30 92 12 80 17 92 85 77 30 56 86 6 14 3 81 6 64 40 79 61 97 11 39 49 51 39 11 18 68 65 11 79 35 49 37 98 41 7 55 24 83 7 29 69 88 34 31 73 5 10 71 98 83 87 74 75 40 62 63 93 50 75 57 95 2 71 0 23 4 100 83 57 41 60
39 93 34 24 71 47 60 5 0 35 11 55 27 25 35 87 77 75 32 58 89 64 78 7 89 90 10 93 82 66 7 34 26 79 54 8 9 25 15 28 37 26 8 24 3 32 11 84 35 74 90 49 79 60 88 90 12 33 49 47 3 57 30 27 94 61 43 7 41 77 66 26 18 16 26 19 45 54 42 36 12 97 84 9 66 48 3 66 8 61 6 59 89 27 13 10 54 13 73 97
83 27 86 70 58 61 55 18 65 36 50 82 31 19 84 59 83 95 42 35 45 82 71 47 65 94 0 96 96 41 34 12 33 20 8 54 36 16 5 100 60 38 83 99 72 30 20 68 58 86 79 100 54 100 94 9 82 70 65 48 51 73 36 100 89 98 92 48 56 90 33 72 79 55 72 91 91 35 45 66 42 55 13 34 14 56 92 27 74 3 86 86 6 31 26 8 91 5 25 81
49 46 40 98 72 92 24 69 62 53 31 73 24 1 90 16 97 11 96 68 65 17 67 22 91 60 86 94 19 26 41 49 17 43 66 90 80 49 11 2 60 62 98 53 37 43 50 13 36 94 22 47 73 33 0 85 77 46 22 15 93 20 90 25 35 81 45 2 95 44 22 86 83 93 64 96 61 83 26 71 91 93 18 58 30 15 23 59 58 25 0 60 11 99 31 36 58 12 71 22
90 69 55 73 66 55 61 39 100 86 28 77 0 2 44 11 41 39 11 38 98 37 86 77 41 96 96 76 78 13 24 88 92 66 18 23 80 47 81 50 51 71 13 44 95 95 73 27 73 45 14 4 49 28 3 84 7 48 32 9 67 87 42 59 79 38 40 16 49 92 35 99 69 44 93 54 50 9 9 17 41 51 16 40 79 84 41 59 21 26 30 90 56 54 24 98 19 14 21 85
10 59 44 28 20 23 6 65 4 56 80 56 40 100 52 90 12 71 87 46 65 66 8 58 39 21 86 3 93 63 25 24 73 53 80 1 53 84 85 44 39 24 70 69 29 1 31 75 85 90 22 72 26 56 84 0 59 2 75 57 89 94 84 27 43 54 65 5 74 28 75 60 12 69 38 62 34 79 69 92 69 63 82 58 98 92 36 23 72 98 74 9 47 97 53 70 59 81 77 44
14 73 58 34 20 23 0 30 7 42 86 29 58 32 29 38 2 56 27 15 68 57 31 17 87 61 98 56 56 9 53 39 12 49 79 30 42 53 64 91 1 29 36 100 13 62 71 36 33 1 31 55 73 16 89 59 31 23 82 82 23 83 53 34 99 97 83 71 81 48 70 69 57 24 7 9 60 94 9 22 23 87 69 54 88 11 61 72 27 1 91 51 14 23 46 65 68 13 50 21
89 17 14 57 57 15 83 81 94 40 25 94 65 11 82 93 67 1 12 31 26 100 78 88 10 26 72 15 40 23 78 61 19 34 97 83 0 19 61 38 46 72 68 67 76 87 46 66 24 70 27 42 81 39 49 98 26 44 24 66 66 42 24 31 26 27 7 49 96 2 70 60 23 61 69 62 53 10 76 78 3 51 19 77 63 37 36 27 14 34 72 64 28 79 47 78 14 11 59 45
32 41 49 46 34 34 94 22 62 56 87 5 4 11 21 63 8 50 80 79 12 64 26 7 46 42 24 73 99 72 9 89 33 22 71 40 77 31 57 85 83 38 28 21 90 96 62 4 9 32 46 20 7 20 97 91 21 92 64 75 96 93 5 80 56 68 49 24 6 52 8 33 24 23 15 39 91 4 83 77 29 36 88 66 45 33 39 23 8 70 51 42 23 97 95 89 8 25 89 74
55 79 3 19 46 42 84 10 18 79 95 31 76 95 40 94 69 75 59 66 4 89 3 1 51 27 90 82 37 24 35 66 53 80 94 32 9 87 70 59 79 71 98 73 24 10 65 94 89 81 53 13 27 94 68 80 42 73 81 8 95 46 5 80 16 55 34 40 12 40 24 79 14 75 68 92 3 83 91 1 11 38 40 39 99 85 17 26 88 34 30 78 33 74 47 100 46 93 13 41
73 72 18 98 45 15 60 22 75 61 50 98 11 79 54 23 75 15 54 67 17 98 72 18 79 59 13 23 25 47 88 8 56 17 24 100 82 28 55 28 39 39 2 51 99 45 79 61 94 92 70 43 45 23 25 17 85 23 100 4 28 67 55 62 47 79 1 33 68 8 97 2 73 54 99 62 22 81 88 82 50 88 24 54 97 71 19 24 22 88 68 76 18 77 30 40 63 76 17 40
56 16 44 48 79 58 50 11 61 53 13 23 54 0 97 66 5 63 27 20 52 31 13 86 17 19 23 25 58 79 10 85 35 31 94 98 17 59 65 2 26 79 9 25 73 26 36 91 80 88 33 63 59 24 11 71 86 37 30 11 52 79 70 10 32 32 40 5 19 86 62 68 3 52 62 67 65 1 38 67 12 76 86 53 78 20 22 66 42 41 10 97 21 90 82 75 27 41 98 100
36 42 97 91 22 30 97 3 85 69 5 39 6 44 81 61 29 45 57 11 23 47 58 88 41 56 81 5 42 67 73 47 88 77 36 2 19 52 37 83 94 96 90 34 55 82 72 24 22 50 9 52 34 30 15 25 1 56 40 8 47 97 45 68 38 15 69 4 60 91 15 35 44 97 6 99 35 45 29 32 49 72 98 50 40 86 61 45 29 36 0 54 32 97 80 89 66 42 17 47
5 31 64 32 30 52 0 60 99 45 64 16 55 93 78 41 84 74 86 80 23 26 35 24 42 88 31 66 8 4 90 71 23 33 0 52 60 31 56 88 17 85 73 63 6 79 58 81 5 31 83 17 38 84 72 59 4 52 81 63 56 46 51 26 19 72 60 3 63 96 44 74 60 33 38 62 59 44 60 95 24 52 30 7 45 27 27 50 2 10 67 98 13 1 57 78 37 62 46 2
76 82 11 22 24 34 6 57 6 36 20 76 47 38 54 71 60 12 0 1 77 23 73 31 81 62 15 98 20 86 71 82 43 67 47 51 36 11 68 61 42 42 83 88 98 12 93 85 13 83 89 44 75 6 85 58 46 13 93 52 47 40 36 80 6 72 68 84 38 53 61 75 78 37 18 36 73 96 97 40 50 35 32 74 61 54 46 60 15 96 48 82 92 81 39 60 58 41 78 69
81 11 85 88 98 12 30 2 53 66 37 5 4 65 25 73 45 6 91 7 63 55 34 85 61 98 11 44 20 35 60 17 16 5 32 52 75 34 62 48 42 32 32 44 0 79 59 81 36 27 54 4 68 64 27 14 86 61 78 47 7 14 7 18 77 56 59 17 66 76 58 28 41 0 69 48 43 43 12 2 94 7 0 15 4 21 55 73 34 31 13 70 93 65 0 29 17 54 30 56
98 93 54 72 96 48 60 64 32 1 82 19 10 82 20 49 5 76 23 13 10 76 81 81 57 57 27 89 32 38 72 84 83 64 40 51 55 69 55 99 68 5 64 71 49 29 60 14 21 59 23 90 74 69 6 78 7 26 60 47 17 74 12 12 48 0 85 87 66 24 40 39 34 81 42 72 51 66 60 58 7 6 26 58 55 37 42 17 40 27 64 93 41 77 4 7 96 32 59 66
0 78 7 100 61 67 30 26 93 94 4 32 92 38 52 33 34 67 41 46 95 7 4 73 97 97 30 33 43 84 13 26 73 97 56 4 34 19 67 97 55 97 2 26 0 70 12 57 98 7 61 0 29 100 92 14 98 69 96 100 73 62 57 43 0 75 74 49 91 45 93 78 38 86 44 70 54 60 53 98 45 34 16 81 92 44 0 50 28 90 64 68 31 32 38 73 95 95 79 26
22 96 100 78 22 64 59 65 11 71 42 88 72 14 69 4 71 62 52 96 45 10 87 83 21 84 2 99 57 25 37 41 67 1 100 37 83 96 11 84 6 60 100 64 2 74 6 67 41 33 2 86 70 93 96 33 78 47 1 48 70 58 76 12 44 17 96 2 26 40 45 88 47 78 93 32 25 42 12 90 80 63 65 58 91 61 91 20 32 95 63 70 79 92 2 11 48 41 15 51
8 74 47 96 3 34 6 89 76 18 92 11 31 23 73 37 40 69 14 15 96 57 66 24 99 19 18 59 7 19 82 74 49 7 73 58 52 39 9 89 5 27 69 10 54 2 47 38 94 34 36 82 86 25 71 68 12 36 4 3 94 39 79 29 36 26 14 43 34 86 92 44 14 70 35 44 96 0 11 59 59 56 41 48 53 88 32 51 3 88 83 41 88 37 38 70 95 16 45 10
31 70 38 61 36 26 66 95 32 98 41 65 34 34 10 79 44 41 86 75 91 92 31 78 59 75 28 35 89 8 68 44 9 45 41 63 98 3 48 24 39 69 42 84 27 26 17 33 51 55 46 14 8 90 39 93 85 92 9 26 66 21 23 52 90 53 65 25 32 66 51 16 95 92 85 86 82 73 46 18 14 56 96 28 7 76 26 60 75 66 1 40 64 38 99 21 38 80 95 37
35 28 0 94 57 72 81 46 3 39 19 92 0 30 82 86 95 69 53 86 98 97 84 59 51 69 20 57 26 1 21 69 23 26 19 26 71 48 14 94 56 86 28 6 13 7 25 95 12 98 46 21 1 51 43 82 13 63 90 46 30 44 48 66 9 68 67 55 92 38 10 13 76 17 23 93 1 57 58 72 44 60 67 42 1 22 83 34 66 77 36 75 33 61 55 62 26 14 70 31
36 17 19 65 54 25 48 72 81 53 19 45 37 55 39 13 43 8 29 94 53 25 55 75 69 52 94 46 23 38 66 88 80 40 42 63 57 29 4 96 100 91 29 96 25 77 23 89 15 4 28 26 61 53 9 36 81 91 60 11 85 64 54 23 37 48 76 16 26 19 24 15 35 46 10 23 89 69 42 17 28 53 14 43 41 25 34 24 48 64 89 34 26 52 88 93 41 75 82 49
17 5 95 90 38 54 8 44 98 65 74 51 99 34 81 53 13 46 77 78 79 38 16 53 10 76 89 62 94 7 58 47 28 68 23 44 51 6 64 84 34 25 94 16 84 75 74 76 45 74 57 36 91 91 47 37 28 19 27 45 72 85 93 86 44 82 60 11 35 59 42 73 30 52 68 59 85 68 64 19 84 67 15 82 20 92 28 84 20 73 71 37 40 67 93 38 12 10 82 24
15 67 94 0 64 14 90 72 19 55 47 52 29 22 10 65 81 0 14 25 34 32 75 83 1 20 29 11 87 15 75 7 78 7 14 7 58 96 63 85 32 88 87 93 28 60 71 51 80 95 82 70 7 5 76 11 31 65 98 28 62 79 45 56 48 28 65 59 44 41 87 25 52 33 66 34 9 83 65 36 99 13 89 33 43 28 84 9 83 45 83 42 2 43 99 67 44 9 69 73
88 50 40 100 64 2 60 80 78 45 34 93 10 7 58 56 57 98 2 26 86 8 39 11 77 72 27 42 4 67 63 18 39 20 21 99 2 77 22 98 27 74 7 94 6 68 28 13 26 31 76 93 14 71 98 19 80 38 85 53 31 53 67 60 21 83 23 55 30 9 81 19 36 93 56 30 99 9 67 27 45 11 97 65 52 59 21 99 38 10 57 90 18 69 30 33 7 34 1 39
28 67 32 79 11 47 95 77 18 9 63 13 10 0 85 76 18 32 15 100 96 95 40 56 12 46 3 75 2 81 71 11 64 16 39 72 47 19 12 78 87 87 91 49 77 56 93 73 34 4 25 60 69 36 86 37 55 25 5 61 63 23 97 1 8 63 92 17 11 15 74 39 64 21 45 89 44 9 44 81 94 41 3 50 23 14 30 22 68 93 41 51 20 75 60 87 19 5 40 23
66 95 67 68 57 99 94 77 91 85 91 92 7 35 36 33 15 91 19 9 47 20 40 20 68 60 73 48 11 75 16 11 28 40 94 85 14 73 8 40 91 21 92 88 10 21 1 77 80 35 34 84 8 92 0 79 35 61 59 68 42 11 71 68 48 63 10 38 30 35 18 55 13 61 86 64 18 57 84 97 43 37 42 62 89 30 10 72 42 83 79 65 15 18 56 24 74 3 31 61
89 37 1 36 71 52 47 9 52 64 75 87 66 78 72 82 54 21 86 68 62 1 36 1 36 24 48 8 55 5 16 78 53 63 94 46 91 92 67 81 28 3 99 32 13 64 24 0 38 65 85 5 56 20 49 32 78 28 24 13 90 19 82 89 11 45 95 13 98 8 92 5 62 5 70 11 98 66 10 7 35 91 5 36 67 34 21 88 91 80 45 27 75 56 18 19 21 21 73 24
18 17 33 13 88 15 65 78 33 2 64 46 60 45 69 94 29 57 42 42 70 22 89 81 5 13 55 74 72 3 16 95 65 61 49 38 46 28 65 55 30 51 100 5 63 0 32 34 19 79 55 73 6 67 22 10 60 8 25 34 83 59 48 42 16 32 66 6 55 28 27 62 62 33 9 39 43 79 85 80 96 41 15 70 90 39 64 99 83 49 4 27 95 49 57 85 66 74 21 36
63 15 75 67 52 39 57 22 73 57 79 64 43 66 52 18 23 22 71 98 49 61 3 9 48 63 100 29 41 66 42 3 83 99 68 41 85 50 0 20 99 17 85 10 50 31 81 38 29 48 98 25 61 92 58 34 26 31 31 25 11 17 48 53 23 80 35 38 45 52 44 36 87 15 78 80 34 45 85 48 57 67 31 5 14 2 73 34 81 67 82 28 77 59 41 28 80 64 64 83
86 36 17 32 4 35 22 76 31 38 93 21 41 14 29 68 49 47 46 80 6 53 26 59 43 8 5 35 37 93 71 59 5 39 15 34 36 41 25 39 42 81 82 94 32 74 50 12 18 2 9 71 98 27 96 73 55 46 72 86 53 9 72 100 37 80 63 86 59 28 25 2 12 75 55 17 8 57 65 100 47 11 11 16 19 2 99 76 70 95 91 57 0 54 20 59 34 0 66 16
52 24 89 41 89 88 50 5 81 20 1 51 42 10 77 40 75 0 41 6 17 60 57 27 30 39 50 96 20 71 15 89 69 49 44 3 57 77 96 46 69 6 81 68 88 82 23 67 0 36 12 79 26 37 48 72 68 3 23 32 75 41 99 45 60 64 23 88 3 16 73 7 92 94 40 72 22 12 92 72 61 66 45 74 82 63 64 62 61 83 91 89 79 91 20 17 97 34 74 68
66 73 77 33 52 73 20 100 87 30 96 50 2 26 39 98 7 74 100 36 83 89 42 80 60 85 75 42 46 95 53 30 78 74 38 59 63 4 8 96 78 77 32 96 46 61 60 49 85 42 79 2 57 64 51 71 41 96 43 58 52 43 66 97 13 89 11 78 71 50 44 68 97 31 38 48 45 57 13 49 28 94 68 15 66 27 87 47 8 74 36 16 73 77 36 71 69 32 71 99
36 37 33 68 36 86 30 95 72 34 33 3 92 69 11 84 25 6 42 88 73 40 0 14 39 86 55 28 18 74 93 72 10 27 39 28 59 3 52 75 58 13 42 1 100 80 40 57 17 28 18 42 14 13 7 0 69 86 65 98 40 2 56 70 7 60 99 17 56 82 1 42 79 98 22 59 76 26 86 95 36 61 39 36 7 14 81 67 70 25 28 40 42 30 100 47 17 78 55 23
86 46 73 54 18 46 88 97 56 67 49 84 47 69 8 11 17 95 40 54 51 45 47 92 1 24 7 97 88 93 72 12 45 98 80 54 84 39 21 35 4 2 76 62 19 81 87 83 100 58 17 80 67 10 21 18 85 90 12 50 31 84 80 63 37 81 36 71 56 19 43 100 30 78 16 39 54 85 47 12 97 56 55 23 53 25 6 54 70 94 100 2 2 16 44 43 76 47 11 19
47 34 26 77 68 54 38 82 51 22 21 43 60 30 40 17 62 34 52 1 54 66 58 90 22 31 92 25 15 84 87 80 30 53 91 32 46 63 36 79 32 21 91 28 83 18 5 45 98 55 100 82 37 80 29 18 93 10 73 28 25 7 40 77 9 99 50 49 31 66 74 12 50 51 2 61 36 94 33 30 18 24 3 96 70 9 53 24 66 13 56 15 9 33 46 55 42 38 30 40
9 61 39 94 67 94 92 79 5 65 57 59 9 77 55 6 77 9 12 55 34 54 87 52 59 24 27 16 90 99 21 71 75 74 45 88 87 20 30 99 33 56 59 11 68 32 69 54 8 58 77 77 39 10 51 69 71 32 86 91 35 44 56 97 12 63 74 17 52 13 23 39 44 25 100 4 83 82 12 26 86 82 5 77 45 76 86 96 53 45 28 32 68 28 19 12 74 39 84 46
