100 100
84 7 22 76 13 32 43 25 68 60 30 47 50 1 55 14 4 71 50 25 86 90 0 63 28 82 94 0 30 26 52 29 94 28 95 29 50 26 14 39 38 75 69 82 11 14 33 9 35 94 29 40 74 60 28 0 56 76 84 69 62 49 99 68 84 55 32 45 45 17 49 74 29 41 11 25 27 55 87 23 96 59 22 46 23 30 95 0 47 30 11 45 7 69 72 4 4 8 23 19
41 5 18 34 5 21 9 17 4 43 7 22 31 0 2 3 3 56 28 10 17 21 0 19 22 77 63 0 19 5 39 1 12 20 62 1 21 15 11 12 14 59 8 58 7 11 25 6 26 93 6 6 64 58 0 0 52 52 58 54 62 12 92 49 72 54 18 38 0 1 21 50 19 34 9 15 2 29 48 14 29 11 8 11 13 21 49 0 36 13 5 2 0 50 20 0 1 5 4 17
35 2 7 64 9 5 10 22 56 7 0 16 30 1 13 7 4 30 16 20 40 48 0 18 28 25 88 0 25 6 2 15 24 24 33 0 44 3 4 23 32 10 60 78 11 7 32 0 1 39 20 20 54 25 26 0 2 29 38 48 16 0 3 27 17 3 31 12 38 12 37 72 3 8 3 16 3 4 24 23 20 20 20 24 12 30 14 0 37 25 3 18 3 65 41 0 0 5 9 14
61 0 9 16 3 17 28 22 45 41 18 39 37 1 22 1 3 23 27 22 82 43 0 33 0 59 15 0 9 13 50 6 32 17 9 1 16 23 14 23 16 35 0 40 0 1 10 9 21 3 17 13 10 47 2 0 19 44 20 67 56 4 85 50 49 1 15 19 3 4 16 67 0 13 4 12 23 31 1 21 57 17 0 1 8 30 65 0 39 25 6 2 6 12 8 2 3 0 12 11
84 3 13 3 6 9 30 19 11 32 14 19 1 1 0 1 3 61 8 6 10 34 0 16 21 45 70 0 19 1 40 11 83 26 74 3 45 14 0 2 17 22 67 28 5 6 24 1 3 0 25 24 72 16 13 0 15 18 39 41 18 36 72 43 33 53 30 39 10 0 4 60 21 27 8 9 12 7 83 18 72 52 13 34 23 23 44 0 26 2 0 4 4 47 15 2 4 5 7 0
84 2 13 15 10 10 41 19 31 19 14 38 3 1 47 8 4 17 6 17 64 45 0 45 28 41 28 0 20 24 32 26 58 24 52 27 1 23 4 11 31 8 30 38 7 1 28 6 29 2 9 9 27 47 27 0 6 5 17 32 59 17 24 16 55 13 32 27 37 10 21 74 11 25 8 4 9 13 26 2 36 29 7 25 18 21 14 0 27 9 6 38 2 18 38 2 2 0 18 13
40 2 19 39 4 26 1 12 37 24 12 36 30 0 42 3 1 9 35 8 46 5 0 51 12 45 8 0 11 20 9 4 59 6 88 27 36 16 3 19 37 72 64 11 8 3 2 0 24 7 19 16 1 16 15 0 43 52 81 58 46 31 76 19 57 13 19 6 30 2 3 18 21 7 0 24 8 39 32 19 60 35 17 34 22 23 47 0 21 25 8 29 4 65 67 1 1 0 9 15
20 2 16 60 7 15 27 0 63 35 30 43 18 1 37 12 3 36 40 12 28 39 0 44 24 47 12 0 22 11 41 28 52 20 37 13 15 20 4 14 33 0 59 62 7 7 5 1 32 18 14 29 10 28 15 0 40 35 54 60 10 17 0 7 28 30 18 10 21 8 46 39 20 5 8 4 25 40 52 22 56 39 21 7 20 2 94 0 22 26 4 36 4 13 3 2 4 4 23 4
52 2 22 22 7 10 36 11 22 23 23 4 30 1 38 6 4 49 29 24 17 15 0 7 1 59 58 0 12 1 9 14 75 23 26 22 6 18 0 36 21 39 53 13 10 11 21 8 14 61 0 33 66 46 13 0 9 1 15 61 54 47 64 45 70 20 19 17 42 4 34 67 18 23 1 19 24 7 22 0 11 52 14 17 9 22 38 0 9 4 10 35 6 68 45 4 2 0 11 1
82 4 2 50 2 10 31 2 41 42 8 1 11 1 33 12 4 31 30 0 83 57 0 52 22 69 82 0 4 4 42 8 4 12 46 3 28 18 1 35 6 11 56 15 4 10 27 7 24 37 1 24 23 59 14 0 53 26 49 27 3 2 6 47 9 38 8 38 1 2 18 39 6 1 2 6 13 53 68 7 19 5 3 23 23 4 52 0 16 4 8 29 6 44 46 0 2 7 23 1
70 5 19 61 0 0 3 2 19 46 24 32 28 0 37 4 0 34 10 14 10 60 0 25 1 41 84 0 28 0 18 11 43 22 52 19 7 24 2 17 4 34 41 68 1 10 33 4 31 20 22 32 72 42 15 0 34 33 7 57 3 21 35 50 58 19 26 40 45 15 5 19 12 17 8 11 17 42 32 15 20 51 2 10 8 13 42 0 11 6 3 33 7 13 64 1 2 3 15 5
79 6 18 76 1 13 42 11 36 27 3 2 28 1 51 4 0 2 44 25 57 23 0 20 4 59 60 0 7 25 21 21 80 17 67 18 48 3 4 37 21 31 12 18 5 1 11 4 11 66 13 40 3 28 10 0 24 48 11 38 9 1 13 6 58 32 23 5 29 8 6 24 1 12 4 19 26 49 19 5 31 7 18 11 16 7 31 0 37 27 4 27 0 2 32 3 4 0 20 14
47 4 21 9 13 5 24 8 5 14 26 36 40 0 53 4 2 32 22 24 76 48 0 55 4 53 12 0 20 24 37 8 67 8 53 27 12 8 11 31 12 64 1 79 10 13 30 8 9 40 14 30 38 17 15 0 24 9 33 38 51 15 18 1 53 51 8 17 40 14 43 51 9 41 9 22 5 9 19 5 33 22 22 22 7 14 9 0 6 1 1 17 0 3 57 4 4 0 6 14
44 2 13 56 10 7 11 8 51 30 8 8 36 0 11 11 0 26 22 6 73 18 0 34 6 14 3 0 13 3 49 9 43 7 44 6 4 6 7 14 28 50 48 60 4 8 23 2 25 66 12 21 37 22 13 0 30 65 9 8 29 28 8 37 58 46 28 28 15 16 22 58 19 28 8 6 25 27 32 14 23 5 21 5 20 8 40 0 43 20 3 21 1 62 35 1 2 1 3 19
66 5 17 14 9 0 10 1 64 41 5 8 44 0 27 10 2 9 28 1 18 8 0 38 1 10 90 0 24 6 4 22 12 16 45 17 43 22 3 33 18 12 20 39 11 10 9 4 17 81 26 2 13 30 14 0 23 73 26 20 43 45 3 15 14 4 0 40 4 0 16 74 16 21 6 19 3 9 32 13 82 47 2 38 9 8 93 0 42 28 11 19 4 33 55 4 4 7 13 6
19 4 1 72 7 28 31 25 17 50 8 13 20 0 9 6 2 58 31 0 28 76 0 60 21 31 43 0 13 20 36 26 36 18 26 27 41 12 8 29 10 0 45 5 8 0 13 5 6 59 22 13 36 11 19 0 6 70 18 21 52 6 71 37 74 11 25 7 35 1 37 37 28 23 3 25 22 54 59 23 82 51 4 3 3 24 83 0 8 5 4 2 2 18 58 0 4 0 5 1
67 7 11 4 6 5 21 5 11 57 27 30 10 1 39 8 4 26 4 18 55 29 0 16 27 28 61 0 29 17 24 1 15 10 48 16 44 13 2 39 19 39 68 57 2 3 0 5 13 34 4 16 33 58 16 0 26 8 17 17 35 10 86 68 26 25 14 8 24 13 43 66 6 19 8 25 10 22 66 7 46 8 4 19 20 9 76 0 1 9 11 37 0 51 41 0 4 5 15 9
24 4 3 12 10 29 39 23 14 45 6 47 29 0 31 5 3 28 12 17 60 39 0 57 24 52 83 0 17 16 35 29 13 8 92 7 20 24 1 29 7 2 24 55 0 11 11 0 12 83 26 6 4 29 11 0 9 23 72 35 29 40 73 0 63 42 31 20 27 7 17 7 14 32 8 1 10 13 56 1 96 15 7 41 8 21 54 0 5 17 10 5 3 66 43 0 0 1 9 2
14 3 21 70 13 7 10 16 0 36 18 39 44 1 32 5 4 62 22 12 26 47 0 12 18 17 68 0 23 20 4 13 69 25 1 10 41 13 2 29 20 10 68 57 4 5 32 6 20 80 19 36 4 53 14 0 36 38 82 34 32 23 44 68 78 7 26 37 30 5 5 10 13 39 2 14 10 41 17 9 44 41 22 0 21 14 54 0 19 5 1 4 3 36 71 4 3 2 10 10
40 6 16 17 3 23 1 22 50 46 13 0 34 1 22 6 0 49 49 2 7 37 0 29 7 12 86 0 23 15 50 4 17 19 25 21 20 0 7 27 33 28 62 74 6 11 6 2 14 4 18 24 45 32 18 0 20 28 60 14 59 7 27 39 77 20 22 20 3 5 47 11 29 41 4 20 6 34 0 23 89 43 11 8 4 8 74 0 21 11 5 41 2 18 1 4 4 6 21 7
6 5 20 68 3 0 20 4 18 47 24 25 14 0 52 10 2 6 7 2 38 56 0 44 8 27 1 0 11 13 43 10 46 21 88 9 32 25 1 18 4 12 1 32 7 7 14 3 4 48 12 36 38 27 7 0 50 26 30 38 52 40 27 57 12 47 20 43 14 15 21 63 29 31 8 1 16 38 41 9 64 5 22 41 15 4 20 0 34 5 10 7 4 38 6 1 0 0 3 3
10 0 20 37 1 8 39 21 56 38 13 4 42 0 3 3 0 26 42 15 3 71 0 22 27 4 94 0 18 3 24 5 78 27 55 18 46 1 9 6 13 26 66 75 6 5 4 8 32 58 26 39 43 16 15 0 42 67 73 58 28 15 8 58 30 52 15 15 25 12 21 52 27 41 3 25 6 36 6 12 42 3 14 3 13 8 64 0 2 7 5 8 6 23 6 0 0 2 2 1
29 4 16 39 4 3 4 18 64 11 2 41 50 1 53 14 2 68 35 14 11 39 0 11 16 62 94 0 18 26 47 10 60 20 59 2 12 16 3 20 9 65 59 73 2 3 14 4 30 74 23 23 18 14 13 0 10 20 80 53 5 48 64 33 11 20 19 12 44 5 36 69 26 18 11 1 1 14 30 9 61 56 15 30 1 25 63 0 14 24 4 8 7 59 49 3 2 4 15 13
69 0 5 74 11 19 39 6 55 30 26 10 37 0 31 13 2 14 4 22 56 53 0 10 12 40 92 0 9 10 35 8 18 25 24 0 47 8 3 27 18 46 67 37 0 2 30 2 7 89 29 30 64 27 26 0 36 73 70 53 43 37 4 34 13 38 2 38 39 11 28 73 0 18 7 13 20 24 25 5 14 38 10 37 20 26 5 0 28 12 2 32 7 37 11 0 4 5 0 6
49 2 11 55 1 23 23 9 57 24 17 47 20 1 18 7 0 70 37 23 37 24 0 16 4 57 62 0 25 4 47 17 38 1 64 14 35 13 6 21 13 9 64 9 11 5 12 4 27 33 26 30 16 56 7 0 27 15 16 52 15 46 61 15 9 42 26 41 41 10 17 53 18 35 11 17 2 8 42 19 63 19 16 9 12 1 47 0 13 27 1 14 5 13 67 2 1 2 23 8
44 3 13 28 4 27 32 22 4 53 25 23 41 0 50 6 0 4 8 5 58 9 0 34 18 50 86 0 10 3 31 3 28 4 6 10 6 4 12 26 9 6 33 9 6 5 4 6 35 52 13 12 10 57 13 0 25 38 25 67 11 42 97 50 71 52 16 35 44 4 5 69 12 34 11 20 11 10 67 14 50 50 12 4 11 9 23 0 27 23 4 34 1 37 29 2 3 3 11 7
55 4 22 67 10 5 7 21 49 15 19 2 36 0 48 0 1 25 5 22 66 51 0 13 23 9 74 0 12 20 13 11 48 8 89 21 46 23 9 22 27 27 8 79 8 4 14 5 2 52 24 25 25 13 7 0 40 48 45 43 61 27 50 5 64 9 31 28 36 3 20 38 21 10 11 22 14 37 50 19 60 34 6 24 0 25 3 0 19 16 3 43 1 54 68 4 2 8 8 7
39 6 15 6 3 31 21 3 6 13 29 4 42 0 53 14 2 69 32 17 2 17 0 6 12 0 0 0 16 0 3 21 8 21 55 21 30 15 3 35 19 70 13 71 7 10 31 9 2 11 5 21 11 29 28 0 49 3 84 6 37 28 44 0 72 54 16 8 0 3 45 35 26 32 2 2 18 12 34 17 42 27 3 17 18 15 22 0 30 18 11 42 1 26 16 4 2 8 16 10
36 2 7 63 1 6 11 25 41 44 29 46 37 0 32 1 2 34 49 17 47 34 0 27 3 2 77 0 3 25 32 15 71 5 75 15 13 5 7 3 28 48 42 20 4 11 28 0 12 83 17 25 51 27 21 0 14 71 50 27 9 25 8 0 67 1 30 20 44 8 26 55 14 14 9 7 19 14 21 11 25 4 12 32 22 30 90 0 27 12 9 32 4 64 5 1 3 3 5 6
30 4 7 51 6 19 4 8 3 59 30 32 44 1 55 1 4 22 35 20 10 49 0 28 10 12 90 0 26 24 15 16 81 20 92 29 17 26 3 16 28 47 12 5 1 8 17 1 13 37 24 35 15 43 15 0 53 27 6 45 16 49 24 11 53 49 15 3 20 5 12 45 28 16 3 16 8 13 54 2 82 53 3 8 0 25 91 0 28 27 7 36 7 57 42 1 3 0 19 19
72 0 22 36 6 16 23 22 27 51 2 17 1 1 18 13 1 42 7 22 21 57 0 56 4 1 40 0 21 2 23 13 27 24 83 25 12 20 6 29 1 17 44 7 3 11 2 7 13 2 18 15 67 1 8 0 26 36 55 68 13 33 5 12 53 31 11 18 10 13 2 5 14 8 2 17 1 30 35 21 18 49 17 37 15 18 8 0 13 10 7 11 4 22 31 2 4 0 6 6
58 0 21 75 11 9 10 14 22 59 4 14 28 1 17 6 3 22 31 7 77 40 0 2 3 41 33 0 5 6 3 7 92 20 5 25 34 19 9 34 25 21 31 22 8 8 29 8 29 62 8 37 48 59 20 0 24 22 66 65 32 23 87 3 43 33 12 44 44 7 13 13 24 32 6 25 5 35 75 16 39 17 9 7 10 13 62 0 21 27 7 28 5 67 16 3 3 3 18 14
41 5 3 52 10 0 7 8 5 4 14 23 45 0 26 5 2 7 25 3 8 20 0 21 7 62 11 0 17 0 7 14 69 23 68 28 23 4 0 30 23 43 18 56 4 0 26 0 31 31 11 40 20 55 9 0 37 67 65 13 53 5 13 32 41 3 12 9 20 15 25 29 0 40 1 15 23 16 43 4 62 42 11 11 10 18 68 0 31 6 5 19 6 62 49 2 1 4 4 18
9 0 11 7 11 5 35 12 11 27 2 11 7 1 12 4 3 28 30 18 62 75 0 11 9 75 82 0 3 0 7 26 10 24 65 29 43 18 1 20 33 73 21 45 6 14 8 4 29 25 1 9 43 50 18 0 12 62 42 35 36 9 55 28 22 5 11 33 39 10 38 64 28 7 2 22 12 13 77 20 25 47 4 30 15 28 17 0 1 13 8 24 7 47 66 0 0 0 7 17
53 5 15 19 2 1 10 6 17 35 16 2 17 0 18 12 0 39 20 3 59 17 0 55 23 63 90 0 25 25 5 9 46 26 71 10 8 18 0 35 18 46 9 32 8 0 5 7 15 67 0 30 37 0 28 0 54 58 32 30 5 21 37 10 21 16 5 6 4 3 3 48 1 25 4 8 21 51 72 15 75 11 4 5 3 13 28 0 21 11 2 9 1 13 37 1 2 8 0 14
20 0 18 24 9 29 14 15 14 23 29 23 26 1 27 2 1 32 19 17 77 53 0 28 10 64 11 0 12 0 12 16 82 4 79 0 4 8 11 1 2 28 35 72 10 11 27 9 26 36 26 27 12 58 18 0 8 41 37 45 21 0 70 11 48 13 15 10 18 14 38 34 16 20 2 25 12 29 30 23 87 10 2 0 4 28 49 0 19 18 6 29 2 39 18 2 1 4 16 15
78 2 22 65 3 26 28 4 8 37 12 11 23 1 34 10 0 60 24 6 26 2 0 19 1 74 23 0 7 19 33 17 69 18 0 21 16 19 14 28 3 60 50 43 10 4 23 3 21 51 8 25 39 15 2 0 13 28 37 41 50 33 83 13 23 29 9 34 10 9 39 67 2 28 6 24 3 33 18 11 75 5 6 26 16 3 24 0 0 26 6 6 2 55 15 3 4 1 6 8
10 2 6 43 13 19 26 4 6 34 17 47 13 1 16 12 4 59 38 4 7 68 0 24 20 5 12 0 22 15 37 23 59 0 95 24 35 22 10 4 35 74 55 59 11 3 8 7 35 54 13 18 20 8 27 0 52 4 53 6 28 42 67 35 58 28 8 15 40 10 37 4 25 14 0 7 5 7 76 6 7 55 17 1 8 11 77 0 1 1 3 30 3 55 16 0 2 2 11 6
62 2 19 49 10 17 7 19 32 32 11 2 35 0 41 14 0 11 36 3 80 31 0 63 14 67 69 0 4 21 10 16 16 16 14 12 19 11 12 5 31 70 38 41 6 8 28 4 13 52 27 23 53 12 19 0 29 58 47 64 24 41 54 12 59 17 28 44 42 6 43 55 7 18 9 0 8 46 0 6 80 40 16 13 21 7 21 0 31 16 9 10 4 64 34 3 4 0 4 13
48 7 3 27 10 14 33 23 45 37 1 41 12 1 9 13 1 51 6 24 1 54 0 50 24 71 94 0 29 20 42 26 7 21 23 10 16 14 5 0 21 60 21 20 10 6 15 4 29 80 6 29 9 45 22 0 16 1 73 48 43 8 52 51 73 38 27 19 20 2 37 3 26 34 9 18 4 35 28 20 49 35 19 15 17 26 15 0 46 12 11 27 0 18 17 4 1 0 20 2
31 2 18 70 4 24 4 21 12 50 14 9 14 0 25 6 3 17 21 11 4 37 0 59 17 27 34 0 27 20 40 17 42 17 44 7 28 3 7 9 33 21 36 30 3 10 23 7 31 11 18 5 26 8 5 0 12 31 24 41 34 45 76 47 12 35 27 12 10 14 7 5 16 8 0 5 1 17 12 0 95 15 5 6 14 30 50 0 32 9 3 11 1 51 36 1 4 3 7 8
53 0 22 36 4 24 12 18 49 19 5 27 20 0 26 6 1 15 38 11 13 48 0 13 6 6 1 0 13 17 15 20 48 10 63 24 33 7 9 11 35 8 32 81 2 2 9 7 12 54 20 25 1 58 25 0 55 3 65 54 42 12 49 22 53 1 26 35 41 12 19 9 9 9 4 21 1 9 62 6 0 58 17 21 16 29 56 0 16 7 1 35 2 25 38 1 0 5 7 0
13 3 10 74 2 9 25 10 68 40 0 43 21 1 19 9 0 5 6 7 34 66 0 54 18 35 41 0 22 7 40 9 47 15 54 3 22 10 11 10 2 65 5 72 9 5 22 3 9 14 18 19 17 40 14 0 30 15 20 11 29 40 81 25 55 44 28 16 32 4 22 8 19 16 5 3 9 17 67 5 4 5 16 7 3 17 40 0 3 4 1 16 3 28 2 3 3 7 23 14
59 1 6 2 10 4 43 6 30 39 1 42 21 0 20 13 2 15 39 2 73 47 0 30 16 17 73 0 9 19 4 22 73 2 60 18 43 8 2 22 20 61 55 10 10 12 9 0 17 71 6 17 13 51 9 0 40 39 12 66 15 21 56 40 66 21 31 10 29 17 6 49 13 24 1 8 9 17 48 3 3 11 7 33 18 14 93 0 8 12 1 19 1 36 72 1 4 5 11 19
72 4 2 8 6 14 37 10 19 25 24 4 12 1 41 11 3 9 43 8 70 49 0 7 14 55 49 0 23 16 15 9 87 11 70 24 36 1 6 1 32 60 26 21 7 8 30 1 29 59 12 29 30 31 28 0 21 23 9 57 33 23 6 35 5 19 23 16 4 5 1 25 6 25 0 21 9 35 74 4 35 7 8 27 19 15 87 0 19 12 2 37 3 17 26 0 0 8 15 4
4 0 0 51 6 26 17 1 59 5 6 36 6 0 36 11 4 43 46 9 11 31 0 45 5 67 32 0 0 14 21 6 90 26 12 7 38 9 4 34 34 40 44 23 6 5 29 5 12 63 19 29 17 37 2 0 17 20 9 13 0 13 76 53 31 47 17 28 4 13 27 51 7 34 4 18 3 9 44 19 8 43 11 27 10 3 13 0 41 12 0 40 6 54 42 3 2 4 16 11
28 6 5 13 7 4 39 14 14 41 23 26 35 0 7 2 1 46 5 4 61 27 0 49 16 46 58 0 6 20 29 6 58 13 11 11 42 19 4 10 0 45 7 75 10 6 22 7 33 9 8 4 19 56 9 0 13 10 80 9 49 48 24 33 27 35 27 3 39 16 15 59 27 9 10 18 5 23 79 21 37 42 0 41 23 4 91 0 10 30 9 5 6 60 30 2 1 7 12 5
53 0 5 3 12 5 39 1 16 27 5 41 34 0 24 3 4 18 42 1 40 61 0 34 16 71 65 0 13 21 10 21 64 25 20 20 30 0 5 29 36 25 42 40 7 6 21 7 32 13 4 3 69 37 9 0 14 16 56 7 54 18 69 14 56 43 11 38 3 13 23 32 19 4 11 12 14 51 50 12 9 26 3 46 3 2 24 0 30 29 4 31 2 24 14 4 0 5 4 13
41 1 21 59 6 29 18 9 62 30 21 8 8 0 12 6 4 57 16 21 13 46 0 37 17 33 62 0 8 17 31 20 4 19 32 12 49 0 9 37 21 67 53 13 4 2 28 7 11 10 6 26 33 47 4 0 41 43 60 6 1 16 16 13 83 43 5 8 30 7 2 59 6 16 7 9 19 2 58 5 12 15 20 28 17 7 5 0 26 17 5 36 0 28 64 2 2 1 2 5
77 7 9 28 4 7 4 16 35 44 10 11 16 0 36 1 3 12 29 23 31 1 0 38 11 58 52 0 16 6 7 9 36 2 92 11 1 23 1 31 4 24 64 43 8 2 16 6 3 48 4 33 10 17 18 0 43 39 40 21 53 44 46 6 77 2 7 12 42 2 24 6 6 7 11 20 11 25 58 16 66 10 11 24 0 24 47 0 16 2 0 25 0 64 1 3 1 4 21 13
17 0 19 22 4 6 19 20 40 57 1 14 14 0 54 4 0 20 34 4 58 78 0 7 10 81 94 0 16 19 34 24 3 16 53 21 41 3 9 24 9 13 55 58 9 6 15 9 5 13 17 34 37 39 26 0 5 38 3 29 33 21 48 68 78 6 24 36 10 17 41 8 18 40 3 25 3 40 40 11 28 43 3 18 12 6 47 0 28 19 11 26 5 30 12 4 4 3 7 2
31 4 20 53 3 27 41 5 31 18 2 4 16 0 26 1 2 32 6 19 33 15 0 2 23 9 49 0 17 7 36 10 58 17 34 1 37 24 0 13 14 56 57 9 9 1 11 2 14 3 24 11 11 23 20 0 7 20 70 38 34 0 62 16 19 5 21 19 37 0 27 21 26 39 8 20 9 29 28 0 94 27 9 13 19 25 47 0 26 3 3 41 4 14 66 1 1 0 16 12
38 1 1 68 2 32 34 23 68 46 16 39 8 0 19 11 3 35 1 11 49 64 0 56 4 74 28 0 30 3 36 17 28 17 88 10 19 16 10 34 7 42 69 68 1 4 13 1 16 3 14 28 18 5 4 0 22 24 62 21 14 41 54 21 33 40 27 26 6 3 32 24 22 39 0 25 3 17 50 0 58 36 14 34 4 14 1 0 22 27 10 16 0 39 51 3 4 0 19 14
52 3 5 10 5 0 36 10 63 5 30 29 8 0 44 11 0 22 13 14 76 18 0 35 3 35 51 0 28 12 4 13 28 1 31 3 20 19 14 18 19 56 65 58 2 9 33 6 16 21 20 37 43 20 10 0 31 10 7 33 52 40 28 2 42 23 12 35 42 9 17 24 29 12 3 19 22 53 46 18 11 13 8 8 13 4 46 0 47 7 9 32 3 39 44 1 2 7 9 1
12 0 16 10 10 2 15 15 2 13 15 33 29 0 6 5 2 30 25 10 78 6 0 30 21 20 29 0 27 3 49 29 13 19 35 26 45 25 4 33 37 54 1 76 0 9 22 6 13 51 8 8 28 33 4 0 54 46 42 36 41 12 17 24 39 12 13 31 29 14 29 35 8 34 9 25 9 6 14 2 49 34 22 36 8 10 17 0 39 13 1 34 0 15 64 0 0 7 16 10
13 6 0 24 1 28 0 1 15 7 27 41 3 1 2 12 3 39 50 16 3 51 0 49 22 54 46 0 1 18 6 1 78 23 29 13 40 3 12 29 23 75 21 26 11 6 12 7 24 23 20 34 48 1 2 0 14 39 75 37 53 38 25 35 73 29 6 26 24 10 42 47 22 30 6 2 5 7 59 7 3 10 20 11 11 26 2 0 34 6 11 28 5 54 3 3 2 3 11 6
84 2 6 24 3 0 9 3 52 54 18 21 49 1 22 7 4 55 49 22 79 66 0 1 20 39 38 0 13 23 26 4 91 22 28 11 38 17 14 36 26 58 25 73 10 5 30 8 22 53 7 15 67 5 6 0 15 24 44 46 45 31 92 62 54 54 8 1 44 5 11 10 19 12 7 22 19 8 2 2 63 17 10 25 2 14 65 0 2 23 7 9 6 37 28 1 2 0 1 15
24 1 12 16 4 13 39 7 3 52 12 23 50 0 24 12 3 46 22 6 23 49 0 8 4 42 31 0 14 0 24 19 47 16 85 9 35 19 12 0 25 21 67 41 1 6 23 8 10 47 1 3 4 14 18 0 9 20 50 13 45 33 20 10 26 42 28 36 14 15 40 34 11 26 0 21 15 11 3 0 33 24 2 1 8 22 80 0 43 3 3 39 5 3 32 3 0 1 1 3
56 6 9 62 0 4 34 15 59 28 13 41 17 1 24 10 2 45 41 2 28 52 0 8 10 5 9 0 16 26 25 7 29 25 8 19 46 25 11 20 12 1 63 82 8 2 26 7 12 77 12 34 12 60 21 0 27 18 7 4 30 17 68 51 8 4 31 43 11 17 42 69 12 37 1 17 0 42 84 21 52 15 19 45 1 17 63 0 0 26 9 44 3 20 43 2 0 4 10 9
65 4 9 57 12 29 15 3 33 47 14 38 12 0 7 6 2 15 12 25 69 44 0 61 3 1 3 0 22 20 42 21 42 2 14 17 37 11 14 35 36 33 11 20 1 10 20 9 23 86 7 16 63 33 27 0 1 35 72 26 15 32 58 15 45 30 26 23 2 13 38 21 2 27 7 17 3 2 37 2 88 37 2 20 0 24 92 0 46 9 6 2 0 18 59 1 0 1 0 7
37 3 14 69 4 18 17 18 9 21 24 9 13 1 51 3 4 49 26 14 78 13 0 42 6 65 25 0 8 22 20 7 64 19 36 19 18 15 10 5 18 56 25 77 5 13 0 0 34 45 1 16 53 25 23 0 20 51 8 63 56 2 90 38 46 1 19 15 42 5 28 67 8 17 9 12 20 13 28 7 33 36 8 8 5 21 2 0 3 26 4 27 5 65 4 4 0 6 4 15
37 3 0 62 6 32 38 0 1 44 30 24 28 0 41 6 2 52 5 25 74 2 0 12 2 36 26 0 23 2 47 20 61 4 36 1 9 7 10 1 34 51 49 70 9 7 3 8 33 42 29 12 56 53 12 0 45 71 59 55 35 47 66 5 65 24 3 9 30 17 21 26 21 11 9 13 0 27 68 14 81 6 3 5 8 16 18 0 19 13 11 0 7 18 56 0 3 5 0 9
25 2 12 63 12 31 42 21 23 39 19 41 19 0 12 1 4 50 49 5 26 1 0 29 1 45 81 0 0 8 34 23 55 17 31 21 24 16 10 13 4 2 28 69 5 7 6 4 14 17 3 7 70 28 18 0 13 21 6 11 15 18 33 0 76 36 18 40 20 0 32 72 10 31 4 22 20 14 78 16 79 41 10 17 4 14 54 0 5 0 10 36 0 59 3 1 4 6 0 6
67 5 11 6 10 1 20 11 58 20 10 17 35 0 25 6 0 32 42 20 65 88 0 59 24 66 50 0 15 15 13 7 49 19 86 2 2 10 3 32 11 40 18 1 1 11 12 5 24 22 8 22 48 6 7 0 3 76 3 53 52 23 98 12 57 22 3 38 0 4 45 22 12 10 2 14 15 11 46 20 54 31 20 30 0 18 48 0 8 29 0 45 5 44 52 3 3 1 1 7
20 3 13 74 6 20 29 12 14 37 26 11 44 0 3 13 3 53 25 13 83 40 0 15 9 24 3 0 9 1 14 27 81 7 0 22 39 24 9 29 20 48 15 48 11 7 12 5 0 9 20 39 45 11 6 0 56 75 71 22 22 21 69 11 2 37 0 34 28 3 39 14 5 14 10 13 25 16 76 19 87 17 19 3 10 6 50 0 17 15 1 16 2 43 60 4 4 6 9 0
25 1 19 52 0 10 33 2 16 5 21 4 7 0 55 10 1 29 38 2 75 4 0 40 15 21 78 0 22 12 40 8 23 12 3 10 49 16 14 10 21 69 8 49 11 0 11 2 5 31 17 10 21 6 9 0 33 21 48 21 51 33 3 15 3 43 28 17 10 16 36 42 20 33 1 11 25 50 48 3 32 42 21 28 23 2 24 0 8 21 4 16 4 27 70 0 4 4 2 12
58 3 19 44 10 28 32 1 21 6 1 18 50 0 38 10 3 53 34 5 40 65 0 5 7 37 57 0 27 6 37 22 83 17 48 21 33 10 12 34 37 42 43 14 2 11 24 8 28 17 15 23 29 59 0 0 35 35 17 21 30 46 54 19 80 45 8 5 15 2 11 39 6 33 6 2 21 26 20 3 85 3 19 6 2 0 30 0 10 6 4 0 0 7 53 0 0 2 10 15
48 1 19 25 4 25 39 19 65 51 23 18 8 0 36 3 0 7 0 14 25 0 0 1 18 59 77 0 8 13 50 28 11 27 23 5 9 24 1 24 8 30 52 71 11 7 8 2 32 4 21 27 22 3 17 0 8 25 66 11 4 45 87 12 59 13 24 4 27 6 41 8 21 41 5 12 25 14 30 12 62 15 9 17 14 7 26 0 37 4 1 21 6 44 24 3 2 8 17 15
76 5 3 67 12 6 16 25 11 9 2 45 0 1 30 7 1 55 9 2 74 69 0 48 16 49 45 0 5 24 44 2 76 28 71 7 20 2 9 16 9 8 28 6 9 3 10 8 17 72 25 23 36 38 28 0 56 14 69 19 30 44 74 1 25 33 18 5 37 7 34 3 19 11 9 0 21 30 23 10 51 21 7 9 10 16 73 0 10 26 4 24 3 65 45 4 0 8 18 13
23 4 20 2 6 22 13 15 42 51 3 20 44 0 3 6 1 49 37 16 74 59 0 51 2 68 20 0 26 24 32 27 10 22 6 22 37 24 4 15 20 19 27 14 2 10 12 1 31 79 20 37 47 47 14 0 4 57 63 18 38 30 47 45 5 21 31 42 3 17 45 35 18 15 9 15 4 17 24 8 66 34 17 22 22 26 45 0 19 16 2 18 6 8 56 0 4 6 15 15
44 2 20 17 4 0 18 20 28 42 2 43 13 1 3 7 3 54 6 24 81 16 0 8 26 44 45 0 0 9 12 27 17 17 32 28 32 17 2 35 23 56 60 73 5 3 26 6 21 34 27 12 23 36 3 0 36 43 7 18 51 8 69 21 28 22 32 11 6 3 46 34 1 28 9 21 11 23 17 11 87 28 7 15 22 19 21 0 36 20 3 5 0 39 69 4 0 7 22 12
30 6 5 57 3 0 16 10 68 26 2 18 26 1 31 0 1 67 34 21 31 16 0 56 28 35 16 0 9 8 47 5 8 16 50 14 39 5 9 10 31 68 22 26 7 13 24 9 3 70 18 17 46 31 27 0 51 62 29 53 8 18 38 59 56 20 14 12 23 9 46 0 3 1 8 9 5 33 84 14 19 12 4 11 12 24 89 0 45 19 5 17 6 64 5 2 3 1 10 5
79 1 2 5 7 26 2 19 11 36 23 40 20 0 50 1 0 15 0 12 21 51 0 36 24 5 37 0 1 3 38 2 41 9 49 5 43 23 9 9 13 39 8 65 1 0 19 3 16 13 22 0 20 33 12 0 18 57 57 19 3 29 83 30 4 27 28 28 7 6 5 7 2 1 11 20 22 23 38 4 38 50 22 22 16 25 44 0 41 18 8 9 6 69 7 2 0 8 16 5
68 7 6 13 5 24 10 16 22 10 21 40 31 0 18 5 1 15 42 24 25 55 0 42 21 69 81 0 19 12 21 14 93 11 59 9 33 26 3 8 7 36 52 61 9 8 21 0 14 36 2 30 18 43 12 0 23 36 27 62 57 23 13 25 58 42 20 18 35 3 23 60 26 38 10 21 15 20 40 9 45 16 16 46 19 28 74 0 37 7 0 42 0 48 1 2 2 8 7 8
16 5 1 72 7 19 25 3 36 59 6 26 23 0 5 0 0 5 14 23 43 6 0 48 27 44 54 0 14 3 39 27 81 14 26 4 5 13 10 8 36 12 10 5 10 10 1 7 9 29 1 25 1 12 14 0 10 57 48 55 20 43 60 21 76 35 4 41 29 8 6 0 22 2 9 13 7 11 65 16 65 44 1 15 1 25 27 0 42 21 4 21 5 24 7 3 0 8 16 13
38 0 0 20 0 4 34 25 45 27 3 2 38 0 55 12 3 21 19 24 53 5 0 14 19 0 62 0 2 2 44 26 5 22 43 11 2 20 8 17 0 73 11 78 9 1 8 9 29 5 15 37 49 29 17 0 21 53 61 25 21 19 83 27 58 6 6 9 14 0 37 61 23 23 10 20 0 54 60 10 4 3 0 22 20 24 65 0 32 4 4 0 3 50 24 4 0 0 12 1
10 7 3 62 3 4 36 0 1 28 20 0 43 1 41 6 3 43 45 12 9 51 0 3 15 54 85 0 19 8 17 20 88 23 61 20 38 3 6 30 6 62 14 41 2 14 32 4 20 0 0 14 51 40 9 0 44 52 18 57 52 16 77 51 37 10 1 21 45 7 39 1 20 31 4 2 2 10 74 0 38 10 18 0 23 26 74 0 17 10 7 15 6 27 40 1 1 5 12 2
50 6 6 30 10 18 15 16 11 23 4 21 21 0 32 6 3 14 32 2 0 21 0 26 0 46 71 0 1 12 13 7 42 9 71 16 30 20 6 17 31 29 59 36 10 9 27 8 24 50 15 8 9 22 16 0 37 22 57 10 46 13 47 36 50 6 26 3 41 1 40 61 28 19 11 18 15 9 32 19 30 7 21 43 5 21 23 0 2 4 8 16 7 20 14 0 0 0 0 0
80 0 16 65 10 28 24 19 15 36 4 17 6 1 14 6 3 5 46 9 20 82 0 48 5 45 52 0 24 6 31 15 0 4 19 8 26 12 13 33 20 4 68 80 3 1 11 1 10 15 16 15 19 9 1 0 47 5 76 30 56 47 31 9 48 26 32 8 5 7 37 32 6 12 2 0 1 12 87 1 15 20 15 16 22 30 37 0 47 11 5 28 5 9 58 2 3 3 21 0
59 4 3 0 13 29 35 11 32 3 2 13 44 1 0 12 4 70 19 9 9 39 0 18 4 36 12 0 17 23 21 3 79 17 79 14 43 13 10 23 21 1 20 48 7 11 6 2 19 35 3 12 8 4 5 0 7 44 82 59 43 5 7 32 13 0 23 4 39 12 1 45 11 40 7 17 3 38 72 12 95 8 6 25 15 0 83 0 33 0 2 37 2 21 54 3 4 7 3 17
76 3 16 75 10 27 22 18 57 8 29 43 4 1 36 10 4 15 12 9 27 11 0 52 7 74 62 0 6 1 21 13 38 2 10 6 48 22 10 5 10 31 23 43 9 5 18 8 27 7 25 29 68 36 14 0 29 35 36 59 19 46 63 2 50 1 31 17 39 17 49 10 28 8 0 23 21 53 50 4 76 51 1 4 23 15 3 0 16 20 7 25 2 39 46 0 4 8 13 11
81 5 16 14 0 3 7 15 54 12 2 38 32 0 0 13 2 19 12 19 46 75 0 29 4 66 68 0 0 12 0 23 2 7 93 15 10 20 3 35 21 61 2 17 6 10 12 3 5 45 16 19 13 48 21 0 5 43 15 12 53 49 17 18 8 34 11 29 7 5 31 56 22 1 3 1 21 36 61 6 31 47 5 27 13 9 59 0 40 3 6 37 1 39 49 1 4 4 12 6
68 3 7 66 6 18 40 3 30 49 16 41 34 1 13 10 3 28 25 21 76 82 0 4 7 17 54 0 0 1 23 24 78 6 78 25 5 19 1 17 27 54 11 31 11 0 5 4 0 80 28 29 48 15 1 0 14 72 32 21 10 26 87 30 73 21 17 37 29 6 20 12 29 13 4 7 1 38 12 22 55 27 5 9 16 24 38 0 37 1 3 31 6 19 34 0 4 3 3 5
75 1 8 52 12 22 3 3 5 42 25 42 17 0 28 10 0 22 42 11 54 80 0 25 8 58 80 0 17 19 22 7 54 24 87 1 41 2 12 28 0 64 55 53 6 0 0 3 35 44 26 9 58 59 5 0 3 9 56 10 31 4 77 10 83 38 11 40 29 16 15 67 19 2 11 4 15 15 75 5 80 33 8 19 12 8 2 0 12 19 11 27 4 21 49 0 3 8 3 18
6 3 10 43 11 23 35 14 10 45 13 37 21 1 23 8 2 35 38 4 76 36 0 52 17 75 77 0 18 13 2 10 13 2 95 14 43 4 14 33 10 53 21 23 11 10 8 1 6 3 19 34 38 60 11 0 21 9 34 42 49 27 14 61 75 44 5 3 4 12 27 54 15 30 8 7 9 6 21 23 61 50 14 45 12 19 42 0 16 19 11 27 7 27 0 4 2 4 0 4
11 0 7 44 8 31 27 6 9 50 7 31 7 0 5 11 3 65 33 21 25 62 0 12 5 65 58 0 13 3 47 6 87 22 37 24 35 1 0 15 26 49 61 52 6 10 32 7 14 9 21 24 50 0 27 0 55 57 6 36 25 22 59 46 10 21 4 34 17 5 15 38 9 6 9 16 15 31 24 19 26 52 12 26 11 2 72 0 2 4 5 4 3 40 6 3 0 7 19 17
46 6 0 6 7 27 7 19 24 35 9 42 31 1 39 7 4 67 43 8 23 70 0 17 13 9 28 0 5 19 10 7 48 19 78 16 24 1 10 5 31 37 17 11 1 13 30 5 3 16 7 1 43 21 12 0 52 21 83 7 2 37 63 21 12 1 32 34 3 8 41 5 28 40 0 4 25 40 80 1 12 44 15 21 10 16 24 0 47 23 8 37 4 64 8 3 1 5 2 14
50 7 12 27 4 28 25 1 35 27 5 24 38 0 17 5 4 43 41 0 25 26 0 27 13 4 5 0 13 5 9 0 70 16 80 10 30 7 8 26 18 14 12 3 4 11 3 3 1 89 25 25 48 56 10 0 17 38 4 14 8 35 81 40 33 37 4 8 33 6 49 23 1 22 4 1 19 10 53 4 86 3 6 11 7 14 77 0 39 19 6 12 4 29 66 0 3 1 10 15
28 6 17 66 4 0 10 11 40 41 26 33 4 1 18 6 1 50 15 24 17 32 0 33 27 24 32 0 1 5 19 21 9 20 32 17 38 24 2 19 16 28 68 49 3 8 27 3 4 88 5 30 54 50 13 0 21 67 42 60 21 44 71 57 65 42 14 1 27 9 22 50 27 26 4 21 25 2 87 8 31 1 18 19 18 19 75 0 34 27 4 44 3 69 68 3 2 4 4 14
21 5 1 30 0 18 9 9 29 33 5 20 38 1 33 3 1 36 13 1 81 45 0 58 17 57 57 0 29 23 44 12 39 28 21 28 4 7 7 31 18 1 60 10 2 4 5 0 1 41 3 38 5 23 15 0 46 71 53 14 10 32 35 1 66 37 29 4 38 3 5 18 21 41 5 20 13 12 11 12 33 40 7 40 0 26 20 0 7 2 5 44 3 28 26 2 2 4 5 10
41 4 17 45 8 19 10 2 42 59 2 1 14 1 18 5 2 31 48 17 7 62 0 45 18 66 56 0 20 2 10 4 44 21 51 15 1 12 11 39 11 30 12 18 11 3 4 2 0 3 22 40 70 57 10 0 7 58 24 30 39 6 22 3 71 52 21 11 34 12 23 38 2 31 7 18 17 24 9 22 37 17 16 4 21 17 56 0 20 10 1 36 4 54 57 1 0 2 7 16
45 5 16 23 4 27 6 24 25 35 2 21 18 1 12 12 3 67 15 16 9 81 0 56 27 76 54 0 13 14 39 13 91 10 89 0 40 17 7 18 21 57 47 58 7 2 27 1 3 6 20 20 52 34 12 0 20 42 76 61 4 16 12 63 80 40 12 37 6 4 22 4 10 25 3 23 10 39 17 3 43 13 16 4 19 23 31 0 24 17 7 38 0 34 25 3 1 6 9 10
1 4 15 48 11 22 23 3 46 39 17 11 21 0 15 7 3 51 39 7 10 86 0 35 22 9 79 0 5 10 19 3 8 21 41 26 27 11 8 34 17 51 56 52 0 2 4 7 19 28 10 31 18 30 5 0 12 49 0 34 20 32 93 3 76 45 11 19 1 1 25 56 8 3 7 4 14 3 43 1 92 32 5 15 7 10 48 0 13 17 6 5 7 10 72 3 1 6 23 7
75 6 1 46 1 7 25 16 28 15 23 26 22 1 14 2 0 16 16 17 27 10 0 6 10 70 8 0 8 9 11 5 92 1 55 8 36 15 7 23 30 50 40 26 2 12 8 1 4 65 12 12 71 44 17 0 35 61 10 69 32 8 69 23 75 0 15 16 18 3 30 37 2 13 2 8 9 10 22 20 67 31 18 28 8 8 63 0 36 11 2 41 5 28 13 0 2 3 20 9
26 4 13 4 11 31 2 4 28 6 0 17 50 0 55 10 4 39 22 15 44 40 0 31 9 8 51 0 3 8 18 26 77 8 63 10 47 11 12 31 19 63 36 31 10 5 22 8 13 15 4 27 2 25 18 0 16 54 69 11 44 1 87 25 23 10 26 8 19 17 25 14 6 7 2 24 5 22 32 23 17 34 19 6 8 9 13 0 39 16 10 24 6 54 16 3 4 8 23 13
71 4 10 73 8 25 9 24 23 40 3 24 40 1 24 7 2 12 23 15 42 58 0 29 3 58 31 0 24 16 35 4 69 17 46 23 29 15 9 30 33 22 8 80 5 0 0 2 24 39 14 9 2 25 6 0 51 36 49 31 51 13 65 33 43 51 17 37 22 16 27 73 27 22 4 1 26 45 77 1 15 44 8 9 4 29 19 0 29 14 2 14 6 49 21 3 2 3 7 12
60 0 2 20 11 2 7 16 7 5 28 45 0 1 46 8 4 46 45 13 50 89 0 41 28 13 94 0 7 24 3 6 14 27 68 5 21 25 11 37 14 69 37 51 7 6 21 8 4 31 29 11 19 28 27 0 20 69 39 5 19 10 5 46 50 42 3 19 2 4 8 65 12 0 4 6 18 17 8 10 37 19 16 37 7 29 90 0 4 6 4 39 7 40 47 2 0 8 23 12
35 1 10 23 10 19 14 21 28 21 8 43 21 1 54 3 1 30 30 4 46 3 0 52 22 72 20 0 28 19 42 28 4 22 68 25 11 24 4 24 13 74 10 45 11 1 14 6 35 2 12 5 34 14 25 0 55 48 2 50 30 13 59 2 79 21 9 8 21 3 35 0 22 35 9 6 1 12 19 8 40 59 16 16 7 27 49 0 38 18 2 17 6 52 37 4 1 1 19 9
47 3 20 13 1 10 26 1 44 47 18 26 15 0 25 1 4 26 12 9 53 31 0 60 10 54 41 0 0 16 46 24 72 7 74 23 20 22 11 13 15 69 27 1 11 8 25 7 33 19 20 38 67 50 15 0 0 27 70 29 14 17 79 31 20 42 14 7 3 5 6 43 0 4 11 17 13 42 85 21 46 41 17 40 3 19 10 0 29 19 2 25 2 12 10 0 0 8 9 11
42 3 13 69 4 1 2 21 25 57 12 14 46 1 42 2 1 3 29 18 79 21 0 38 16 68 89 0 4 26 16 11 31 25 35 16 38 0 12 10 35 60 0 62 0 9 32 8 14 52 22 11 9 44 23 0 22 72 0 31 48 12 26 10 55 55 26 10 10 1 49 58 26 4 4 3 8 39 5 17 6 13 21 18 15 1 58 0 33 23 6 0 2 46 52 3 0 7 21 19
33 2 16 18 6 30 9 16 19 23 12 44 24 1 22 1 1 20 20 9 17 54 0 10 20 38 54 0 17 24 19 21 62 16 45 5 34 6 1 31 16 49 2 76 1 10 27 1 34 51 18 25 27 5 19 0 47 58 46 57 56 17 21 3 43 30 0 30 0 5 21 63 12 23 11 20 5 42 82 3 37 34 6 6 8 30 70 0 22 15 1 30 2 19 50 4 1 6 1 7
