100 100
35 25 86 24 25 48 51 62 65 35 41 59 43 95 79 99 98 85 81 84 67 81 92 97 54 93 98 2 50 74 14 41 43 39 21 11 67 97 93 52 35 14 55 82 23 5 44 18 68 52 32 51 65 26 92 13 89 19 83 0 46 69 70 99 34 19 83 93 41 17 58 41 47 38 50 71 56 72 1 98 24 24 59 76 3 50 59 14 24 63 29 57 64 39 44 19 0 47 80 3
21 15 33 12 25 25 20 59 16 0 37 2 25 5 59 34 1 23 16 83 60 51 45 25 17 3 32 2 41 43 11 39 37 0 9 0 44 4 72 31 34 12 21 16 17 3 43 0 0 32 27 48 30 18 37 12 52 8 19 0 44 52 63 98 26 0 47 62 1 11 25 39 47 6 30 71 9 8 0 49 15 17 5 64 1 1 50 3 13 0 4 42 11 19 43 10 0 34 73 3
9 19 13 14 21 35 25 16 38 1 6 58 8 47 35 12 37 37 20 41 64 50 51 16 38 75 43 2 8 39 11 25 23 15 10 8 55 66 88 3 21 1 52 53 1 3 23 17 10 9 26 32 43 10 87 6 19 2 19 0 37 4 41 72 19 6 77 41 6 2 37 4 37 16 38 66 8 2 0 45 5 1 7 11 3 34 15 11 7 11 0 45 37 3 14 7 0 32 25 3
8 11 8 2 12 19 3 5 43 35 36 26 30 47 40 84 64 77 69 4 16 4 7 32 53 72 22 2 4 13 2 23 36 35 12 2 4 45 54 8 35 9 1 36 17 1 17 9 58 11 30 32 43 2 35 9 36 11 52 0 22 29 56 90 8 0 2 29 2 0 1 13 31 28 15 36 35 2 1 43 2 13 48 23 2 30 55 3 3 27 27 26 49 17 32 14 0 16 59 3
18 0 28 3 4 14 27 2 26 26 29 59 36 14 51 93 28 33 47 18 62 42 43 74 13 22 66 0 21 5 4 20 28 6 10 0 40 0 11 4 27 8 29 9 14 2 17 4 15 12 24 11 40 20 47 0 7 9 72 0 29 52 41 56 0 12 63 64 11 5 38 33 12 22 25 24 5 63 0 83 21 1 21 64 3 16 15 7 6 55 10 26 42 32 9 13 0 13 6 3
21 15 64 17 6 46 0 32 23 34 8 12 6 49 40 68 23 55 78 6 33 76 25 72 31 85 97 2 11 7 13 33 41 35 13 8 20 73 35 29 10 8 25 34 21 1 27 10 10 12 17 48 5 18 17 5 35 5 2 0 1 45 10 49 31 15 29 14 5 17 5 16 25 35 41 14 10 69 0 76 22 8 11 2 2 2 23 13 11 41 6 48 49 8 10 15 0 17 65 3
2 10 20 18 9 6 15 21 1 10 26 2 37 73 71 51 22 84 27 30 32 72 91 49 34 71 23 0 42 64 8 16 36 19 8 5 22 45 78 47 7 11 43 53 16 3 25 7 6 41 11 34 38 18 77 6 51 10 63 0 20 8 2 93 29 12 33 75 12 12 23 39 36 35 41 9 14 38 0 90 3 18 40 41 0 27 36 10 11 6 16 5 19 37 4 13 0 1 7 0
8 13 45 19 14 37 9 26 16 13 37 16 10 25 51 96 4 76 19 62 32 15 87 19 40 30 64 0 30 19 2 39 3 10 2 4 52 69 0 21 6 14 18 37 14 3 3 15 32 21 20 8 50 13 3 13 69 2 67 0 27 11 14 66 12 16 9 64 40 14 43 26 12 32 30 28 12 28 0 94 13 9 8 59 2 30 14 5 19 33 18 30 35 17 28 18 0 9 7 0
31 17 10 8 25 43 38 33 31 19 30 8 21 63 0 35 30 14 19 0 38 46 77 80 3 40 23 2 4 38 3 15 31 26 12 10 2 42 8 9 6 9 8 61 0 0 12 2 62 4 32 27 45 4 11 11 35 13 69 0 11 64 32 30 9 3 55 55 7 13 31 40 24 38 46 28 32 61 1 53 15 23 13 75 0 2 42 11 19 50 5 20 49 6 41 10 0 23 25 0
31 20 12 18 25 6 19 37 2 23 36 1 10 86 21 32 95 4 78 83 23 64 54 30 38 80 19 0 9 71 12 18 20 9 18 3 45 59 54 38 14 5 51 4 16 4 19 1 67 12 19 34 54 5 81 7 80 3 59 0 34 24 37 8 25 15 29 8 24 2 23 27 10 12 27 35 5 54 1 63 18 0 41 76 3 32 44 7 14 2 16 40 59 16 40 0 0 47 9 3
10 24 26 16 18 8 40 5 21 16 9 0 5 18 76 31 60 26 4 58 8 48 24 66 39 16 68 1 49 1 7 26 1 10 16 1 67 72 84 18 7 10 29 13 6 3 4 1 26 0 4 22 24 23 37 1 39 4 28 0 32 4 68 89 31 1 64 51 0 3 39 1 23 21 33 24 36 27 1 46 13 0 25 12 2 4 36 9 8 45 22 5 58 6 5 0 0 30 78 2
2 6 18 13 14 25 2 10 23 21 15 6 26 7 29 41 26 12 57 9 30 42 16 55 46 78 24 1 48 31 11 3 2 15 17 9 1 9 72 32 1 2 45 68 23 4 41 8 34 13 10 45 22 2 30 4 30 11 69 0 21 23 13 32 24 13 16 76 13 16 25 16 42 33 28 50 24 71 0 66 10 19 18 43 2 12 2 4 13 7 14 5 32 18 3 13 0 8 9 0
20 16 11 1 7 20 22 9 38 32 3 58 18 5 16 91 2 62 11 40 27 33 59 3 18 67 71 2 12 66 2 0 2 4 14 11 27 89 83 30 30 6 52 54 7 3 2 4 19 36 13 18 27 13 88 13 53 17 26 0 34 51 5 6 16 18 18 89 37 4 35 21 8 26 27 43 18 37 1 87 0 13 30 66 0 37 33 6 8 62 23 13 59 32 39 16 0 16 44 2
14 7 24 6 4 13 24 62 59 11 20 6 15 27 76 74 9 49 79 82 39 47 87 14 40 29 9 2 27 49 4 25 7 10 13 11 48 9 3 18 12 5 25 78 17 5 13 11 41 23 14 7 13 21 33 9 50 15 50 0 4 37 39 23 26 9 54 47 3 3 19 36 20 23 29 33 39 4 0 13 3 14 57 47 0 45 0 12 8 52 25 50 39 25 4 8 0 2 1 2
28 18 47 20 22 38 2 51 55 30 14 7 16 70 64 50 46 12 7 13 6 58 48 54 10 18 10 2 1 2 12 37 5 11 18 11 32 66 20 36 7 13 1 74 11 2 43 14 22 52 31 19 33 9 51 2 4 10 58 0 31 0 7 70 15 3 75 64 41 2 0 39 12 38 38 5 15 72 1 55 14 6 0 36 1 40 53 8 21 63 27 34 55 11 41 15 0 21 78 2
2 11 20 0 7 13 45 33 63 29 7 45 15 8 49 99 41 6 81 45 41 19 73 56 52 68 39 1 19 39 5 31 30 24 7 1 29 65 65 47 18 1 32 44 11 1 38 14 68 40 28 38 28 5 3 0 56 9 6 0 18 63 63 55 17 13 22 18 36 1 13 36 24 33 14 46 13 69 1 9 5 24 19 63 2 38 57 7 3 13 3 26 29 17 29 3 0 10 27 2
9 11 76 24 13 33 20 19 60 17 13 1 14 38 55 9 52 27 67 20 10 23 69 76 25 52 57 0 18 73 1 15 39 4 8 7 63 8 57 5 3 9 25 75 3 4 43 11 64 20 22 33 11 18 70 9 6 11 7 0 32 22 33 27 16 15 54 49 10 5 11 15 5 17 38 42 11 42 1 90 1 1 5 46 3 49 48 0 11 56 26 23 4 36 22 13 0 11 67 2
13 1 72 23 25 41 21 37 10 24 21 53 6 26 49 15 26 80 49 43 27 24 15 4 27 69 54 1 31 17 3 14 10 8 8 6 36 74 6 5 13 9 8 66 16 0 7 7 55 29 19 46 3 6 19 7 49 3 16 0 31 22 58 82 26 2 12 33 0 6 5 8 45 22 26 33 31 29 0 29 7 1 6 48 0 36 0 6 0 59 13 2 0 38 8 9 0 8 2 1
17 8 45 13 2 19 49 27 45 29 29 38 41 24 8 4 96 4 77 25 14 23 34 74 21 8 61 1 25 4 13 32 35 19 10 9 15 5 83 51 26 0 27 48 4 1 40 12 36 19 6 12 43 23 37 0 66 16 36 0 29 8 2 60 3 12 1 63 3 12 45 38 27 26 30 9 31 42 1 4 8 13 53 14 1 34 41 14 8 26 17 20 0 15 17 9 0 6 66 1
13 8 11 15 9 43 36 13 23 14 13 53 17 48 46 89 79 14 40 32 50 66 89 25 45 83 0 0 37 25 5 39 21 11 10 10 44 31 88 20 4 1 54 16 14 2 10 15 8 14 6 19 4 26 46 7 50 19 45 0 8 59 6 28 32 14 25 41 15 12 57 23 39 6 12 0 26 8 1 92 21 12 26 33 3 41 10 2 17 28 7 22 12 0 31 4 0 19 12 3
7 7 83 11 5 48 29 12 35 9 31 18 24 19 79 51 67 19 65 84 13 61 20 6 52 83 2 0 36 68 1 20 3 38 2 5 4 24 80 15 33 14 3 7 17 4 9 5 54 21 5 45 63 8 11 11 22 7 49 0 30 13 66 28 28 10 43 31 24 14 32 4 32 36 39 36 49 9 0 15 12 5 59 75 3 22 57 13 5 55 27 42 22 25 22 4 0 8 26 0
15 15 28 9 11 1 26 56 11 1 3 1 35 80 72 91 19 51 68 34 9 67 6 70 14 14 44 0 16 23 3 41 25 6 8 10 22 40 0 23 19 0 50 37 13 3 22 13 24 29 32 18 1 4 39 10 34 14 36 0 41 34 33 19 16 13 16 92 4 2 56 37 46 22 13 13 9 37 0 91 5 22 11 35 3 9 45 8 12 37 1 20 56 23 14 4 0 34 80 2
17 2 53 23 18 46 36 39 65 8 25 40 38 5 43 24 94 18 48 31 8 38 58 36 37 78 17 0 20 52 11 17 16 3 1 10 19 15 18 35 7 10 30 63 16 2 4 12 48 13 30 27 56 15 69 3 39 13 59 0 0 51 27 89 33 2 5 43 26 4 24 18 8 34 31 18 22 31 0 71 13 4 14 39 0 31 11 8 3 58 15 51 8 7 34 13 0 42 76 3
33 1 79 19 14 0 41 47 22 34 38 25 41 70 33 46 7 33 16 61 32 57 90 7 32 55 90 0 31 56 9 0 23 0 21 9 47 78 21 24 1 6 54 66 5 5 24 0 31 11 29 23 12 23 39 9 65 2 18 0 32 9 58 31 31 6 65 27 6 8 3 27 24 3 41 14 19 10 1 64 6 24 54 58 2 12 19 11 14 46 25 53 6 8 7 0 0 7 58 2
33 3 4 1 12 36 9 51 11 9 18 54 14 62 19 92 54 64 8 33 23 60 86 9 23 84 95 1 38 14 11 6 19 28 20 11 59 66 77 6 10 14 22 13 1 2 3 0 57 51 28 45 21 9 25 7 3 6 14 0 40 59 69 0 34 8 33 42 32 9 18 33 33 2 36 56 43 63 1 45 17 9 32 9 3 44 50 5 8 2 24 7 28 36 43 10 0 8 44 2
7 18 53 6 7 38 22 14 18 27 18 12 37 38 17 57 51 85 66 19 24 36 69 65 16 1 16 2 38 10 0 3 12 5 1 11 16 25 7 46 30 7 52 50 10 2 29 8 7 37 3 26 29 16 16 13 22 2 46 0 19 55 2 17 30 18 2 7 23 4 36 39 3 10 16 2 15 60 0 56 11 13 36 6 2 46 27 8 9 41 27 55 14 37 20 0 0 3 49 0
32 15 66 24 0 45 36 17 0 16 23 53 29 69 75 71 95 85 70 47 38 46 46 37 20 43 98 1 32 31 4 34 6 7 12 10 48 92 3 40 27 5 3 54 22 2 38 16 57 8 31 18 52 13 32 0 85 14 72 0 12 40 20 86 4 7 10 49 9 11 52 4 40 4 31 62 10 51 0 40 22 22 39 56 2 36 24 0 14 29 5 56 5 2 17 10 0 0 7 1
26 19 69 6 3 46 22 43 54 21 35 34 6 83 66 34 92 56 61 54 24 51 56 61 9 76 23 0 3 52 9 2 0 19 6 7 41 62 23 29 18 9 7 15 6 3 11 4 46 1 24 13 34 10 15 8 52 14 83 0 34 26 14 81 32 6 35 85 41 13 31 6 19 31 37 43 47 16 1 56 8 24 47 13 2 42 16 9 13 30 15 32 12 9 25 12 0 42 58 1
28 23 56 20 17 47 9 38 37 7 5 14 21 32 17 92 51 35 78 83 16 68 45 39 2 27 41 2 10 62 6 11 36 39 3 8 33 49 34 18 23 8 26 35 22 0 25 14 67 50 4 43 64 1 59 10 39 14 21 0 43 47 27 76 2 5 32 32 9 7 10 1 32 33 16 34 36 45 0 79 10 8 53 13 0 39 46 12 13 15 18 46 25 11 39 7 0 22 63 2
0 11 15 4 6 45 5 47 59 9 7 30 43 26 78 28 41 2 23 0 60 30 12 18 14 1 81 1 11 33 3 13 27 9 20 7 39 50 39 42 2 0 4 5 22 2 18 14 48 23 9 32 53 10 75 12 64 14 12 0 23 3 45 10 27 2 15 33 3 10 32 34 38 29 17 0 50 43 0 65 1 18 28 36 2 9 17 14 12 58 23 12 9 32 15 5 0 45 23 1
20 4 33 1 9 22 24 13 46 15 40 12 43 84 70 18 91 14 56 18 41 35 52 36 54 41 60 0 8 11 13 37 21 37 0 4 17 30 21 40 27 2 20 18 8 4 41 13 36 42 5 5 7 2 14 1 36 1 22 0 10 30 59 71 10 19 8 73 0 12 17 30 45 1 0 19 53 38 1 8 15 8 20 14 1 37 45 9 7 14 20 22 54 27 36 17 0 9 80 3
12 15 68 13 5 29 26 26 11 4 33 54 16 29 67 0 6 38 3 12 11 59 48 49 16 75 25 2 25 64 2 18 28 31 9 7 38 97 74 17 32 2 19 72 18 3 10 10 19 21 31 46 55 19 3 13 85 9 18 0 31 67 52 54 26 7 63 70 19 11 32 26 16 16 23 58 43 71 1 17 0 12 29 45 2 4 57 6 4 2 12 39 19 32 0 9 0 32 49 3
3 14 73 9 0 10 41 51 13 2 0 52 39 35 42 91 10 32 33 61 15 62 72 44 0 14 84 0 18 45 14 5 21 35 13 4 36 11 50 18 26 4 55 81 7 0 38 5 61 46 20 47 4 23 30 10 38 10 15 0 17 60 11 70 7 11 78 45 33 1 17 38 26 1 35 21 8 72 1 3 7 10 6 16 1 42 6 4 7 62 24 38 32 39 43 3 0 39 37 0
18 20 26 4 25 16 21 3 61 3 27 24 26 15 57 76 39 72 61 25 16 65 64 25 54 19 57 1 1 10 3 31 31 19 8 9 46 93 21 50 4 13 41 31 1 4 10 18 39 49 32 32 0 4 19 7 10 2 2 0 39 12 28 16 21 19 43 86 7 12 2 40 14 13 2 69 19 11 1 51 18 4 31 59 2 36 44 10 23 56 16 52 35 36 39 1 0 44 4 2
4 16 67 11 2 38 23 2 10 11 35 34 12 37 21 54 36 52 49 2 29 16 55 23 6 87 16 0 27 36 1 12 23 17 19 10 42 23 24 16 34 14 41 53 18 2 5 0 38 47 6 51 18 16 72 10 63 16 72 0 46 25 41 39 10 5 51 75 25 5 58 22 8 0 15 57 7 58 1 7 18 18 40 7 2 40 28 1 8 7 3 47 12 1 25 15 0 15 10 1
33 19 82 22 6 44 12 12 19 32 21 11 43 53 74 36 55 4 77 36 46 45 4 73 6 28 16 1 26 55 12 17 33 22 14 8 31 36 5 26 25 7 52 26 9 4 44 7 18 29 11 15 11 10 74 11 6 17 12 0 43 52 46 50 15 12 4 75 4 14 35 26 21 1 33 9 29 37 0 82 13 8 9 46 1 31 24 12 23 19 6 49 32 2 22 14 0 13 0 2
15 20 43 7 1 17 1 52 3 2 11 2 43 44 61 84 26 2 0 78 31 11 16 62 15 50 57 0 6 12 9 29 14 11 7 4 7 58 37 4 9 7 50 2 2 1 5 12 3 37 25 39 44 17 59 8 7 1 0 0 21 24 12 50 26 12 13 31 12 13 55 32 24 15 4 55 51 10 0 21 19 15 1 14 1 50 47 7 6 57 26 1 39 9 23 4 0 42 37 2
12 25 85 9 3 17 26 43 19 28 38 32 24 85 19 89 8 67 77 13 62 55 6 77 26 86 78 1 17 8 6 25 30 9 11 9 63 61 79 12 15 8 50 47 10 2 2 13 45 50 2 49 28 4 31 9 7 2 4 0 28 16 0 86 22 7 57 48 41 4 4 5 45 19 46 50 55 13 0 25 23 2 55 57 1 18 45 10 20 35 23 56 57 28 26 1 0 6 12 0
29 23 76 21 21 32 38 24 9 23 38 26 36 62 24 93 9 44 62 51 37 65 12 15 17 34 84 2 49 38 6 1 7 29 15 6 28 62 91 15 33 12 27 19 13 0 20 11 62 37 30 30 17 21 62 4 88 9 75 0 1 35 7 49 29 5 78 4 26 5 51 12 15 3 44 40 20 20 1 27 9 24 56 6 0 25 40 7 14 58 9 36 21 3 32 14 0 33 57 3
33 0 9 19 6 36 34 10 40 32 36 7 26 3 19 19 12 18 46 54 46 61 15 91 13 84 84 2 30 27 1 3 18 0 2 1 21 68 12 1 8 6 55 73 4 4 20 16 49 24 26 13 13 10 51 10 57 19 81 0 7 46 44 11 15 0 40 75 13 2 47 35 7 22 40 66 35 71 1 85 4 10 7 46 3 44 31 8 13 5 27 44 17 21 9 2 0 20 8 0
26 13 24 17 2 24 23 50 53 11 13 50 34 58 38 84 65 63 1 65 40 21 9 4 22 3 42 2 44 3 14 13 15 1 20 6 9 55 41 7 35 14 42 8 0 4 43 1 21 11 15 9 22 6 79 0 37 13 7 0 4 61 24 63 10 8 21 65 10 17 25 10 29 25 7 45 22 10 0 4 14 15 5 58 3 46 58 0 11 4 20 12 25 12 35 5 0 22 71 0
29 12 81 13 9 44 19 59 4 22 21 10 12 4 2 88 76 78 69 81 41 75 78 63 42 50 36 2 33 13 2 24 38 19 17 0 3 30 63 21 7 9 2 62 0 3 14 3 2 4 31 40 6 24 15 13 57 10 14 0 41 33 58 95 13 8 66 87 27 16 4 1 23 5 16 8 30 57 0 98 15 11 56 15 3 32 35 9 21 53 28 11 36 19 41 8 0 2 31 0
1 25 26 24 19 22 3 24 62 2 29 33 36 57 23 56 34 14 55 61 51 45 86 88 6 47 33 0 17 74 8 12 28 37 2 9 16 72 83 45 16 12 9 55 22 0 16 18 62 29 6 2 54 8 85 2 76 5 71 0 7 40 61 13 18 13 77 84 31 9 49 17 27 3 45 59 26 48 1 43 15 16 6 58 1 16 0 6 11 45 8 41 33 39 38 9 0 0 71 2
21 9 8 2 13 2 22 12 63 18 39 26 14 80 26 90 70 61 17 10 65 22 30 94 5 18 78 1 2 14 12 11 12 16 20 0 60 90 21 19 33 12 42 7 6 2 21 13 62 2 17 44 43 0 76 2 15 4 69 0 36 43 24 23 34 6 51 52 1 3 54 19 38 26 44 59 11 49 0 3 21 4 42 70 2 47 9 9 24 46 10 18 17 17 26 7 0 27 21 3
31 8 67 8 11 38 10 36 33 23 27 58 21 27 44 91 72 62 79 8 16 52 37 81 10 62 6 0 13 48 11 4 2 35 10 1 62 58 48 44 26 0 14 68 17 4 30 17 38 39 1 10 52 8 89 1 56 15 29 0 22 58 67 28 28 0 14 25 1 14 56 37 28 37 32 46 45 23 0 18 13 12 28 25 3 39 52 4 23 58 20 7 60 4 32 4 0 21 36 1
14 0 85 21 8 16 18 41 2 17 31 49 16 62 10 99 66 48 17 25 62 37 89 31 22 0 54 0 2 73 10 32 33 30 19 1 47 93 88 0 0 5 49 5 12 1 44 5 54 5 14 8 20 4 84 11 37 2 28 0 40 26 48 94 17 19 58 72 38 6 26 18 24 21 7 68 32 46 0 23 23 23 36 54 0 30 46 9 1 11 7 23 50 38 17 6 0 24 71 3
9 13 12 13 12 48 26 4 57 19 16 24 5 46 4 29 50 33 14 70 10 45 56 8 42 68 82 1 15 8 13 27 14 11 17 1 31 47 26 28 10 6 33 82 3 0 43 16 68 46 27 12 29 21 54 2 52 5 80 0 36 18 61 56 0 11 36 4 12 12 0 12 4 36 26 14 56 46 1 98 0 14 35 56 3 46 12 4 24 13 11 53 34 13 27 8 0 36 26 1
31 5 21 19 13 10 2 25 3 4 4 10 43 78 49 53 93 17 49 0 23 44 14 20 44 79 6 2 43 45 10 26 19 24 13 10 62 81 14 51 3 11 51 35 18 3 11 11 66 35 4 36 39 20 8 11 70 13 8 0 27 58 36 98 1 6 7 57 10 15 15 40 31 0 4 16 35 43 1 58 2 0 6 31 1 32 37 13 13 48 27 51 40 19 15 4 0 9 2 2
12 21 8 9 8 31 7 2 0 15 31 39 25 28 75 91 8 5 41 70 57 41 73 8 3 13 18 2 49 41 3 10 13 35 3 11 25 14 50 47 1 11 7 16 0 3 1 4 4 34 12 35 5 24 52 13 23 4 22 0 38 6 12 58 11 16 17 38 27 2 16 29 10 13 17 22 49 37 0 68 18 13 5 46 0 15 58 7 13 21 3 28 22 2 24 6 0 35 37 0
27 21 40 7 25 40 50 4 23 7 22 20 23 32 18 0 91 78 23 11 63 14 21 63 51 16 93 2 39 23 13 18 17 28 5 6 6 44 36 37 9 4 8 22 13 2 1 3 11 38 21 37 35 21 6 13 56 4 63 0 9 55 64 78 10 1 26 0 34 17 4 31 3 34 13 68 18 55 0 79 1 12 14 50 2 21 3 12 3 37 25 36 16 36 5 8 0 32 56 3
19 15 36 1 24 30 7 54 35 30 19 1 29 36 32 31 66 10 29 75 33 34 2 5 25 1 38 2 17 25 5 28 23 29 19 2 66 3 60 36 19 12 46 1 5 2 40 17 44 18 32 2 65 22 61 12 48 6 50 0 10 5 19 97 21 5 71 80 39 1 4 31 30 25 35 54 0 33 0 51 21 12 50 15 2 40 9 3 19 33 1 45 64 39 4 17 0 42 33 1
10 16 53 7 1 7 35 23 57 9 20 37 17 48 59 78 98 54 53 80 62 40 8 43 14 76 67 0 48 20 4 18 14 21 9 0 23 83 33 38 3 8 50 47 10 2 11 14 37 44 28 35 37 14 10 12 26 7 14 0 16 39 47 48 4 5 33 25 22 17 3 15 14 25 22 56 53 40 1 4 12 21 56 57 3 42 8 14 1 21 8 40 48 16 24 0 0 32 31 0
2 10 58 0 18 19 15 2 4 17 14 10 6 60 59 96 48 79 35 43 28 12 69 91 14 57 60 0 17 71 0 37 30 11 11 4 59 22 0 51 17 9 6 76 9 2 11 10 11 15 22 34 39 13 0 8 19 9 9 0 37 67 62 39 15 11 79 84 14 15 8 17 23 25 10 67 0 5 1 25 9 14 26 71 3 34 56 0 21 42 8 9 34 10 0 3 0 32 28 2
34 5 63 18 7 18 14 26 16 8 26 24 14 22 57 69 10 27 21 0 0 49 77 61 47 10 91 0 15 45 2 36 36 22 20 1 33 49 35 30 28 6 14 24 4 5 1 14 45 31 27 40 21 22 73 10 30 13 74 0 12 29 11 94 26 18 74 14 10 12 40 10 32 26 9 57 44 21 0 17 16 4 17 70 3 26 33 1 0 56 29 1 29 39 5 15 0 24 29 3
7 7 62 4 3 47 7 8 32 6 37 19 2 62 41 78 84 20 51 7 15 2 12 2 34 40 83 0 38 73 14 35 5 21 19 4 19 92 80 4 5 1 16 14 12 0 15 6 61 47 9 18 22 21 9 1 49 15 29 0 9 38 10 68 24 0 57 75 13 6 53 2 41 10 17 14 56 63 0 82 14 13 38 67 0 41 47 3 12 30 1 7 33 8 18 1 0 36 70 1
3 9 36 8 20 46 35 51 43 8 7 49 20 26 62 41 8 46 19 52 49 12 1 90 39 2 4 0 44 60 13 31 29 7 5 2 51 79 36 26 25 6 34 21 14 0 3 18 50 38 6 39 11 25 82 7 46 13 28 0 29 43 43 95 10 2 39 80 13 0 53 33 26 5 16 4 4 23 0 47 2 8 29 45 3 37 0 13 17 22 26 40 32 22 37 5 0 13 4 2
11 14 12 18 5 16 49 51 4 11 9 30 42 15 3 70 50 11 11 0 42 24 32 1 13 20 14 2 26 50 3 29 38 19 19 11 27 41 48 45 21 9 45 35 20 3 17 8 16 27 26 45 26 5 77 4 77 14 31 0 5 67 58 67 22 18 34 37 39 17 38 26 40 36 36 16 36 16 0 66 2 7 59 51 0 36 59 8 22 31 25 4 44 26 30 14 0 6 44 0
1 7 44 12 22 36 26 61 23 17 8 28 41 0 78 56 93 71 68 8 64 59 69 9 29 29 55 1 46 11 12 38 42 38 12 0 48 58 24 2 31 10 20 10 22 0 33 11 57 16 13 13 40 14 87 5 19 17 41 0 17 48 37 15 25 9 83 30 28 11 39 9 40 38 10 5 31 51 0 47 19 19 27 3 2 16 43 14 24 52 20 25 20 14 35 13 0 31 48 3
26 19 53 14 18 27 36 11 21 6 6 53 15 24 61 94 82 11 52 67 30 76 30 31 15 50 27 1 4 11 6 7 39 25 4 3 63 92 75 5 8 14 46 13 19 2 16 11 53 52 25 27 60 20 60 4 77 14 8 0 10 67 63 3 19 12 69 56 37 5 44 27 12 27 31 59 40 21 1 95 4 15 4 29 3 5 45 6 11 22 29 34 9 25 42 9 0 38 65 1
10 15 70 17 13 29 36 6 15 13 4 11 8 3 17 8 95 47 23 6 40 36 16 40 1 59 60 2 18 71 14 5 38 25 17 3 10 32 75 43 15 13 11 13 3 1 12 7 0 6 10 21 28 18 12 8 37 9 5 0 10 31 56 45 32 12 43 69 39 9 22 9 43 30 32 23 13 49 1 11 20 21 51 54 3 12 50 14 1 0 7 22 38 14 40 8 0 46 61 2
34 11 57 13 0 36 24 18 0 25 28 18 16 42 2 21 30 73 50 59 55 27 68 94 36 75 47 0 32 9 7 4 12 18 0 1 42 34 53 48 32 14 55 22 11 3 31 13 48 42 27 30 35 17 55 13 60 19 44 0 33 53 20 20 24 9 5 37 14 0 58 2 32 38 38 9 42 54 1 18 24 7 40 33 2 50 47 13 2 0 18 19 48 15 12 4 0 38 78 1
17 23 86 9 21 23 19 20 44 18 21 8 18 22 3 32 14 75 10 16 50 69 63 94 47 32 52 2 12 42 10 14 7 20 9 3 60 49 3 36 5 6 0 81 16 2 22 3 10 9 14 26 43 12 18 6 18 15 74 0 16 32 27 66 27 8 28 1 10 4 21 18 4 31 33 54 9 27 1 34 0 13 54 76 0 16 36 10 6 52 22 42 56 28 40 18 0 12 23 1
26 25 20 19 2 43 16 16 3 34 35 29 32 76 50 60 68 13 40 70 30 40 88 21 30 29 57 0 22 38 10 8 17 1 7 11 51 70 92 10 34 14 20 77 4 3 21 9 61 38 31 15 22 22 29 12 81 3 41 0 20 26 20 79 19 10 65 47 5 5 20 37 42 10 44 28 35 10 1 11 8 9 43 41 3 29 27 3 3 56 0 33 54 3 24 13 0 4 13 2
0 7 57 16 12 41 26 40 36 14 31 50 4 59 36 90 79 81 51 80 32 66 88 55 12 79 3 2 33 50 3 23 14 27 13 6 6 97 55 30 33 0 50 43 7 4 36 1 54 13 1 28 0 12 24 5 88 6 68 0 17 67 52 50 25 9 16 50 1 7 46 37 45 12 37 37 8 7 1 18 7 1 8 24 3 12 41 0 12 3 2 29 47 11 8 11 0 5 64 3
27 3 61 15 21 17 30 59 44 29 3 12 11 24 41 60 85 79 56 75 9 77 36 5 19 72 34 2 34 38 5 25 12 19 0 6 15 74 46 11 2 0 33 78 19 5 39 6 30 50 13 11 44 25 25 10 29 13 17 0 26 28 56 56 26 8 18 56 23 6 53 34 19 19 15 18 18 68 1 49 15 2 4 44 1 4 9 11 5 42 21 6 34 5 40 12 0 42 27 1
4 14 18 5 0 24 47 40 9 11 16 33 7 59 25 21 38 33 49 35 56 7 50 15 28 9 38 0 44 42 6 37 9 21 11 0 9 33 64 49 22 1 41 45 12 1 34 14 14 30 2 36 34 3 70 3 83 17 52 0 42 55 64 45 18 2 39 93 18 10 43 25 29 13 17 47 17 0 0 25 10 10 40 46 1 2 38 8 12 47 13 47 23 8 18 1 0 19 15 3
9 10 69 15 11 42 51 31 2 15 28 58 4 75 8 89 94 53 68 18 11 45 34 40 42 26 26 0 4 23 14 13 21 1 2 0 44 21 67 17 27 8 31 9 11 1 12 3 15 3 13 13 33 23 27 5 2 7 71 0 10 62 22 86 10 10 15 62 11 3 8 9 0 9 7 47 17 66 0 98 20 20 52 29 2 47 53 5 3 46 29 30 49 8 40 10 0 33 78 1
17 20 45 11 3 21 17 57 7 19 14 31 41 76 1 78 10 10 45 65 29 6 36 97 45 76 14 1 2 50 3 32 0 18 1 3 3 54 67 16 34 1 13 80 15 1 14 17 50 1 27 31 13 18 67 7 65 18 35 0 34 44 30 64 29 3 25 21 14 15 26 25 8 0 4 22 53 6 1 83 3 3 57 37 3 27 55 3 19 43 16 51 15 14 20 7 0 15 48 1
0 9 22 12 16 32 24 15 4 20 18 13 35 12 13 70 26 48 19 3 49 43 86 30 35 30 15 2 49 20 1 23 14 29 21 10 42 77 42 5 0 1 46 9 20 1 13 8 58 6 25 32 55 9 58 7 32 12 39 0 14 61 21 86 18 18 73 9 35 10 0 26 22 4 37 59 27 4 1 91 13 16 22 46 1 37 32 2 15 55 11 56 47 27 17 2 0 35 70 3
24 16 0 9 15 10 2 17 36 0 33 16 23 67 6 41 14 17 79 78 34 3 18 43 44 20 48 1 45 11 3 8 40 39 18 10 33 21 67 17 14 2 7 78 21 3 21 9 16 50 4 39 0 8 39 7 11 3 4 0 20 42 36 26 32 1 33 91 27 2 53 39 11 15 29 36 28 15 0 38 8 23 17 51 2 22 23 13 10 23 7 27 18 20 19 6 0 19 40 0
8 15 80 9 21 26 41 10 58 0 19 58 19 37 30 71 30 45 42 78 62 13 86 16 34 68 37 0 31 28 4 23 10 8 5 7 32 38 22 42 30 14 4 39 23 1 32 9 62 50 26 24 25 20 81 8 4 8 81 0 10 9 42 89 33 12 78 79 10 1 40 38 39 0 34 42 40 7 0 49 20 22 17 49 3 7 38 13 12 24 9 39 2 16 32 9 0 17 39 2
2 18 9 6 2 24 23 56 1 20 33 47 11 10 47 19 78 49 42 3 32 58 54 11 22 37 47 0 30 71 12 26 5 39 21 8 42 55 56 36 23 5 23 8 23 4 2 11 57 28 11 26 65 26 9 4 89 2 55 0 45 20 26 45 29 17 16 11 20 9 41 2 35 22 45 14 43 34 1 62 8 22 42 22 3 14 43 9 4 4 0 40 41 36 31 15 0 24 52 1
29 19 84 10 13 40 14 58 16 26 37 48 35 62 1 45 31 47 16 80 58 25 57 59 20 7 14 2 40 68 4 41 18 26 10 0 17 12 6 29 13 2 39 65 1 0 2 11 39 39 9 8 4 17 21 8 73 5 31 0 45 37 66 20 17 13 12 7 27 5 28 37 13 21 21 71 10 55 1 31 18 23 37 6 0 10 3 6 11 9 4 12 46 30 29 4 0 44 55 0
10 18 50 14 15 33 6 7 2 32 14 42 1 77 41 78 37 56 19 53 13 77 58 77 38 22 74 2 3 10 14 4 25 31 19 11 10 9 63 50 29 11 3 73 12 5 17 6 53 41 19 19 11 2 79 9 63 8 26 0 27 38 58 27 26 0 75 19 12 10 29 41 13 21 47 16 46 35 1 91 2 13 34 42 1 46 6 12 20 12 6 10 59 35 37 3 0 44 67 0
10 10 73 22 9 28 34 32 31 27 6 15 1 59 8 29 71 56 61 69 25 62 75 74 5 51 43 1 35 6 7 23 24 36 10 9 0 85 44 18 17 9 10 7 5 3 18 6 44 28 27 26 63 24 91 11 73 18 77 0 12 37 28 81 12 19 39 11 12 14 38 33 20 18 20 71 44 68 1 8 23 17 40 57 0 15 45 7 21 15 28 0 57 19 44 5 0 20 3 2
25 4 32 5 1 10 30 56 55 3 30 44 27 73 42 79 56 61 35 84 24 75 26 63 19 43 8 0 19 71 14 36 29 27 18 4 41 91 33 34 20 11 39 59 2 1 33 13 8 47 6 0 56 5 68 1 4 15 21 0 5 41 1 28 0 7 10 93 41 6 14 41 19 26 29 29 8 60 1 61 8 2 50 27 0 39 38 10 16 45 29 42 15 14 44 19 0 7 2 3
19 17 45 10 7 5 14 60 8 6 21 5 33 57 6 93 22 36 2 10 32 24 31 8 9 21 55 0 12 32 4 10 37 39 3 5 42 44 41 49 18 8 21 26 18 0 13 13 37 30 25 22 16 23 78 5 61 11 18 0 39 67 17 20 14 0 33 79 7 3 0 29 6 14 32 11 14 37 0 25 7 0 46 8 3 9 32 9 3 5 5 35 15 21 9 12 0 13 32 1
16 13 13 3 20 23 41 31 32 33 7 56 34 86 43 69 68 17 60 83 17 68 38 32 41 68 29 1 31 10 9 14 26 16 16 11 57 25 22 40 29 6 1 42 17 5 37 0 32 24 26 1 37 16 2 2 58 1 9 0 36 27 62 89 31 17 11 40 31 17 38 4 43 26 32 3 53 61 1 45 17 0 15 42 1 30 28 7 1 20 27 46 53 27 42 6 0 21 43 3
5 18 57 18 6 14 39 25 30 3 24 43 29 29 24 86 92 78 60 25 34 72 69 1 18 25 40 1 17 47 9 29 7 14 19 5 4 46 76 8 13 14 1 75 13 5 11 7 57 33 14 30 36 16 1 9 82 4 13 0 30 67 39 4 6 10 21 47 6 7 56 13 8 2 20 63 46 26 1 4 5 13 49 25 2 5 29 2 11 4 20 40 31 12 22 3 0 8 11 1
11 22 16 15 5 48 29 39 6 18 20 25 34 0 64 97 28 46 3 18 27 65 64 15 44 42 87 2 4 26 8 21 42 4 1 7 45 44 83 11 34 1 33 42 17 4 16 0 55 44 18 42 8 25 71 6 51 2 67 0 5 18 22 59 32 18 51 48 0 3 50 41 43 25 26 30 35 72 1 33 12 6 24 48 2 37 41 7 16 57 18 39 8 20 10 5 0 18 2 1
35 6 27 20 13 27 26 19 46 29 21 20 27 60 8 17 15 53 46 2 54 19 82 88 53 14 92 1 24 18 7 16 11 32 12 0 0 65 39 43 9 10 48 4 15 5 15 15 46 10 7 12 55 5 42 9 3 5 26 0 39 29 63 68 7 4 52 63 18 8 57 37 6 30 27 15 19 0 1 72 4 11 16 5 1 40 31 9 22 38 14 21 16 3 28 1 0 13 20 0
32 4 74 16 24 24 18 43 13 22 32 31 5 9 42 48 3 2 12 30 4 56 71 77 33 57 92 0 42 46 8 20 11 10 8 4 0 90 8 6 4 6 13 56 6 5 44 2 46 11 24 24 37 12 83 1 79 17 8 0 22 24 47 80 18 16 33 93 30 10 57 0 45 34 44 8 11 14 1 87 14 19 23 62 1 0 26 2 11 23 7 15 8 37 32 19 0 20 7 2
24 1 62 16 25 25 4 4 2 8 29 29 18 23 62 68 2 70 15 82 56 41 39 56 16 53 32 1 18 70 4 33 30 4 15 2 46 72 24 2 10 6 0 77 18 3 10 5 26 2 19 35 13 11 53 5 14 19 46 0 6 4 64 72 28 11 40 93 5 7 30 27 5 3 5 71 9 60 0 44 4 23 4 37 0 14 54 2 18 8 16 33 30 20 31 13 0 23 26 2
31 12 56 19 9 43 41 54 27 29 41 23 33 89 57 24 27 24 61 18 36 24 92 12 24 74 86 0 42 40 0 31 34 32 6 9 32 8 14 20 0 2 46 39 10 5 6 15 52 4 8 46 59 9 81 5 5 12 80 0 9 3 58 83 2 11 59 31 30 2 48 32 29 20 36 58 9 51 0 91 18 7 50 59 0 21 32 7 0 28 0 15 22 39 40 8 0 20 31 3
34 15 38 16 2 40 0 43 34 22 18 33 30 4 36 18 50 35 42 43 41 32 71 31 8 91 23 0 21 48 4 26 10 35 0 10 39 68 52 15 21 14 8 41 8 3 44 9 8 30 11 14 39 0 27 9 87 9 1 0 15 45 63 11 30 9 63 53 1 17 5 17 47 11 2 48 10 3 0 79 12 3 38 47 3 28 26 5 16 0 20 44 23 16 12 0 0 1 74 3
2 8 43 13 20 13 12 29 56 7 7 41 29 36 26 51 92 72 34 21 12 12 1 62 32 35 83 2 36 72 2 32 2 14 13 4 20 79 59 14 30 14 27 79 22 5 17 18 13 37 29 17 35 21 14 8 73 9 54 0 39 40 20 80 31 9 20 61 32 4 3 25 29 32 15 71 39 46 1 83 23 7 8 7 1 4 2 8 22 39 11 43 45 19 40 10 0 8 79 3
6 4 52 9 10 34 48 43 24 2 38 8 31 71 50 76 92 10 62 25 17 61 11 82 12 26 41 1 23 36 9 2 34 8 12 4 56 46 14 21 34 9 27 53 23 2 28 14 26 8 3 4 14 10 40 6 53 17 65 0 1 68 56 42 22 16 35 6 37 3 57 34 24 19 2 32 35 42 0 29 2 21 25 39 1 30 54 11 9 18 21 53 58 5 18 9 0 8 1 2
25 23 40 2 14 41 21 44 33 33 10 16 8 79 67 84 95 50 48 53 45 26 7 59 53 11 73 2 9 55 8 24 28 16 2 5 60 8 55 29 29 7 41 24 6 1 7 13 47 13 26 28 35 17 18 1 45 15 12 0 26 44 39 1 28 2 41 33 28 8 42 41 45 13 43 40 34 24 1 3 5 10 15 29 0 47 46 11 24 50 8 18 48 31 36 4 0 40 75 0
35 2 34 8 7 39 10 62 64 26 1 9 11 46 4 60 47 65 23 57 50 55 38 31 34 65 47 1 42 62 2 8 10 17 7 11 22 78 55 21 3 13 45 23 18 0 30 14 61 2 6 17 49 14 43 5 21 11 71 0 41 23 65 72 14 19 26 34 17 14 56 33 47 6 38 69 25 41 1 62 21 7 55 42 1 17 1 12 5 36 4 6 37 29 26 17 0 47 22 2
33 8 37 0 25 28 43 11 35 25 39 52 36 37 23 51 70 7 79 11 47 1 50 83 26 76 42 2 49 6 1 20 14 27 15 3 62 53 50 15 7 13 29 70 11 4 6 1 61 24 10 18 48 20 39 13 74 3 51 0 31 27 51 24 11 0 31 78 25 11 7 1 1 35 43 34 37 67 1 73 11 3 16 68 1 32 40 3 3 26 13 7 60 23 10 12 0 27 78 1
29 24 75 20 19 24 6 15 57 35 25 16 14 62 21 16 49 84 30 8 14 57 18 69 17 16 39 2 0 9 8 21 30 3 9 6 9 76 22 44 20 5 46 11 6 3 38 15 65 5 11 25 4 14 41 3 55 14 66 0 39 22 57 76 23 10 18 55 32 3 53 13 15 17 4 25 21 34 0 85 21 20 46 27 0 41 47 2 12 44 21 0 1 24 38 1 0 20 5 2
19 11 12 15 22 33 44 8 62 15 26 49 23 80 77 19 21 17 37 40 6 81 59 34 43 32 88 1 34 36 12 38 37 12 4 6 39 36 14 45 3 14 30 49 23 0 43 16 5 18 21 36 19 24 55 3 26 14 44 0 0 58 35 50 10 4 32 64 2 6 2 41 1 0 4 1 23 5 0 60 12 13 46 14 0 12 51 11 24 51 17 54 24 24 34 18 0 12 19 2
27 3 29 4 3 29 33 37 20 22 25 15 22 63 26 94 40 79 50 8 42 72 75 81 31 54 47 2 23 68 14 2 6 37 9 3 19 6 54 12 12 3 30 28 4 5 20 9 8 48 8 40 11 9 66 8 4 8 58 0 46 69 35 20 4 1 23 90 0 0 28 27 47 11 1 47 38 10 0 83 10 5 20 41 1 42 12 2 23 38 21 28 7 38 26 6 0 39 33 1
26 4 6 11 13 9 4 12 43 11 1 27 5 32 27 15 63 52 77 28 34 12 12 59 29 23 18 0 4 41 0 41 13 37 16 11 1 87 4 0 30 4 22 55 16 1 26 10 1 21 19 48 9 20 31 5 69 9 12 0 14 24 19 51 5 5 36 17 33 14 26 14 8 23 1 59 51 18 0 31 20 15 45 10 1 22 21 7 22 38 19 54 35 24 6 9 0 0 0 2
24 15 41 0 4 26 17 60 30 17 12 30 23 85 53 16 93 44 67 80 53 79 65 39 41 4 43 1 30 71 7 23 9 26 10 0 67 13 71 39 8 11 26 16 6 0 1 14 28 21 30 43 16 18 77 13 74 4 22 0 46 55 35 88 15 15 36 15 22 8 23 15 11 15 8 14 47 72 1 87 20 8 25 29 2 11 49 11 18 9 24 12 14 27 25 7 0 12 51 0
22 6 8 22 22 29 3 62 1 22 2 21 40 90 49 27 37 49 64 68 3 3 58 74 50 39 63 2 14 60 6 8 35 36 20 10 11 22 7 14 35 4 45 72 17 2 16 9 29 3 15 0 51 18 49 8 47 11 67 0 30 55 64 96 26 0 78 35 38 12 52 10 2 2 23 50 27 54 0 32 13 21 7 58 0 10 22 1 10 55 25 9 28 12 19 9 0 28 8 3
28 23 26 13 7 40 2 24 45 14 41 59 20 39 55 50 18 25 75 47 40 24 11 85 54 88 18 0 13 60 10 19 4 35 5 8 19 86 84 33 34 2 28 32 21 2 26 7 30 22 26 47 15 13 92 10 61 3 59 0 5 25 65 80 28 3 5 69 29 17 50 26 5 10 18 0 27 46 1 54 9 2 55 29 2 44 12 4 10 3 22 50 15 37 9 9 0 13 32 3
14 13 43 9 18 27 31 50 56 33 33 10 18 78 13 43 68 75 52 74 38 11 77 39 18 36 61 0 18 38 7 29 3 0 21 4 30 61 23 7 34 8 37 53 9 5 2 17 56 37 27 45 47 17 28 9 87 4 1 0 39 24 19 63 29 19 64 26 2 12 23 12 34 10 18 64 31 48 1 6 18 19 4 18 1 3 25 7 3 5 10 56 37 4 35 17 0 21 20 3
28 14 17 9 9 33 13 18 50 4 10 14 27 28 62 6 41 17 38 35 59 81 8 84 9 27 32 1 3 7 8 0 20 10 9 11 5 82 7 19 1 10 23 29 3 0 11 8 39 46 28 36 24 7 58 8 72 19 35 0 32 49 65 13 32 13 59 73 16 16 54 4 45 27 1 3 26 50 0 95 7 10 1 42 0 34 50 7 5 13 18 56 44 5 29 0 0 29 80 2
4 4 17 10 14 36 0 15 11 6 14 7 25 12 34 66 70 79 1 28 62 46 88 96 12 5 73 2 6 19 10 37 31 31 9 10 42 73 79 1 32 0 29 28 0 2 34 16 24 48 26 35 4 6 6 4 62 7 1 0 20 11 53 67 26 18 37 72 17 13 4 13 34 0 28 25 17 33 1 87 13 14 9 5 0 44 42 10 18 14 0 56 37 9 29 5 0 2 17 1
21 20 10 22 7 8 7 37 41 27 33 39 34 89 64 11 51 62 22 57 64 73 19 45 8 70 73 2 20 60 1 32 41 36 13 2 37 31 55 42 25 6 33 14 10 0 33 7 49 27 24 40 48 20 62 2 43 11 37 0 23 60 62 4 5 13 48 65 37 5 57 0 39 31 41 52 9 68 1 95 6 10 59 47 3 43 34 3 13 37 11 20 43 26 27 16 0 16 46 1
