100 100
74 42 77 31 69 64 14 57 42 96 97 45 65 71 34 4 38 8 21 35 33 34 88 58 77 89 32 74 42 13 79 41 54 96 81 1 82 24 21 90 3 91 19 5 47 16 30 36 74 99 77 59 58 25 83 61 55 72 18 57 9 66 59 27 18 54 82 28 2 13 18 77 41 36 99 72 12 50 25 97 92 76 97 30 46 56 76 38 64 40 31 97 31 18 31 12 3 23 58 91
74 42 34 9 69 2 14 25 42 60 97 42 56 71 34 1 38 8 21 35 33 13 34 58 70 7 32 45 42 13 79 29 54 96 81 1 82 24 6 81 0 22 16 5 33 16 30 24 41 43 77 59 58 4 83 61 55 34 1 57 4 66 21 23 1 39 82 15 2 13 14 38 41 36 99 42 0 3 24 97 49 56 97 30 7 7 1 26 13 40 18 97 26 17 31 12 3 10 18 67
74 42 37 13 49 64 14 34 42 39 97 45 65 42 18 4 38 8 8 35 33 10 88 58 26 89 10 74 17 13 69 36 54 29 81 1 82 24 1 90 1 40 19 1 12 16 30 36 74 99 51 16 27 22 83 4 47 48 18 57 5 66 59 27 14 50 61 13 2 13 11 26 41 36 39 55 8 30 25 97 2 76 97 30 30 12 63 0 28 33 31 97 31 18 17 6 0 15 58 90
74 12 58 12 7 64 0 57 42 80 31 39 65 71 11 4 3 8 21 23 33 34 88 26 53 52 32 38 42 13 11 41 54 96 50 1 82 24 13 90 3 49 19 3 36 16 30 30 74 2 77 59 27 25 83 61 4 20 17 39 2 52 59 9 10 54 82 28 2 13 18 77 41 15 24 72 12 20 5 12 92 76 57 2 46 56 68 3 30 40 23 17 31 18 30 5 2 10 11 72
53 42 20 31 69 64 2 57 15 1 25 45 59 15 4 4 19 8 19 35 1 1 25 53 77 89 32 74 42 2 79 38 3 95 60 0 8 20 3 90 1 91 19 2 12 1 23 25 58 99 77 51 2 19 83 52 50 66 18 3 2 66 59 27 1 5 38 28 2 7 18 77 16 12 99 72 12 50 25 97 45 76 45 30 46 56 76 38 64 40 21 0 22 18 23 12 0 10 8 91
74 1 13 31 69 17 14 57 42 18 97 45 49 71 2 4 7 6 21 8 33 3 88 17 73 39 32 74 4 3 79 41 54 93 71 1 27 24 14 73 0 91 19 5 47 13 30 36 74 99 77 8 47 22 83 61 20 23 16 45 8 66 59 27 3 54 82 28 1 13 11 47 41 36 99 72 5 50 25 97 37 50 97 26 45 56 76 38 64 40 31 17 31 18 31 1 3 23 16 18
13 39 66 31 67 64 1 45 42 0 97 9 65 71 14 4 13 8 21 7 27 34 88 4 69 76 3 74 24 13 74 41 54 96 8 1 82 17 6 57 3 53 19 2 47 11 4 36 14 99 62 40 58 11 27 4 2 72 0 3 9 6 59 10 15 54 45 28 2 13 7 77 41 34 99 29 4 20 25 97 37 30 26 30 46 7 60 38 4 25 31 97 31 18 31 3 3 23 29 91
74 8 77 31 69 64 14 57 23 96 40 45 65 71 4 0 38 3 21 35 33 34 84 58 3 89 32 74 6 1 0 32 54 96 3 1 2 12 21 90 3 71 14 2 47 5 23 36 74 99 8 59 58 0 83 4 54 61 0 4 9 5 59 27 7 54 82 18 0 8 18 31 41 36 99 68 12 50 25 97 92 71 28 30 9 56 66 2 64 33 31 97 28 5 8 12 3 22 58 91
74 10 9 21 69 46 14 47 42 96 69 3 1 57 0 4 38 8 21 35 13 34 88 58 77 62 32 74 25 13 79 22 54 96 37 1 82 24 1 90 2 91 19 5 7 14 30 36 74 6 77 18 58 25 83 1 11 34 5 57 9 66 54 12 18 40 82 28 2 5 1 77 41 11 78 51 12 50 25 34 92 66 97 30 32 44 14 38 64 40 30 97 31 11 31 12 3 23 58 91
73 32 47 23 69 37 14 40 42 51 97 45 10 29 16 4 38 8 21 20 33 34 46 38 77 24 32 74 42 8 79 35 54 82 0 1 35 15 21 90 2 91 19 5 40 6 14 36 62 54 77 59 58 25 22 61 55 61 18 57 1 66 59 27 18 36 43 16 2 13 18 77 10 27 99 70 8 50 22 54 92 33 97 12 46 20 76 38 54 23 31 18 31 18 25 12 3 0 58 1
47 12 56 7 69 16 14 52 42 78 97 45 65 71 34 4 23 2 21 35 26 17 9 19 13 30 2 74 21 0 79 41 27 96 11 1 82 24 9 90 1 65 19 5 47 16 19 36 68 99 31 5 58 25 83 61 55 44 18 57 9 66 59 9 18 28 40 22 2 10 17 77 41 36 7 59 7 50 14 58 92 0 97 25 46 56 76 38 59 40 31 90 31 18 9 12 3 1 48 85
74 42 11 2 62 64 10 57 9 11 12 45 65 4 34 3 10 8 21 35 33 34 88 23 77 89 32 74 42 13 73 41 54 51 81 1 82 7 21 5 1 91 1 2 2 15 8 36 74 99 77 59 12 25 1 44 47 14 18 11 9 66 59 22 18 46 70 28 2 0 18 59 26 17 99 72 12 21 25 7 68 76 97 30 46 45 76 38 64 6 10 97 4 15 13 5 3 19 58 21
12 1 32 23 69 64 5 57 6 96 71 10 51 71 34 0 13 8 15 1 33 29 80 58 9 89 31 58 42 3 26 18 54 96 49 0 82 24 21 90 0 62 17 5 47 16 10 34 6 79 77 59 16 25 7 61 55 57 18 57 9 66 59 27 18 54 45 28 2 6 7 72 41 36 99 72 12 50 0 40 92 76 97 13 46 56 76 38 31 40 14 97 31 18 28 7 0 6 58 91
74 42 71 24 69 64 6 57 5 96 97 45 27 71 28 0 4 8 0 35 33 32 8 22 77 53 32 74 6 1 79 1 27 96 81 1 82 24 4 90 3 83 19 5 47 8 22 36 74 59 77 59 58 8 16 48 55 18 18 18 9 26 59 12 8 43 67 3 0 5 5 77 41 36 16 72 12 50 9 9 92 76 54 30 5 56 76 24 59 35 31 97 31 18 2 6 0 23 8 91
47 19 77 29 64 37 14 7 42 22 71 45 61 71 34 0 7 8 7 32 12 17 61 58 77 89 32 74 42 13 79 11 54 96 9 1 64 24 21 20 3 91 19 5 47 8 30 27 23 99 25 21 58 25 30 61 55 72 6 57 4 54 59 2 6 8 82 28 2 13 14 77 41 36 25 69 12 16 25 97 71 68 77 22 20 54 76 15 64 26 31 89 31 5 0 12 3 23 14 89
66 21 77 31 69 64 14 40 42 83 97 12 65 50 34 1 23 8 15 10 33 34 51 58 50 71 5 74 11 13 19 41 54 14 15 1 82 24 21 53 0 4 7 5 27 15 30 36 74 98 77 59 58 25 34 61 44 72 17 57 9 66 59 4 8 21 42 22 2 13 18 13 41 30 99 72 12 50 0 97 92 1 97 30 46 56 1 38 64 3 31 73 9 18 20 10 3 9 31 91
47 0 47 23 62 64 14 4 27 40 23 26 43 52 34 4 3 8 21 35 33 34 88 18 30 12 32 68 42 13 70 41 26 18 81 0 82 21 10 0 3 27 0 4 42 6 30 19 74 99 2 59 58 7 83 61 55 72 18 39 2 66 22 25 4 9 52 28 2 11 18 77 41 14 83 36 9 6 1 97 92 76 27 30 46 56 76 28 64 40 31 57 22 18 31 8 1 23 20 91
29 40 53 31 69 52 14 13 42 55 30 18 65 26 17 4 10 8 21 35 33 26 88 58 67 89 32 74 37 5 79 41 43 96 44 1 26 13 21 90 3 91 9 5 29 16 24 36 74 99 77 59 13 25 83 43 3 72 13 18 9 46 52 24 18 54 82 28 2 13 18 77 41 36 99 72 12 50 0 93 92 76 97 30 29 14 76 38 64 40 31 23 29 18 31 12 3 3 41 46
34 42 77 31 38 13 11 3 42 55 97 38 65 71 34 3 38 8 8 35 33 34 8 58 77 11 32 25 42 13 79 41 47 96 76 1 82 22 21 90 0 79 7 2 32 16 0 0 2 99 69 59 58 4 83 24 55 72 18 57 9 66 59 20 18 54 75 9 2 6 18 77 41 36 44 10 12 50 4 97 92 58 97 30 46 36 76 23 64 40 21 48 31 7 30 12 1 23 34 31
74 42 35 8 0 64 13 57 19 96 97 45 65 71 34 4 4 8 21 35 19 10 88 58 77 13 8 74 13 13 68 6 21 96 79 1 82 23 1 64 2 91 19 5 47 9 30 36 48 99 77 20 58 7 53 61 55 62 17 57 9 66 48 8 1 41 82 28 2 0 4 61 41 28 70 72 10 50 25 56 25 62 21 20 16 56 76 38 53 24 31 97 31 13 0 10 1 0 58 71
74 39 77 11 69 64 9 1 42 96 97 16 65 3 23 2 29 8 21 28 31 11 88 33 77 89 27 1 42 13 79 41 54 96 73 0 17 3 21 13 2 91 13 4 47 13 30 26 43 29 16 59 8 11 33 61 55 20 18 57 9 11 59 27 11 7 81 23 2 5 18 61 41 36 99 38 3 5 16 97 92 76 72 30 46 11 76 38 64 36 7 97 25 4 24 12 3 18 47 45
74 42 77 25 9 15 4 57 42 81 39 45 65 59 26 4 38 3 12 35 33 34 88 42 72 89 32 66 37 13 38 41 54 96 81 0 82 5 21 34 3 91 19 5 47 14 8 32 74 30 56 59 46 25 83 21 25 8 0 57 9 66 59 27 18 5 18 14 1 6 7 17 41 12 22 69 12 8 25 97 92 74 97 30 46 56 76 3 64 40 31 6 28 18 31 12 3 23 24 91
15 42 38 23 21 64 14 16 42 62 85 45 50 13 0 4 6 1 21 17 33 34 88 2 77 69 32 74 33 13 79 41 40 96 81 1 82 21 16 90 2 54 19 5 27 11 20 36 74 99 77 29 58 25 61 61 55 72 8 57 2 66 22 4 18 27 45 28 0 11 6 75 27 2 99 72 1 50 5 80 0 76 97 2 46 1 34 1 64 38 31 97 3 18 15 12 3 23 58 42
69 39 77 7 69 47 14 57 42 96 97 45 40 11 34 4 38 3 7 23 13 0 88 58 34 89 4 21 22 13 74 41 54 38 81 1 82 24 9 37 3 14 19 4 3 16 19 36 9 99 8 36 28 25 83 51 1 72 5 7 6 66 59 4 16 36 6 16 2 13 18 77 41 36 87 72 12 50 14 97 28 76 60 30 33 17 76 19 64 40 5 97 31 18 27 12 3 21 30 91
35 14 77 26 45 28 14 5 41 79 58 45 65 71 34 2 30 3 17 35 33 34 24 58 77 75 32 46 34 11 13 41 54 96 7 1 24 24 7 90 0 45 3 3 47 16 15 36 74 94 77 12 58 5 40 33 55 18 18 57 0 66 59 27 18 54 82 15 0 12 15 77 26 26 99 72 8 50 17 97 92 11 97 30 19 9 30 38 64 40 1 37 18 18 15 12 3 11 26 91
74 13 77 31 69 11 9 27 42 96 97 45 43 71 34 4 38 1 21 35 1 34 48 58 77 88 31 74 25 13 74 41 28 96 81 1 82 20 12 35 3 91 7 5 43 11 30 36 74 99 44 59 58 25 12 61 38 10 16 57 9 65 59 27 18 54 82 28 2 10 11 77 41 6 99 48 12 17 25 97 1 76 48 30 46 56 30 38 5 40 25 0 16 3 15 12 3 23 25 91
74 42 70 19 69 64 0 17 9 7 23 26 65 14 27 2 17 1 1 35 4 9 88 11 60 68 32 74 12 2 70 41 54 96 81 1 5 14 7 69 3 7 19 5 36 1 30 36 69 37 5 15 36 14 83 39 53 34 6 40 2 11 59 27 18 3 82 1 2 5 16 46 41 34 99 72 7 3 8 97 16 12 97 2 46 56 76 38 39 28 15 97 31 18 17 12 0 13 33 73
74 42 59 31 69 46 2 57 42 33 45 45 65 71 34 4 38 3 11 25 27 34 88 58 77 89 32 74 24 8 79 5 54 4 81 1 82 24 21 66 2 91 4 0 47 6 24 3 74 44 8 36 38 25 42 61 55 72 18 57 9 66 22 13 18 41 68 28 2 13 10 77 41 36 99 72 11 50 25 97 92 40 32 2 10 56 76 4 2 40 31 97 31 11 31 12 0 23 6 91
74 37 38 19 69 64 14 57 8 96 97 43 5 71 20 3 38 5 21 35 33 34 6 50 55 89 24 3 9 6 37 23 13 96 81 1 77 24 21 53 3 91 19 5 14 14 21 7 74 14 77 37 58 25 58 61 55 17 6 57 3 66 59 18 3 17 82 28 2 13 18 77 41 36 98 12 12 41 9 11 92 6 71 9 5 56 39 31 64 40 26 24 5 18 31 8 3 23 58 91
74 31 52 31 69 37 7 57 18 35 97 45 65 61 34 4 31 8 21 35 7 9 24 58 24 67 32 74 42 8 79 39 54 96 81 1 82 24 21 90 3 85 0 5 47 3 30 9 20 10 24 59 58 25 22 61 55 72 18 57 0 66 59 27 18 31 82 5 1 9 3 77 19 23 99 72 12 50 25 83 92 76 97 25 46 56 49 12 64 40 26 97 31 18 31 12 1 19 38 91
74 25 77 31 54 64 2 7 33 60 43 42 65 71 29 1 19 7 21 8 21 34 75 58 77 89 32 74 42 1 79 41 54 44 81 1 72 24 8 40 1 91 19 5 11 16 30 36 6 5 28 1 58 25 7 61 19 72 18 24 6 66 28 27 1 54 82 28 0 2 12 34 41 36 99 20 12 50 15 97 92 76 97 30 39 56 10 38 16 40 29 97 6 18 31 5 2 20 22 46
63 42 77 31 22 64 0 57 42 23 18 0 51 71 34 4 21 8 21 8 33 34 88 58 77 46 31 74 24 8 75 41 54 96 81 1 58 24 21 90 3 91 8 0 46 11 28 35 74 13 77 59 18 25 83 61 11 72 18 12 8 20 59 7 18 17 82 10 0 4 18 29 39 24 99 72 12 21 25 97 92 61 62 30 41 56 57 38 35 40 31 17 31 18 22 12 3 10 58 37
64 42 42 22 9 64 11 9 24 80 19 18 65 71 1 4 26 8 21 35 33 9 58 27 77 85 32 30 42 13 29 32 54 96 12 1 82 12 21 8 0 91 18 5 47 1 30 33 50 99 77 59 49 10 83 58 25 72 18 57 9 41 25 3 18 54 18 28 2 13 18 4 41 4 3 9 12 50 25 56 92 50 97 22 46 56 22 30 64 40 31 97 27 5 31 12 1 20 41 91
74 42 40 31 69 28 3 57 4 96 3 45 19 9 34 4 38 8 12 35 33 34 88 58 76 19 28 33 42 8 79 41 32 96 81 1 82 14 18 90 3 91 19 5 47 16 23 26 74 28 13 30 34 25 12 30 31 72 14 57 5 66 59 27 2 54 53 9 2 4 18 77 41 36 23 7 12 50 7 81 24 76 97 23 10 51 41 9 26 12 31 97 10 18 31 4 3 23 58 91
74 31 77 12 69 41 14 39 20 96 97 45 27 40 34 4 38 8 14 8 33 34 4 42 77 89 32 71 21 6 79 12 32 42 81 1 82 24 19 90 3 91 19 5 47 0 8 36 44 99 8 23 58 25 70 61 55 72 17 57 5 66 59 19 2 6 82 7 2 13 18 77 22 27 83 72 11 50 2 97 63 46 37 30 32 24 76 38 64 5 31 47 31 18 31 12 3 9 58 91
74 42 77 31 12 23 2 57 42 96 97 27 65 59 14 1 36 1 21 35 33 17 88 58 28 45 19 74 39 13 79 41 14 5 75 1 70 24 2 60 3 91 15 5 47 16 21 36 74 27 67 58 58 25 75 21 25 67 18 36 7 66 25 27 12 27 82 9 1 13 7 6 35 36 34 66 12 18 25 75 92 76 65 25 46 47 52 38 64 40 31 97 22 14 3 12 3 14 38 49
19 17 77 31 44 64 14 20 42 96 97 45 65 71 34 4 36 1 21 35 33 15 78 51 42 27 32 74 42 13 79 41 52 96 81 0 82 10 21 90 3 52 5 3 45 3 30 36 74 91 77 59 26 25 83 39 36 72 0 52 0 66 30 17 18 52 82 1 1 13 18 37 41 23 99 72 12 6 25 43 92 63 3 30 40 15 76 17 43 40 31 41 31 0 12 12 3 16 58 26
74 42 29 3 47 64 10 57 29 72 66 38 65 21 34 4 38 2 21 16 33 34 28 18 69 89 32 74 8 6 79 41 14 96 81 1 70 24 11 9 0 91 19 5 31 15 30 36 74 99 10 25 58 25 10 61 55 72 18 13 9 66 59 14 18 42 82 10 1 9 9 29 41 36 86 72 11 37 9 88 17 39 97 30 35 45 39 38 64 40 31 13 31 18 7 12 0 5 8 53
74 35 71 31 18 23 14 57 42 96 97 6 65 8 34 4 8 3 1 24 33 34 23 29 77 89 32 74 42 13 54 41 54 96 81 1 28 24 14 90 0 91 19 5 47 7 30 9 74 48 77 54 35 25 30 61 23 31 0 57 9 66 9 27 18 20 82 28 2 13 11 59 39 36 99 6 12 22 25 94 92 73 97 30 35 56 76 19 1 40 31 97 31 17 31 12 3 23 58 91
74 38 77 31 47 64 14 23 42 32 48 13 65 71 18 1 38 8 16 22 33 14 53 58 77 89 3 74 23 7 79 41 54 96 81 1 58 2 12 90 3 37 12 3 3 16 23 34 74 42 77 12 58 25 83 61 40 72 15 40 9 66 55 22 18 29 82 28 2 13 1 77 41 36 99 15 5 50 25 89 7 26 97 30 12 38 76 38 13 40 31 97 31 18 28 10 3 23 20 91
74 42 77 26 19 21 12 57 40 96 97 37 65 34 34 4 30 8 21 35 33 26 88 32 77 5 0 74 42 13 79 41 54 61 20 1 82 24 21 90 0 79 3 5 47 3 30 35 56 99 77 18 58 25 33 61 55 72 0 52 7 66 59 14 13 0 11 10 2 10 1 13 14 26 17 72 3 50 23 97 62 27 97 30 46 56 34 38 64 40 31 1 31 8 31 12 2 15 11 91
0 42 50 31 40 64 14 57 42 96 0 44 65 71 23 0 30 6 0 35 33 1 76 58 77 89 32 74 42 0 79 4 54 7 21 1 82 11 21 90 3 91 19 5 47 0 30 36 74 99 77 14 45 25 56 56 55 72 16 21 0 23 59 27 18 45 8 14 2 13 9 77 29 15 85 72 6 50 25 60 41 76 97 6 45 56 76 35 64 40 31 47 21 18 31 0 1 23 56 61
74 42 77 18 69 53 9 57 26 96 97 45 12 71 26 0 0 4 4 12 7 24 21 58 77 89 32 44 42 13 79 3 22 72 81 0 82 24 0 23 1 41 19 5 16 16 30 31 74 99 77 59 50 19 9 61 55 46 11 57 9 0 59 27 7 54 82 16 1 13 0 77 37 23 99 43 12 50 14 97 22 76 97 13 46 56 15 7 1 1 20 33 3 18 31 12 3 23 44 91
4 42 77 4 6 43 2 57 38 60 97 45 5 1 34 0 3 8 21 6 8 34 42 12 77 89 1 74 42 13 79 22 54 38 81 1 31 24 11 71 3 91 1 5 47 16 27 22 74 50 50 59 58 25 83 27 1 72 18 34 9 66 59 27 11 54 82 28 1 4 1 61 29 36 70 13 12 12 23 97 92 76 41 30 46 32 5 25 62 40 31 97 24 18 20 0 3 7 44 61
20 30 67 13 69 6 8 53 42 96 97 37 20 71 34 2 38 8 21 28 32 14 69 33 24 52 0 24 1 2 79 30 4 96 77 1 25 9 21 90 2 91 3 5 27 16 12 36 32 99 19 7 14 25 61 19 55 15 18 57 6 42 59 8 18 54 1 3 2 4 9 14 41 36 99 13 12 13 25 61 92 33 97 30 46 56 76 38 36 40 31 97 15 3 29 12 1 3 58 91
74 42 72 31 61 64 14 57 2 33 97 18 62 53 7 2 38 5 3 25 16 13 14 49 77 89 25 58 41 13 52 25 23 56 28 1 82 17 21 42 3 91 19 4 34 16 30 36 74 84 60 59 58 1 39 60 55 72 18 54 0 26 56 27 15 54 82 28 2 13 18 77 41 22 99 72 12 39 25 97 62 39 97 19 34 56 76 5 55 40 31 97 24 1 31 12 3 1 58 91
74 42 17 14 69 41 8 56 0 77 97 45 26 22 34 0 32 8 10 35 26 5 22 49 39 72 4 49 15 10 0 41 24 96 23 0 3 19 21 49 0 91 2 5 8 9 9 36 72 99 29 32 58 24 51 61 39 72 11 33 9 1 59 27 1 47 82 13 2 4 18 46 41 36 39 19 12 50 25 97 92 76 97 15 46 56 76 38 34 40 13 97 31 8 31 12 2 15 58 91
74 21 42 31 35 64 14 57 42 96 78 45 65 71 21 1 10 8 4 35 26 34 88 58 39 29 32 74 42 8 79 41 54 52 81 1 62 24 21 90 3 24 19 5 20 4 30 33 74 99 8 59 9 16 45 26 55 8 18 57 9 66 59 18 3 49 82 28 2 12 18 70 41 36 60 72 12 5 7 38 92 76 97 10 46 56 34 9 8 40 29 70 31 18 31 12 1 13 1 87
74 42 33 20 22 4 13 44 42 96 97 45 65 50 5 3 6 5 13 35 33 34 53 58 77 76 32 74 42 0 79 41 43 96 20 1 63 24 3 90 3 65 19 5 47 9 30 36 12 57 33 59 58 25 68 13 55 67 18 57 9 66 16 27 18 5 50 28 2 13 9 41 40 12 77 18 6 50 21 59 84 47 29 24 4 1 76 38 64 40 29 0 31 18 31 7 2 23 20 36
2 10 69 31 50 64 11 57 42 82 43 45 21 10 17 4 38 8 18 35 10 34 49 58 39 89 7 30 42 13 79 41 48 96 27 1 82 15 0 90 3 80 3 5 37 15 19 30 74 99 77 59 58 25 83 61 45 72 18 32 6 10 59 27 17 16 82 28 2 6 8 48 41 36 27 72 12 50 25 94 52 21 75 30 46 2 76 38 21 26 10 97 8 17 0 6 1 14 58 91
26 42 42 25 69 64 1 57 42 73 97 8 65 36 17 4 5 1 21 11 33 28 88 56 77 18 7 21 26 12 41 41 54 19 81 0 11 2 7 22 3 20 19 5 25 16 14 36 74 99 75 59 54 12 25 61 55 37 17 57 9 64 59 1 4 54 35 0 2 7 18 77 41 36 98 53 11 13 12 66 58 63 97 4 46 52 70 38 33 33 24 71 17 18 31 12 3 13 58 27
74 22 7 18 69 16 3 47 42 96 97 45 65 43 34 4 13 0 21 35 33 34 26 58 77 89 1 74 11 2 79 31 16 20 42 1 82 24 21 90 2 83 19 5 34 1 22 16 74 99 77 59 21 10 27 34 33 72 18 19 9 36 59 15 18 42 39 5 2 13 5 77 41 36 99 72 1 20 14 32 92 76 73 26 46 16 72 38 49 40 25 97 31 18 9 5 3 23 29 91
39 0 20 24 15 1 14 57 42 96 68 45 65 52 34 1 38 8 21 12 7 34 44 58 77 89 32 74 7 13 1 34 54 8 29 1 35 6 21 28 1 55 19 5 47 16 29 36 12 87 77 13 58 25 38 61 30 72 4 57 9 66 35 17 18 54 20 1 0 8 18 44 19 9 41 72 12 46 11 97 92 76 97 30 2 56 76 15 64 40 0 87 28 18 31 0 3 23 54 91
74 24 36 31 69 50 8 35 32 96 17 8 37 52 0 4 38 8 21 35 33 34 33 58 35 89 27 74 22 0 6 0 54 8 81 1 82 12 0 11 3 9 19 5 26 16 30 36 74 43 77 59 12 25 38 61 45 72 18 57 6 66 59 2 18 20 82 28 1 12 1 51 41 5 99 72 12 1 22 97 54 76 65 30 46 56 76 38 64 40 31 75 31 18 31 3 2 19 58 91
74 42 53 28 65 64 7 6 42 96 97 44 33 35 34 1 38 2 12 35 14 34 88 36 64 25 32 74 28 13 79 41 25 27 7 1 82 17 21 58 3 36 19 5 47 13 30 36 74 99 77 29 58 25 15 30 55 72 18 57 9 54 14 18 18 54 82 1 2 3 18 23 24 26 99 69 5 6 25 31 92 61 97 30 46 56 76 38 64 3 31 34 17 18 31 4 2 15 28 91
70 42 33 31 63 7 2 34 42 96 44 45 43 43 0 4 27 8 21 7 33 30 38 58 77 89 32 74 23 13 48 41 31 29 66 0 79 24 21 88 0 45 5 5 15 8 30 36 74 99 14 59 21 4 60 25 55 72 18 57 9 66 9 27 14 30 17 28 0 13 18 77 41 20 76 22 7 7 19 97 57 68 49 30 33 56 76 38 60 0 31 97 31 15 31 12 3 23 16 91
74 20 49 31 61 64 14 5 0 52 97 45 65 32 26 4 15 8 21 18 33 20 66 8 77 56 8 47 4 12 79 41 54 6 81 1 82 24 21 90 3 41 10 5 47 16 23 36 74 43 77 13 53 6 83 61 51 72 18 57 6 59 45 18 10 54 82 17 2 13 3 2 15 36 99 72 12 36 7 62 92 76 62 3 46 3 76 38 23 9 31 35 26 13 31 1 3 23 58 91
2 42 6 31 9 64 6 8 42 6 97 31 65 28 34 4 7 1 21 29 33 34 88 58 77 89 32 66 42 13 48 10 54 2 81 0 82 24 10 90 3 91 14 5 31 7 30 36 74 44 46 29 58 17 51 23 55 3 0 10 9 58 19 2 15 52 58 28 2 13 18 20 41 36 99 17 12 6 25 77 92 28 84 30 46 56 76 38 64 40 31 95 31 13 31 12 0 2 26 91
74 34 52 31 52 51 10 57 42 53 97 45 41 71 34 4 38 0 21 35 33 34 88 35 32 89 32 54 42 10 79 16 4 96 81 1 10 24 21 90 3 61 19 5 47 15 30 14 45 99 77 59 1 23 38 25 26 72 3 5 9 66 59 27 18 54 82 28 0 13 5 77 41 7 88 50 12 24 25 97 82 76 44 16 41 28 69 38 49 40 31 21 31 18 31 9 3 0 58 44
23 42 38 17 22 64 2 54 4 3 97 45 65 71 34 4 33 5 19 35 11 34 88 12 25 89 32 36 42 13 79 0 54 96 81 0 82 1 3 77 1 91 19 5 33 16 12 13 74 99 77 59 58 5 83 61 10 28 18 33 9 30 16 27 0 44 47 13 1 13 12 77 30 29 99 60 9 14 25 65 37 33 97 7 46 56 19 32 64 19 31 61 22 3 31 12 0 13 31 79
74 42 13 31 40 64 14 5 42 19 97 19 9 71 27 4 38 7 3 35 30 34 88 22 77 47 10 74 42 5 79 36 54 96 52 1 82 24 21 34 2 88 16 0 45 3 30 14 74 99 73 59 58 25 0 61 24 72 1 57 7 30 56 0 4 0 65 22 2 8 16 19 5 36 99 72 10 35 12 97 92 76 97 30 12 56 62 38 64 40 31 97 28 12 7 12 3 21 2 32
74 42 77 23 69 10 14 57 36 27 67 15 9 71 18 1 0 6 11 35 30 3 44 42 77 61 2 74 42 0 79 41 54 91 27 0 82 4 21 13 3 45 19 4 47 16 30 36 74 99 77 59 58 25 83 2 55 72 4 57 4 15 59 27 18 3 47 28 2 13 18 8 2 24 99 45 12 19 25 2 31 63 37 30 46 56 76 38 64 40 31 97 31 18 31 2 2 2 58 56
58 42 6 31 37 64 14 43 10 91 29 16 65 71 34 3 0 0 21 35 0 34 67 58 61 48 32 52 15 10 79 9 6 96 81 1 82 24 8 46 3 55 6 1 31 16 11 5 38 2 38 22 58 20 83 44 55 48 18 57 9 6 4 6 18 54 82 10 2 4 18 77 19 31 99 72 12 50 0 97 92 50 97 30 30 38 76 38 19 40 31 7 13 6 31 0 0 23 58 86
52 42 77 24 28 30 9 57 42 96 63 19 15 71 34 4 4 1 21 35 33 21 88 39 72 32 7 0 42 2 79 15 54 50 53 1 82 2 20 90 3 91 18 0 47 16 30 36 74 99 3 35 58 20 59 61 55 72 18 1 9 22 59 27 5 19 26 28 0 13 18 77 41 15 99 72 12 2 25 29 92 76 97 30 36 56 56 13 59 40 31 19 31 9 13 3 1 23 58 53
51 17 10 31 69 43 14 3 27 96 97 3 20 71 17 4 24 7 17 6 33 34 38 1 58 60 20 61 42 13 79 37 54 44 71 1 82 24 21 90 3 57 7 4 47 0 30 36 74 28 77 18 29 25 83 61 54 72 18 18 9 43 13 10 10 16 51 13 1 13 18 77 41 18 99 68 12 50 25 97 88 19 84 30 1 56 42 38 64 14 27 93 18 2 31 6 3 12 58 7
74 42 54 16 66 64 8 48 24 96 18 45 65 71 6 4 38 4 16 2 33 34 88 58 77 23 10 23 42 12 76 19 48 27 30 1 82 12 21 70 3 4 6 1 36 1 30 33 31 91 77 59 51 25 83 61 13 62 18 24 9 66 17 7 5 54 82 10 2 11 18 77 8 36 99 72 0 47 25 66 92 76 97 12 46 56 76 20 64 8 31 68 31 18 31 5 1 23 58 38
74 42 0 31 24 21 7 12 35 96 97 18 65 48 34 2 38 2 21 9 26 22 82 58 77 84 32 18 18 13 79 34 33 96 30 0 58 3 1 5 3 66 19 5 47 16 15 36 74 99 32 57 51 11 21 61 55 31 14 57 9 61 59 9 1 17 75 27 2 4 3 77 31 36 38 8 0 50 10 39 31 69 97 16 46 42 76 38 19 40 31 97 13 14 11 4 3 23 43 22
74 41 77 31 48 64 14 57 41 33 33 19 3 71 2 4 38 8 16 29 33 21 31 48 3 65 32 74 22 13 0 41 54 96 49 1 82 24 21 90 0 51 19 5 47 7 30 25 74 1 34 16 58 18 83 61 55 19 17 9 9 66 59 27 18 45 82 28 2 13 18 74 39 9 99 72 12 3 0 95 64 76 72 21 46 56 55 38 4 23 20 75 31 5 25 10 3 23 17 54
25 25 77 22 64 64 0 30 42 96 97 32 50 71 34 4 36 8 21 14 33 26 88 58 77 3 22 30 26 13 79 41 54 96 81 1 82 24 11 90 3 38 19 2 23 16 30 33 44 55 73 22 43 25 83 56 55 32 2 3 5 66 41 21 18 54 82 28 1 13 18 59 41 4 99 72 4 50 21 27 92 76 97 30 46 39 76 23 64 12 31 97 31 18 26 12 3 23 12 83
74 42 77 10 26 64 14 57 10 31 97 45 65 25 34 4 1 8 21 14 4 24 88 58 44 89 32 40 42 13 18 41 33 96 32 0 82 24 21 90 3 63 3 5 38 16 12 36 74 99 77 59 58 25 1 61 46 51 15 57 9 52 5 27 0 54 21 28 2 13 3 9 41 36 99 72 12 50 21 97 88 76 97 13 46 24 18 23 56 6 31 47 18 3 31 3 3 23 44 40
28 37 77 31 20 64 14 57 42 83 97 39 17 24 34 4 37 8 21 35 33 19 40 52 77 0 3 17 42 0 79 30 20 27 81 1 82 24 21 90 3 91 19 5 30 12 30 36 74 81 77 59 58 0 83 61 1 72 12 8 9 4 54 1 18 48 72 28 2 13 18 77 40 16 47 66 12 20 25 97 32 38 97 30 25 56 57 38 64 30 31 73 31 18 31 5 3 2 4 91
48 41 77 28 69 0 9 57 16 96 97 0 65 71 14 1 38 8 0 26 33 8 16 58 77 89 20 27 11 9 79 31 54 96 60 0 51 24 21 84 3 91 19 5 33 16 30 36 74 99 77 59 58 8 83 47 1 43 18 57 9 66 59 23 14 54 25 7 1 13 10 77 9 36 99 72 6 12 25 97 92 76 8 30 25 56 76 21 64 40 31 25 31 0 21 2 3 16 58 17
29 6 77 28 69 64 14 57 42 96 97 6 65 71 34 4 38 3 21 28 33 34 19 6 59 39 10 28 42 13 79 35 22 96 62 1 82 0 21 24 3 66 19 5 47 13 30 36 74 99 26 59 58 8 83 30 55 72 2 57 9 6 59 27 13 54 73 4 0 13 18 23 25 36 14 57 12 50 25 97 92 76 97 30 19 56 76 25 64 40 2 95 15 9 31 12 1 23 58 78
74 12 77 11 47 59 13 57 40 2 97 45 65 71 34 2 36 8 18 35 31 34 64 58 17 89 18 74 5 13 59 41 23 52 38 1 82 24 3 31 3 72 19 5 44 16 30 36 28 30 42 59 55 24 78 61 55 2 18 57 9 25 9 16 18 54 26 25 2 13 11 50 41 36 73 72 12 50 25 97 40 31 97 30 28 56 76 38 39 18 31 39 31 18 31 7 0 2 14 23
74 42 10 13 69 64 12 14 40 96 32 45 65 39 34 4 38 8 18 16 2 34 88 11 1 89 32 20 25 13 79 41 2 96 81 0 82 24 21 52 2 66 17 5 47 0 3 36 32 76 77 51 17 25 11 56 7 72 18 20 9 6 34 27 18 33 33 7 0 1 4 33 31 33 99 72 12 50 25 97 92 76 97 30 22 2 76 38 64 40 31 97 31 17 6 0 3 20 0 91
68 42 20 29 51 28 14 57 2 68 97 26 65 33 14 4 32 2 21 35 33 29 68 20 27 89 32 51 42 6 79 41 54 75 81 0 1 24 21 90 3 47 18 5 8 16 11 3 3 30 55 59 12 21 83 13 46 72 11 57 9 18 55 23 3 26 82 28 1 13 18 14 38 18 96 72 12 50 25 97 67 16 85 23 15 56 76 32 9 40 31 97 31 16 22 12 1 21 58 71
27 27 9 0 55 64 4 57 42 96 13 45 47 71 34 4 33 8 21 35 6 34 56 58 43 89 32 74 42 13 10 7 20 96 76 1 82 24 6 59 3 91 6 2 47 10 30 18 74 51 77 28 58 25 52 61 55 72 1 57 9 62 59 27 18 37 52 18 1 13 18 59 41 36 99 46 7 50 25 81 92 76 80 30 31 53 76 16 5 3 31 97 31 18 10 5 2 23 58 91
20 13 13 2 69 64 14 57 42 95 71 45 65 55 15 1 38 8 21 24 8 34 88 58 77 89 32 11 7 3 16 19 54 74 81 1 60 4 18 21 3 90 19 5 23 9 30 10 74 99 77 59 58 10 83 18 55 72 9 57 9 5 8 23 17 41 44 28 0 5 18 66 3 36 85 58 12 50 25 97 4 76 97 13 33 56 76 34 1 40 31 57 7 18 13 0 3 23 58 91
74 4 77 23 69 35 4 45 42 44 47 45 24 16 2 3 38 5 11 35 33 34 88 14 77 89 32 74 42 13 79 18 54 96 81 1 11 24 19 49 3 91 19 5 47 16 30 23 74 43 77 22 52 25 37 61 55 72 18 34 3 65 8 27 6 54 82 25 2 13 18 77 41 22 25 66 12 28 20 97 92 76 56 6 46 56 50 10 33 16 8 97 5 13 2 8 3 23 53 91
74 42 20 16 69 3 14 57 4 96 97 45 34 71 34 3 38 8 21 5 6 34 88 49 77 25 1 74 42 13 42 7 54 96 81 1 14 16 21 90 3 41 18 5 47 10 17 26 36 99 68 23 50 25 43 16 55 72 2 27 2 66 56 27 18 54 42 28 2 3 18 77 23 1 99 72 6 50 25 33 92 76 49 30 17 56 76 34 20 40 31 97 23 18 8 3 3 23 54 91
74 42 77 7 30 64 3 57 24 82 97 9 65 71 34 1 15 7 14 35 33 34 88 58 77 89 11 70 12 2 50 41 2 96 28 0 3 7 5 90 3 82 13 5 47 2 19 31 74 83 17 59 19 7 83 61 55 72 18 57 6 38 55 0 18 9 82 28 2 13 18 8 41 17 22 72 12 50 25 97 23 76 97 30 46 15 13 29 2 12 31 79 30 10 31 12 3 1 24 91
35 17 70 31 59 64 13 57 16 72 97 11 65 18 16 0 38 4 18 35 20 32 2 58 77 28 14 74 28 13 79 35 54 65 81 0 35 24 11 24 2 63 14 5 40 12 30 32 6 41 68 25 33 12 69 35 44 72 11 57 9 10 17 4 16 23 82 8 2 13 18 25 18 36 99 72 11 32 25 97 13 76 97 21 46 56 50 18 64 38 29 97 31 18 28 12 0 23 47 91
60 7 77 31 7 58 14 55 3 45 97 7 65 71 7 0 28 2 21 11 30 1 28 58 77 9 32 74 42 13 66 39 54 96 81 0 81 24 21 90 3 4 15 2 47 0 24 36 12 99 34 46 3 25 83 61 31 72 7 57 9 66 22 14 18 54 82 22 1 13 18 22 12 20 99 18 11 50 25 34 92 76 1 24 4 56 76 38 64 40 31 97 31 18 1 1 0 2 58 91
4 42 28 31 69 64 14 14 42 96 23 14 31 22 34 1 38 8 11 35 33 30 88 58 77 89 32 63 31 8 42 41 54 74 76 1 40 1 21 28 3 91 19 5 13 16 29 36 19 99 77 59 52 12 74 61 55 72 18 57 5 66 58 27 16 1 23 16 1 5 18 0 17 36 99 54 4 32 20 97 92 76 97 22 30 56 2 38 64 35 31 97 31 18 31 12 0 23 58 89
0 34 25 31 69 64 14 57 42 96 97 45 65 71 6 4 13 8 15 16 18 34 88 6 77 89 32 74 0 13 26 41 54 59 81 1 82 24 21 90 3 91 11 5 3 16 2 1 37 99 77 59 58 6 83 61 55 72 16 57 9 3 59 27 18 54 50 5 1 13 18 77 41 36 99 72 3 50 5 97 92 76 11 30 33 56 76 2 16 40 17 97 3 15 0 12 3 23 28 67
74 42 38 31 69 64 9 26 42 96 96 45 65 71 34 1 38 8 18 21 14 29 88 28 77 89 19 74 42 0 41 41 44 96 81 0 82 24 1 90 3 40 1 5 47 16 20 24 7 96 73 34 22 16 37 7 55 72 18 57 9 66 59 26 6 15 82 0 2 13 18 77 18 36 87 34 5 50 8 97 85 45 97 30 7 56 76 23 29 40 0 17 16 0 29 12 2 23 2 91
74 42 21 31 64 14 14 57 42 44 97 45 14 71 20 4 32 7 21 35 33 10 31 58 4 84 32 36 42 13 79 28 54 31 81 1 82 24 7 73 0 44 19 1 47 11 20 27 20 23 46 59 58 25 83 9 55 72 18 57 1 10 10 6 18 4 66 28 2 13 6 77 41 30 93 50 12 50 25 97 40 76 97 30 46 34 53 38 0 40 31 97 29 18 23 12 3 23 58 47
37 39 65 28 67 64 14 57 42 96 62 38 2 71 4 4 38 5 21 35 33 15 7 58 77 89 18 74 42 3 25 41 54 3 81 1 82 12 18 90 3 91 9 5 13 16 9 5 74 99 77 59 19 25 31 24 50 15 8 57 9 66 48 23 18 37 82 28 2 13 13 77 41 2 32 72 8 50 25 97 37 76 19 13 15 28 76 35 27 40 31 39 11 0 4 12 3 0 19 5
48 42 49 17 53 64 14 50 29 85 97 33 16 3 34 2 38 8 21 35 3 33 64 49 44 89 19 23 24 5 79 41 37 3 81 1 82 24 3 31 1 42 0 3 20 5 30 29 3 32 27 59 48 25 83 2 41 26 7 57 0 44 59 27 4 9 82 12 2 13 18 20 41 36 99 0 11 50 12 70 92 76 97 26 24 56 76 38 64 40 31 97 27 18 31 12 1 7 58 10
54 42 24 4 59 49 7 12 33 96 97 18 65 71 34 1 38 2 21 3 23 34 51 58 77 89 18 23 17 5 17 5 54 96 69 1 82 9 21 90 0 49 6 5 34 16 26 36 53 99 77 56 23 10 48 21 12 4 18 57 4 66 59 27 18 25 82 12 2 6 18 73 41 36 99 72 7 47 13 86 6 76 97 30 46 56 59 38 60 40 1 26 31 18 15 12 2 23 58 91
3 42 56 31 69 50 2 57 39 35 85 0 65 71 34 4 38 8 21 35 3 34 88 58 77 80 32 24 34 11 46 32 52 96 81 1 82 24 1 90 3 91 19 2 47 8 30 36 19 62 31 6 58 25 83 61 17 30 16 17 9 21 59 27 1 54 29 18 1 13 18 47 0 9 45 72 12 30 15 55 59 28 97 16 21 36 76 38 5 40 1 5 6 18 31 12 1 23 58 91
74 27 4 27 25 14 0 22 11 96 91 8 46 54 9 4 38 8 8 35 3 34 88 5 77 41 23 60 42 0 79 41 54 43 53 1 29 24 21 39 0 73 19 3 28 6 9 36 74 1 77 59 47 13 12 12 26 72 3 57 7 66 59 27 18 54 74 28 2 13 16 41 41 1 0 72 1 14 25 65 6 76 97 15 46 56 26 19 34 4 31 97 31 11 21 12 3 3 11 91
74 42 77 31 64 36 5 20 27 96 81 2 65 71 34 4 12 3 21 35 33 31 88 1 77 23 32 31 42 7 62 41 9 81 81 0 7 24 1 6 3 91 4 2 22 10 13 36 45 99 77 59 58 23 83 12 6 23 18 57 9 36 59 27 18 36 82 13 2 13 5 19 16 36 6 72 9 46 25 90 38 76 35 30 46 56 20 38 64 40 15 97 20 0 31 12 1 23 11 91
74 42 77 10 21 64 14 57 3 96 8 26 65 71 12 4 18 3 10 35 33 25 88 58 77 43 7 2 42 13 78 41 54 96 81 1 33 17 4 88 3 61 19 5 44 16 30 9 63 97 77 43 58 3 53 40 55 72 13 57 4 6 38 20 18 1 82 28 2 13 12 64 35 25 40 41 12 50 25 97 58 1 97 30 46 56 76 3 64 39 31 97 31 18 22 10 3 23 58 91
74 10 20 31 60 50 9 57 42 22 97 45 65 29 10 0 28 6 21 35 33 34 88 58 77 89 32 74 3 12 79 25 54 96 67 1 82 24 21 90 3 44 19 1 47 9 30 36 60 99 77 59 58 21 26 61 18 72 16 57 1 66 59 27 17 54 20 28 2 13 18 3 41 36 99 72 12 49 25 24 92 76 97 30 46 56 76 38 33 40 25 97 31 3 31 12 0 12 58 91
74 42 77 31 69 58 14 48 36 96 52 4 65 52 6 0 38 6 21 25 23 27 88 28 77 76 32 74 23 11 79 41 54 96 62 1 82 24 3 90 1 69 19 5 47 16 30 8 24 99 31 59 58 7 83 13 55 72 10 57 9 66 59 26 11 54 38 2 2 13 5 77 36 36 99 72 12 50 25 40 46 76 27 30 24 56 76 38 64 39 31 97 31 11 8 3 0 23 58 9
69 37 39 31 69 0 4 14 42 96 97 45 49 71 9 4 38 3 2 17 30 18 88 46 77 79 32 19 35 7 79 41 54 96 81 1 82 18 14 24 0 87 6 4 47 16 30 36 74 99 65 46 47 24 83 61 55 46 18 57 3 66 8 14 13 48 82 3 2 8 5 77 39 36 99 57 3 50 25 60 5 6 84 30 46 42 76 13 64 40 24 97 16 0 31 2 2 23 58 59
13 9 10 31 27 32 14 11 0 34 38 25 2 71 20 4 9 2 21 14 33 29 88 58 13 31 32 6 42 13 79 41 46 83 72 1 82 24 21 27 3 91 13 2 2 3 30 36 59 99 77 59 58 10 83 61 55 72 18 2 9 66 34 24 18 3 1 28 2 0 6 12 41 22 99 72 12 40 15 11 22 43 97 30 46 56 15 10 64 23 25 97 31 17 31 12 0 9 25 91
74 42 0 7 57 26 4 57 32 41 11 11 34 38 5 4 4 0 21 35 7 29 24 47 18 6 32 41 20 1 32 41 54 49 81 0 69 18 11 31 0 91 19 5 42 11 30 36 72 96 17 59 5 25 20 61 40 72 13 57 9 66 23 1 18 20 3 22 2 13 3 43 7 36 92 72 8 50 25 50 92 6 46 30 14 40 76 38 64 40 30 71 31 18 23 12 3 23 58 91
3 42 61 1 69 64 8 57 42 68 22 9 38 71 28 4 38 3 4 35 18 11 42 58 77 89 32 70 28 5 78 41 20 96 73 1 82 8 21 75 0 91 9 5 47 16 30 36 74 99 77 59 58 25 83 61 28 44 17 57 9 27 59 27 12 54 82 28 2 13 18 77 28 18 98 72 4 46 25 2 92 56 12 23 11 56 76 38 64 40 17 0 4 17 9 12 3 23 49 91
74 5 77 31 15 2 14 35 42 11 97 45 65 71 34 0 38 3 21 4 33 31 63 30 77 35 32 34 42 13 32 15 16 96 81 1 64 10 21 90 3 10 19 5 47 14 13 36 25 78 77 59 58 25 83 61 5 40 18 14 4 66 39 18 9 28 13 9 1 10 7 77 41 36 99 65 12 32 8 97 16 76 97 10 46 41 76 38 64 40 24 97 31 2 31 9 3 23 23 52
