100 100
76 46 88 33 57 50 74 22 99 86 91 40 93 84 27 29 75 32 24 49 54 60 74 15 2 7 80 62 12 97 82 50 66 80 0 41 43 4 51 22 0 28 93 89 14 82 65 15 91 38 60 89 90 36 47 18 97 98 86 75 88 70 20 16 3 34 10 16 36 20 98 22 74 12 78 6 13 81 58 36 36 24 88 71 34 27 91 36 20 57 27 95 68 6 37 36 76 2 97 69
43 11 10 19 39 13 46 4 12 46 91 39 33 60 4 29 38 23 6 14 8 52 52 12 0 0 41 25 8 29 47 34 51 33 0 10 13 3 43 17 0 23 18 21 5 2 12 11 89 18 47 14 18 12 42 1 33 50 70 63 54 29 0 12 2 12 9 15 19 2 54 22 22 4 65 6 7 19 57 6 14 4 6 61 16 12 15 13 13 19 6 23 52 6 16 17 64 1 89 9
60 4 60 1 28 29 62 6 74 19 91 38 21 77 26 20 30 17 11 2 27 35 18 8 0 0 32 19 1 81 0 9 36 60 0 36 28 4 28 17 0 11 74 2 0 27 47 4 72 36 27 38 6 3 41 13 50 84 55 15 20 34 12 4 2 33 1 13 2 20 90 2 59 1 1 5 6 76 58 2 8 8 43 63 23 2 79 25 20 50 18 90 35 5 18 33 38 2 36 12
23 30 47 29 32 48 31 21 20 0 64 25 8 14 23 8 57 7 21 45 54 31 60 3 2 4 2 45 0 81 76 50 51 12 0 3 36 2 26 10 0 1 69 28 10 39 52 4 59 31 32 32 25 28 9 6 59 52 32 39 55 51 17 14 1 6 4 12 17 3 93 14 25 2 78 5 3 80 9 14 17 10 36 33 20 20 10 0 5 39 21 44 27 0 37 13 40 0 11 64
16 25 74 20 17 40 16 7 73 52 22 38 32 14 26 17 6 5 18 20 19 17 6 14 1 7 77 21 6 80 6 27 3 71 0 14 0 0 12 11 0 18 12 5 8 67 7 10 25 15 10 51 20 36 1 4 41 23 17 5 45 13 16 15 1 28 8 4 23 6 57 8 57 12 72 2 5 32 29 22 31 3 64 56 1 5 27 17 20 5 4 54 32 2 21 34 41 2 0 7
69 5 77 32 23 47 53 3 30 46 53 17 72 20 23 7 30 1 11 41 48 49 13 15 1 2 10 8 9 33 5 25 52 40 0 32 35 2 9 7 0 5 84 16 10 37 26 0 44 17 4 59 30 14 40 17 27 23 3 63 26 41 0 6 1 16 7 10 2 3 8 16 47 7 51 4 7 61 33 13 5 0 66 24 20 13 89 8 10 55 20 60 61 0 4 29 58 2 24 15
57 14 79 12 50 35 47 10 38 30 12 14 12 6 23 15 16 22 0 36 50 38 46 14 0 1 15 1 6 14 6 44 14 75 0 21 14 2 19 5 0 18 19 79 11 77 43 10 84 36 53 59 33 14 43 6 1 21 13 32 54 47 16 15 1 8 1 9 27 1 15 2 47 9 30 6 0 10 16 20 30 20 25 5 26 10 61 20 8 11 23 31 13 5 4 9 23 0 53 9
62 43 53 5 9 35 25 2 38 58 37 34 54 84 23 1 48 14 19 29 48 45 46 6 0 0 78 6 6 33 59 33 34 10 0 28 12 3 15 2 0 20 53 37 9 68 34 3 82 30 52 78 41 17 10 12 23 61 50 57 51 32 1 10 2 6 3 12 1 20 7 5 71 0 52 5 6 19 41 2 24 20 64 8 10 5 50 16 10 9 8 15 18 0 14 29 65 0 27 33
7 16 42 33 38 20 73 22 47 44 21 34 70 74 19 5 8 19 5 44 11 44 67 11 2 3 67 25 2 8 51 44 23 22 0 25 41 1 17 19 0 20 29 62 7 61 13 9 40 34 13 34 33 22 31 12 7 58 60 55 6 53 3 3 0 19 7 16 17 17 12 3 11 0 17 3 1 1 3 1 35 15 14 44 1 9 73 19 4 48 2 33 5 5 14 15 65 1 88 42
31 6 32 15 9 49 66 13 3 67 74 36 29 36 2 23 27 12 8 36 23 20 29 5 2 4 23 17 10 65 81 50 22 66 0 30 26 0 44 16 0 9 41 0 11 61 40 11 31 21 9 15 9 30 30 4 60 25 54 11 37 4 13 2 1 33 7 13 35 15 52 13 22 9 7 5 4 22 9 6 18 9 23 34 27 1 22 33 20 15 25 78 43 1 19 7 16 1 51 44
45 38 55 13 56 33 23 5 44 19 11 17 18 79 26 1 42 18 1 48 35 37 25 14 2 6 5 30 9 34 50 32 33 72 0 1 24 3 1 8 0 0 54 3 10 3 42 10 58 20 32 29 9 13 41 4 22 42 41 18 58 51 17 4 2 19 7 13 3 9 33 8 56 0 61 4 11 2 4 31 22 20 57 34 4 14 41 26 10 49 21 41 37 6 19 20 0 2 96 2
68 10 17 18 53 2 70 11 60 49 33 21 60 9 21 23 40 20 24 37 6 25 64 13 1 2 27 58 2 43 30 13 13 66 0 23 11 1 15 3 0 27 76 64 1 77 39 11 30 23 44 45 22 36 3 4 36 36 65 64 26 33 2 2 3 17 3 9 12 14 55 2 43 10 59 1 7 23 16 26 18 4 84 64 2 18 7 10 1 51 7 32 17 0 28 35 23 0 29 61
47 27 74 32 57 42 14 14 1 24 47 40 83 55 12 4 18 6 23 17 24 30 22 4 1 1 28 46 2 4 77 9 49 37 0 11 31 4 38 12 0 28 2 68 7 7 19 0 31 18 53 12 58 17 8 6 10 39 9 33 49 3 16 16 0 34 5 8 22 4 1 3 2 11 36 6 5 23 35 13 27 0 6 71 24 12 72 18 15 13 5 80 30 0 6 13 66 1 65 28
62 17 51 20 40 12 52 11 33 21 22 25 81 37 23 20 57 17 18 9 1 4 34 2 1 2 36 30 2 75 56 22 51 12 0 0 8 1 11 8 0 4 68 89 9 70 33 4 3 17 13 42 36 0 4 10 87 67 22 0 18 32 11 14 1 15 0 12 14 13 76 21 32 0 46 0 5 57 7 9 9 24 71 10 22 13 52 18 19 41 19 57 21 4 32 21 56 1 35 4
76 32 3 13 14 16 58 0 90 25 39 26 30 57 24 1 53 5 9 41 45 10 69 11 1 4 29 18 5 96 56 27 43 68 0 28 34 0 6 8 0 9 10 43 7 21 15 3 81 7 60 55 82 32 34 2 59 18 30 43 29 45 8 3 0 5 8 6 20 5 61 7 67 6 64 2 5 78 58 13 1 6 88 62 14 17 84 1 1 10 5 44 32 5 5 35 14 0 34 31
47 22 15 9 37 14 67 7 76 63 18 31 37 72 21 20 75 14 0 0 50 50 0 6 2 4 79 27 2 82 4 42 19 26 0 39 22 4 18 7 0 7 36 75 14 57 6 13 74 14 30 26 44 19 19 14 29 25 5 40 59 37 10 11 2 7 8 9 13 3 54 6 19 2 77 6 1 73 30 20 5 2 85 40 10 2 6 33 12 13 11 56 17 0 12 2 15 1 11 54
63 27 63 24 11 44 47 13 62 19 49 18 48 37 27 19 75 2 1 17 32 37 29 7 0 7 44 41 6 48 8 29 39 71 0 6 26 1 45 6 0 12 83 3 7 73 3 5 39 33 39 10 2 13 0 1 45 3 8 16 2 48 15 4 1 20 3 4 6 9 41 19 74 6 1 2 11 22 2 6 0 8 28 15 3 25 24 15 7 53 27 49 51 5 18 17 64 0 68 27
74 6 23 24 41 34 22 10 23 70 68 20 57 40 20 15 43 3 2 16 32 10 65 7 0 6 56 48 12 81 1 0 54 46 0 15 37 3 35 22 0 17 8 87 8 81 27 1 74 6 11 82 80 21 1 7 61 1 59 63 7 38 18 12 1 28 7 8 3 13 61 13 55 4 13 6 2 1 9 17 30 24 1 23 2 20 88 3 17 34 9 62 33 2 18 25 12 2 36 29
60 37 34 11 3 4 59 19 94 29 24 13 22 5 17 14 2 24 3 19 21 59 62 13 2 3 4 10 6 26 44 15 55 38 0 35 14 3 35 3 0 19 73 69 12 32 10 14 40 9 21 15 18 21 8 14 96 0 56 50 81 27 20 7 0 33 1 13 3 10 56 10 27 11 9 5 7 3 16 6 35 23 25 35 24 2 50 31 17 43 7 83 25 5 16 25 50 1 39 19
41 2 37 23 46 11 6 6 75 25 65 6 70 71 18 19 73 24 23 46 6 25 1 7 0 6 0 9 11 65 26 18 16 29 0 25 6 0 27 15 0 26 47 46 2 82 48 1 25 26 5 6 42 13 35 18 66 1 72 22 55 49 9 1 0 28 1 11 25 7 81 15 40 10 32 2 11 65 12 21 29 9 10 59 18 16 77 8 4 1 15 77 43 6 25 20 2 1 73 28
28 45 78 18 26 36 25 15 51 47 31 10 16 29 11 15 11 22 17 24 15 48 64 15 0 1 37 36 4 45 52 31 8 42 0 31 16 3 30 8 0 4 22 70 14 31 1 10 22 2 45 88 64 10 19 12 32 53 19 16 19 60 7 7 3 8 5 2 26 18 75 19 14 12 55 1 5 81 7 22 15 21 20 60 13 23 38 7 14 37 9 23 13 0 29 35 43 0 23 68
64 12 57 25 33 41 65 13 0 81 47 28 32 28 15 3 58 18 8 26 41 33 56 5 1 5 79 28 3 86 63 14 32 34 0 19 12 1 40 19 0 3 92 85 6 9 1 3 24 19 31 20 63 21 39 4 60 87 74 14 13 32 7 15 2 30 10 10 1 3 55 9 28 5 33 2 11 38 32 0 0 17 24 21 4 15 58 6 2 44 6 66 8 0 18 10 76 2 24 35
71 8 68 26 40 27 8 8 31 53 78 17 12 10 18 4 33 20 3 7 1 47 27 0 1 1 61 31 1 42 66 32 2 20 0 6 9 1 38 0 0 15 29 59 13 70 42 9 30 18 58 45 36 32 14 14 50 85 66 26 86 31 5 13 0 34 10 5 28 0 17 9 67 3 3 4 13 70 50 30 34 3 74 61 15 12 38 10 3 55 13 40 20 5 3 6 35 1 92 47
75 19 64 26 24 38 51 12 5 4 56 25 81 23 23 5 11 25 23 26 37 59 56 3 1 3 38 59 6 17 53 8 48 13 0 35 13 1 24 6 0 24 10 24 1 44 24 8 33 16 26 24 7 13 17 12 26 17 42 21 13 62 20 7 1 28 10 14 29 19 81 2 40 5 2 5 1 51 20 32 14 18 4 18 24 12 71 34 8 42 27 79 32 1 14 6 53 2 32 69
6 22 38 13 32 35 3 19 72 57 70 25 6 26 4 27 6 4 11 4 46 8 32 1 1 2 50 57 10 14 45 1 40 28 0 37 2 3 5 21 0 2 71 81 4 72 2 5 47 13 32 2 40 19 25 9 41 67 31 14 65 13 20 13 1 31 7 11 5 9 67 19 49 8 25 5 4 39 51 13 33 17 29 38 20 18 32 33 9 44 19 34 38 1 12 10 69 0 43 55
55 42 79 28 49 13 39 18 30 12 48 39 75 66 20 3 4 10 1 6 3 25 19 11 0 4 63 43 12 65 27 29 48 33 0 7 39 4 14 0 0 8 11 1 6 27 22 2 14 21 28 39 86 28 22 2 97 48 35 66 24 61 12 7 0 31 8 16 34 1 33 3 35 8 12 4 13 23 10 11 28 13 76 16 10 27 86 10 9 48 9 16 13 6 17 19 60 2 91 31
9 27 9 23 31 43 50 21 24 22 61 31 69 66 16 13 3 16 21 16 15 9 24 12 2 0 14 45 12 91 40 34 5 44 0 1 3 4 35 17 0 19 61 86 0 50 52 7 63 24 39 18 53 2 31 14 28 35 7 14 36 2 15 5 0 18 6 8 17 1 64 20 27 12 26 0 9 50 6 35 24 1 42 14 26 17 0 19 14 14 14 37 60 6 36 8 8 0 54 54
10 17 31 26 28 2 52 14 9 84 22 7 80 27 19 7 22 14 20 33 12 48 42 14 0 6 46 26 5 78 48 19 31 60 0 26 37 3 3 2 0 2 45 19 3 25 50 15 54 23 40 71 31 10 28 1 25 4 48 42 61 45 2 15 3 5 10 2 12 20 5 6 39 5 70 4 6 54 31 31 24 11 36 1 18 8 18 17 6 25 4 83 60 2 9 16 58 1 70 15
34 31 51 17 29 21 56 9 0 68 45 12 88 12 21 11 6 9 0 1 11 17 66 8 1 5 57 36 11 74 20 4 44 63 0 36 4 2 31 9 0 9 6 36 10 79 54 11 77 1 42 71 22 5 20 9 2 16 68 3 65 32 9 14 2 7 5 0 18 18 91 4 54 12 25 1 13 17 26 14 24 20 22 43 26 4 37 21 7 18 20 77 56 0 11 32 50 1 5 48
62 11 16 10 3 9 40 2 60 35 64 37 8 0 22 0 29 15 23 30 8 42 28 9 0 5 28 28 0 39 29 29 66 3 0 18 21 3 44 22 0 8 18 12 7 60 59 8 42 23 34 85 2 12 19 15 84 53 27 50 18 65 4 6 1 11 2 3 35 9 81 12 13 7 10 6 11 34 21 21 8 5 75 15 10 19 6 0 14 38 20 67 16 5 20 23 55 1 39 21
3 13 15 6 20 26 6 3 85 84 63 28 73 41 25 12 57 2 7 25 35 5 74 10 0 0 50 61 9 46 56 43 26 22 0 15 6 2 47 9 0 23 5 89 13 42 9 1 1 2 36 87 79 16 3 8 4 66 2 28 38 33 3 6 2 5 3 13 14 16 18 19 65 3 24 2 1 18 19 3 29 6 38 18 10 7 41 9 18 44 26 38 24 3 36 15 74 1 27 46
54 25 70 31 25 48 37 19 90 18 91 8 49 72 23 20 28 0 3 43 20 37 22 8 2 4 31 15 8 22 17 10 19 43 0 25 13 3 46 4 0 3 86 50 11 68 16 3 20 29 31 40 72 2 25 2 75 11 83 33 68 49 8 3 0 4 1 10 1 15 17 8 11 12 3 0 6 61 31 31 36 8 84 60 33 17 0 17 5 14 8 84 27 3 33 27 26 2 76 41
12 44 75 11 18 12 26 10 51 29 85 35 47 9 1 6 0 8 1 28 3 31 52 2 2 3 73 20 12 95 4 15 3 54 0 39 32 1 46 5 0 17 75 72 3 56 47 3 78 18 40 73 38 5 4 16 69 93 38 29 41 50 15 0 1 23 3 10 12 0 46 13 5 0 20 2 2 20 47 25 12 1 1 49 16 9 76 3 8 37 24 70 58 6 0 32 44 0 76 59
58 15 74 27 14 3 28 3 14 52 17 26 18 46 19 21 3 3 5 6 15 16 41 5 1 4 59 43 10 34 61 24 57 7 0 33 31 2 45 13 0 9 47 25 7 30 40 14 26 2 54 3 5 20 16 9 20 51 63 10 38 43 1 11 1 26 2 10 17 14 33 6 72 1 15 3 1 68 43 21 25 11 15 31 30 21 63 23 20 53 26 69 65 4 24 33 36 0 15 46
36 1 32 11 52 13 2 20 44 12 81 29 43 74 1 6 11 5 7 27 19 23 46 8 0 6 75 49 8 64 40 6 7 3 0 14 35 0 1 9 0 8 38 71 14 69 57 15 53 37 31 1 0 15 15 18 5 34 2 35 83 55 5 12 0 29 1 4 14 0 46 14 53 8 74 3 7 11 41 10 7 2 48 24 23 5 70 18 20 20 9 15 61 2 3 32 61 0 91 27
3 8 76 27 57 31 43 0 85 39 63 40 24 78 6 28 75 30 10 31 19 20 14 12 0 0 3 28 6 87 67 13 10 6 0 4 1 2 13 17 0 14 57 45 1 46 61 5 19 12 7 9 84 24 13 3 63 28 25 71 18 40 0 14 0 15 2 10 12 7 63 18 3 0 58 5 3 68 33 30 4 20 19 65 19 14 78 24 3 19 22 47 35 2 32 22 59 1 6 25
68 1 8 16 49 10 25 5 43 9 49 13 40 31 16 23 45 0 10 10 4 36 5 9 0 2 46 59 11 3 79 20 18 15 0 31 18 4 43 21 0 11 79 41 0 14 31 11 15 13 29 69 49 29 15 8 83 69 69 45 41 50 17 12 1 1 9 8 31 15 56 11 70 5 65 4 0 7 16 32 6 0 2 21 4 0 71 14 13 11 12 4 63 0 11 17 3 2 88 21
1 6 29 22 13 46 35 21 59 82 59 4 93 70 20 0 4 28 24 5 15 30 55 14 2 3 24 52 2 82 54 25 33 33 0 33 3 2 2 13 0 8 49 25 11 53 51 11 9 23 36 77 1 31 26 5 86 97 73 63 46 32 10 9 3 10 0 3 3 19 9 4 27 1 19 5 2 46 40 35 16 3 63 15 23 24 13 17 0 54 17 17 47 4 37 14 70 2 52 32
24 38 7 29 37 19 8 4 49 67 30 24 31 75 27 3 65 4 2 35 46 54 66 7 2 7 9 59 6 20 52 27 46 58 0 28 14 3 14 8 0 11 60 74 14 42 37 14 55 5 49 81 7 29 16 16 7 52 43 68 13 40 8 6 1 12 2 5 3 6 86 14 47 11 27 3 10 21 15 12 26 12 50 62 31 9 84 29 9 31 4 44 53 0 34 9 63 2 97 62
48 8 77 7 50 4 44 10 92 37 28 18 4 52 27 28 54 26 12 5 9 49 67 0 1 0 73 37 10 10 32 42 49 37 0 25 36 1 49 21 0 16 61 1 4 1 6 10 60 20 5 25 30 22 21 2 33 22 67 56 52 62 15 3 3 23 6 5 36 6 25 11 20 2 43 4 5 36 0 10 13 5 17 1 33 24 0 25 7 19 25 40 51 4 28 26 38 2 38 31
67 39 40 32 30 17 39 18 23 54 53 17 56 79 15 19 10 2 6 36 47 31 27 11 2 0 25 21 7 40 4 14 33 58 0 36 6 1 19 1 0 22 2 28 2 60 28 4 5 26 55 30 43 30 44 17 2 83 10 69 47 25 19 1 3 32 0 15 21 11 42 10 14 8 58 0 0 25 50 25 20 22 67 54 23 1 67 2 11 27 26 47 34 3 32 19 23 0 74 50
63 15 8 7 17 5 27 3 81 3 41 25 17 24 18 2 35 26 3 19 44 39 18 15 1 2 9 12 3 66 24 33 19 24 0 34 5 0 25 3 0 10 75 39 10 35 43 0 20 12 34 54 52 29 15 9 81 74 7 13 39 13 5 11 3 1 7 8 26 6 92 9 23 3 27 1 10 5 58 0 23 5 63 39 23 11 33 7 6 52 6 80 64 1 29 21 26 0 33 39
55 13 54 33 25 17 0 1 70 8 50 30 55 49 2 6 64 18 4 38 50 58 8 3 1 3 61 52 4 50 52 32 52 62 0 6 12 2 50 2 0 15 82 69 3 15 20 15 75 8 17 67 64 18 24 10 91 16 77 53 32 63 15 1 3 31 4 8 15 7 98 15 29 8 45 2 4 81 44 8 20 12 0 39 6 3 89 17 16 45 4 31 27 1 21 24 5 0 37 40
30 20 80 6 3 35 29 17 16 12 23 18 70 78 21 23 55 16 17 4 36 2 26 1 2 6 15 43 5 8 42 18 37 18 0 2 5 1 25 16 0 23 23 60 3 28 23 15 54 32 2 68 28 13 30 13 60 2 13 22 37 7 4 16 3 30 8 10 29 20 4 13 7 11 22 3 8 38 0 20 13 6 59 6 19 3 31 21 3 7 24 55 29 6 15 30 47 1 45 12
16 34 3 6 10 46 24 7 70 61 55 15 84 49 7 0 68 26 0 24 46 14 31 3 2 7 26 4 8 84 76 20 33 36 0 6 34 0 12 11 0 3 29 62 4 41 45 1 88 9 14 37 43 19 5 0 63 57 72 56 59 18 11 8 1 27 5 4 4 15 22 4 25 12 33 3 1 5 51 28 13 15 77 2 23 27 72 14 11 49 26 35 66 6 17 16 61 2 96 63
56 40 40 14 11 0 8 2 1 36 83 16 89 69 16 20 35 10 19 3 2 28 10 15 1 0 30 20 1 90 33 9 28 26 0 5 31 2 11 8 0 28 64 1 7 38 53 4 39 29 42 67 46 34 38 3 1 97 59 49 77 26 8 13 0 23 2 14 14 19 9 9 22 8 28 6 1 68 17 4 12 21 47 21 14 22 36 31 8 48 11 34 23 1 18 8 26 2 9 11
46 4 14 22 39 4 54 6 34 52 21 31 71 12 27 1 27 8 8 3 21 23 36 9 0 3 54 37 4 5 3 23 50 69 0 32 9 3 19 15 0 19 37 1 1 15 32 7 68 28 21 12 14 28 33 7 72 23 43 0 37 58 7 9 0 16 6 9 6 19 56 11 29 2 30 2 9 21 18 19 26 14 8 44 6 0 13 7 16 23 7 19 9 3 26 32 46 2 89 25
67 20 33 16 51 41 53 16 42 9 44 1 65 43 6 1 23 24 18 26 7 28 59 5 0 5 35 54 2 81 40 6 12 48 0 16 19 1 50 4 0 23 87 60 4 72 1 3 30 10 19 59 45 7 40 0 14 12 3 1 8 32 15 0 3 15 8 13 19 20 64 11 33 11 75 0 9 75 19 28 19 22 56 58 15 10 79 19 19 48 2 18 9 1 27 30 59 2 48 58
48 18 0 7 25 22 59 18 71 25 35 8 80 9 13 6 11 9 16 40 53 40 8 11 0 5 6 15 2 16 31 9 59 15 0 1 18 3 11 16 0 20 67 49 3 76 48 12 78 5 29 89 51 29 45 12 39 70 5 9 50 37 4 12 1 24 9 2 11 19 58 11 21 10 21 6 0 25 39 9 7 3 62 5 27 25 67 3 16 49 2 72 5 6 29 0 44 2 78 59
38 26 58 24 18 40 27 8 21 85 18 37 78 23 25 13 39 4 0 15 38 12 27 12 2 6 44 6 5 30 7 48 65 78 0 23 18 4 23 3 0 27 35 12 13 56 14 7 68 31 23 17 35 22 23 8 56 42 85 41 8 21 3 15 0 34 9 10 28 12 65 20 64 5 20 2 9 12 24 26 12 20 25 42 25 6 46 11 7 53 27 27 3 3 15 35 4 2 87 28
53 16 87 15 9 2 32 8 46 58 75 15 7 73 17 1 49 21 3 18 35 49 40 2 1 0 23 51 3 26 7 16 44 66 0 37 0 1 24 7 0 2 39 28 6 22 33 2 56 15 6 22 26 21 18 16 9 40 12 25 59 29 1 1 2 26 9 2 29 6 15 8 68 10 64 6 12 8 47 31 0 18 35 18 30 14 18 32 11 56 23 68 10 3 35 35 18 0 89 36
76 44 34 16 34 5 16 6 39 31 21 5 49 6 15 25 23 31 22 11 48 31 18 2 0 2 61 1 12 73 21 33 6 28 0 33 1 1 42 12 0 2 89 21 10 43 10 5 2 9 59 59 15 21 28 14 10 85 10 65 62 34 2 13 1 10 0 1 26 6 29 19 8 11 61 2 9 4 23 12 30 19 17 13 24 19 1 12 15 24 13 53 65 0 3 30 20 1 4 11
36 0 35 26 15 25 40 0 8 14 54 24 59 36 14 25 1 31 3 14 15 0 66 7 1 0 50 16 12 77 3 37 3 58 0 1 10 2 26 4 0 25 37 71 4 6 50 11 51 22 47 23 16 29 32 18 73 4 30 36 37 29 8 16 2 18 2 7 0 1 27 6 1 0 73 4 10 61 54 21 12 22 39 42 23 11 40 10 6 19 22 22 3 5 0 6 33 0 86 5
3 14 69 11 27 29 68 17 11 49 71 23 81 76 5 11 24 31 3 8 44 2 57 10 2 1 49 43 0 55 67 10 13 31 0 21 25 2 15 21 0 25 23 61 4 22 62 0 74 38 13 88 27 12 27 16 27 53 81 62 1 66 20 5 0 28 6 12 14 13 26 3 54 12 57 2 1 70 39 21 20 4 6 29 10 0 17 31 12 6 13 0 52 5 30 9 24 1 45 9
40 45 20 14 1 18 56 10 49 44 33 34 42 66 17 27 42 12 1 44 17 45 4 8 1 5 37 25 10 86 58 9 10 48 0 34 18 2 32 6 0 24 82 42 2 7 1 9 72 19 36 62 34 1 29 14 28 53 10 15 3 1 18 16 1 21 7 1 3 6 47 20 36 6 69 2 6 6 31 8 33 14 73 19 32 25 18 17 5 37 8 40 66 3 22 17 47 2 0 31
3 8 85 20 42 43 25 21 83 57 61 12 61 53 13 6 57 16 3 20 44 37 27 4 2 4 8 41 10 57 64 36 61 75 0 9 10 0 49 4 0 23 33 33 9 25 14 13 57 24 40 48 61 15 32 8 2 65 20 29 57 42 0 14 2 31 9 3 2 3 67 13 21 1 43 0 0 38 38 5 11 7 73 32 28 13 33 17 3 10 22 57 31 5 3 23 64 0 61 65
5 32 48 22 35 16 17 1 82 5 52 40 33 80 7 9 67 12 10 46 5 20 5 8 2 2 16 23 12 55 16 1 30 13 0 38 25 0 37 15 0 8 62 9 6 16 1 5 37 34 19 42 34 9 12 14 14 44 16 57 45 4 0 10 0 14 4 10 13 10 71 13 45 9 59 4 2 51 54 5 0 24 49 36 30 8 31 12 15 8 3 46 54 6 5 30 73 2 18 45
17 43 88 2 0 44 51 1 1 75 73 20 85 47 2 29 13 30 0 9 36 35 59 9 2 3 18 16 12 88 51 24 29 4 0 34 41 2 46 19 0 5 21 39 8 34 11 2 76 23 23 58 52 36 9 14 82 97 49 31 11 46 0 13 1 0 0 11 34 10 57 6 36 3 10 2 2 80 2 7 30 4 39 33 22 18 34 10 19 42 3 0 46 6 11 2 1 2 35 27
22 13 40 0 48 37 15 20 60 19 67 31 70 1 26 14 53 13 4 20 14 36 73 11 0 0 6 30 0 56 71 47 34 69 0 36 42 0 29 13 0 13 1 18 1 46 8 0 39 33 27 26 4 29 5 13 39 84 9 15 45 1 0 3 2 1 0 6 9 16 73 16 32 8 49 1 3 67 25 17 10 17 79 69 24 16 24 9 12 15 7 75 25 4 16 16 50 1 78 60
69 40 0 7 47 45 63 1 4 71 22 35 38 5 19 20 37 22 15 28 45 14 48 13 2 2 65 26 10 97 3 0 62 14 0 32 23 1 2 8 0 0 54 47 6 81 59 15 39 29 9 68 22 25 5 2 90 47 27 42 17 41 14 7 0 27 0 5 26 17 96 0 64 5 46 1 4 18 50 18 27 19 73 0 10 19 16 12 17 3 27 27 26 1 1 21 34 0 94 30
66 34 54 26 16 42 4 22 28 82 3 39 59 79 3 14 47 32 2 31 13 38 68 7 1 1 25 27 7 90 65 24 38 75 0 22 29 2 13 19 0 13 48 51 13 0 56 10 78 31 0 3 41 16 45 10 50 40 12 43 17 41 7 10 1 5 7 12 32 8 80 21 54 9 68 0 10 43 27 0 7 23 63 42 0 17 57 7 13 17 19 51 63 2 33 14 62 2 59 0
32 29 50 26 42 37 16 0 51 49 45 1 66 47 5 24 31 15 10 2 37 40 58 7 0 7 26 29 11 40 20 20 15 48 0 25 23 2 43 22 0 17 11 59 7 48 57 6 7 13 6 79 64 12 32 7 66 6 45 57 17 15 11 11 1 33 6 11 12 9 38 6 63 6 16 3 9 49 39 21 36 8 69 43 14 17 43 15 12 53 4 7 33 1 7 9 2 1 37 59
30 17 64 5 32 49 70 0 40 83 50 31 40 62 20 0 73 21 16 18 52 9 70 8 0 4 26 29 2 39 52 30 52 2 0 17 25 0 42 18 0 4 0 72 13 2 29 12 72 37 4 23 75 12 27 11 91 77 13 22 36 64 17 3 2 1 10 16 26 1 1 0 13 3 38 3 11 27 29 14 25 0 75 60 15 20 70 8 6 37 4 45 29 6 37 4 46 0 43 53
14 36 38 21 19 11 30 12 6 7 85 32 83 81 0 3 74 23 11 4 17 50 11 14 2 0 0 27 7 13 79 40 62 57 0 36 20 4 31 12 0 2 76 74 13 40 62 7 35 17 18 58 85 7 30 13 6 38 36 50 78 65 4 10 2 7 1 12 4 15 17 2 63 2 3 0 3 7 55 23 30 23 21 40 7 8 45 8 1 11 0 18 42 0 34 2 39 0 11 30
13 27 1 19 39 17 64 5 87 12 83 39 36 73 16 14 36 9 12 1 14 29 56 12 1 5 15 27 8 48 38 34 6 25 0 10 41 3 18 20 0 4 30 80 3 59 4 15 5 18 11 21 0 13 18 13 71 68 85 23 33 8 14 11 3 28 9 15 32 9 36 19 4 6 68 1 8 45 12 5 31 17 69 60 34 2 35 17 16 53 11 22 15 0 20 22 35 0 80 0
75 31 69 2 35 32 61 16 48 41 12 19 8 39 23 1 74 22 5 3 1 31 21 6 0 1 7 44 8 58 16 6 10 8 0 35 31 4 19 15 0 6 71 32 8 64 57 8 51 13 2 16 37 27 30 9 1 88 71 26 1 29 20 10 0 22 5 13 14 19 98 6 21 1 64 5 4 7 14 3 16 11 78 29 21 18 4 20 6 26 21 17 37 4 25 17 19 0 24 21
18 34 28 22 35 12 0 19 43 83 8 25 1 61 27 27 1 28 24 3 14 24 57 13 2 0 11 42 0 82 49 43 39 5 0 32 12 4 23 2 0 25 62 10 5 1 62 11 16 12 34 54 29 9 8 17 91 34 35 6 27 5 16 2 0 9 6 9 7 18 17 18 45 10 69 1 9 5 34 13 14 13 37 70 10 25 76 23 0 32 1 52 41 0 0 24 47 0 20 28
39 22 16 9 15 37 69 21 50 28 17 1 7 63 4 28 3 21 14 30 1 28 18 4 1 6 60 14 2 58 29 20 59 41 0 3 8 0 21 15 0 9 27 67 14 47 16 13 66 24 3 34 11 16 35 4 35 48 78 9 3 58 4 0 1 29 1 10 11 12 14 12 34 2 14 2 4 50 35 15 20 13 62 6 33 3 57 19 7 17 5 95 6 0 32 23 10 1 79 31
22 6 21 24 1 47 16 14 91 34 7 35 0 40 15 0 17 18 11 2 35 8 50 2 0 6 57 28 6 26 60 42 4 55 0 30 19 1 13 10 0 3 38 72 8 79 61 12 67 19 43 23 88 23 21 17 82 74 33 72 33 46 0 3 2 26 4 15 16 8 85 9 52 1 14 6 6 28 31 14 27 14 78 4 24 13 6 28 8 50 26 76 61 1 7 35 38 0 59 9
42 16 18 17 16 31 43 0 68 63 20 25 82 57 12 16 65 29 9 36 36 44 59 9 0 3 65 61 9 30 32 48 26 59 0 2 13 3 10 8 0 21 60 21 0 79 22 10 69 20 18 40 36 33 0 12 80 81 8 60 60 28 18 12 0 5 4 4 2 15 85 19 36 3 15 5 4 70 11 35 16 8 77 10 18 23 19 6 4 8 26 89 56 4 6 23 18 2 72 37
8 36 18 23 3 31 65 5 93 10 76 38 15 42 10 13 44 15 1 2 33 3 50 5 1 7 7 2 6 44 3 17 35 31 0 10 38 1 28 3 0 8 36 77 0 51 47 13 23 30 19 42 87 26 14 15 92 37 49 29 20 35 14 1 3 16 4 8 5 17 48 8 12 6 15 3 1 24 24 10 20 6 59 69 30 2 45 6 19 43 1 63 20 3 31 3 34 2 67 7
59 20 75 28 28 4 70 5 11 11 46 19 2 25 25 6 12 6 5 8 4 59 71 14 1 2 47 6 0 87 44 30 42 11 0 22 24 3 34 11 0 1 31 51 6 17 0 14 10 9 8 43 61 33 19 14 26 87 15 27 53 38 2 12 2 12 4 13 9 13 11 13 46 1 48 4 11 55 22 29 14 6 76 32 14 4 29 19 2 33 25 69 35 2 5 21 33 2 31 30
8 3 46 7 38 5 50 8 75 74 77 4 2 72 22 18 26 31 17 48 9 51 18 9 0 2 69 7 3 33 46 42 19 1 0 41 20 3 15 8 0 4 29 84 11 11 50 14 16 25 50 21 80 17 26 2 31 33 79 37 52 15 20 11 2 32 8 11 26 0 20 5 69 11 23 1 9 19 15 4 3 1 79 16 10 27 9 4 18 33 5 47 3 6 0 29 5 0 10 1
14 6 4 22 6 37 10 20 50 47 35 30 92 74 10 12 68 28 16 28 35 55 12 2 1 2 26 26 6 62 39 2 61 49 0 11 14 4 10 10 0 18 19 82 12 72 52 10 51 33 34 67 78 19 3 10 67 49 73 60 52 54 3 7 0 34 1 15 1 4 9 6 18 11 38 0 8 27 18 23 12 21 26 29 16 21 6 14 0 27 18 39 61 5 20 34 27 2 25 65
59 34 46 4 34 40 57 13 52 76 52 21 56 72 4 6 24 13 19 31 13 59 11 11 1 1 44 14 9 93 19 50 3 5 0 18 8 2 35 15 0 20 77 42 12 11 60 9 73 7 7 22 88 13 14 12 10 22 22 41 52 52 9 7 1 9 0 12 15 17 90 7 29 12 16 5 2 60 52 7 2 17 76 39 16 18 44 9 13 50 10 8 18 2 36 7 67 2 12 46
48 45 34 14 38 26 58 17 65 74 17 13 87 29 17 1 30 29 18 23 47 37 69 3 0 3 47 10 2 61 72 34 28 52 0 2 6 1 41 14 0 0 64 36 13 66 18 14 38 19 42 12 15 16 47 12 82 39 1 2 78 69 1 4 1 21 2 8 24 18 25 10 17 1 69 6 1 46 8 31 18 12 54 0 29 16 36 6 5 44 17 74 28 1 36 31 56 1 32 3
16 5 36 19 19 1 11 12 6 14 31 2 8 19 6 23 58 16 2 4 12 36 4 8 2 2 51 53 12 6 49 2 21 67 0 40 39 3 24 5 0 23 19 41 13 50 34 12 52 32 46 46 23 8 14 13 25 51 25 50 59 41 12 4 3 32 6 7 0 8 76 20 31 1 73 2 12 17 43 22 5 20 5 61 8 10 21 23 4 27 17 70 22 3 12 9 14 1 90 49
69 17 52 11 48 41 71 6 60 62 14 19 57 81 20 13 32 27 9 31 49 18 70 15 0 5 48 13 3 31 3 43 13 75 0 0 19 4 3 13 0 16 86 20 1 25 45 8 81 19 56 29 83 8 0 17 4 41 20 8 57 33 11 8 2 9 2 8 8 12 86 21 17 0 9 6 2 3 6 13 26 7 1 58 32 3 43 0 19 25 13 5 45 6 31 13 23 0 78 15
52 40 81 3 5 32 46 2 52 73 63 15 92 78 1 7 60 3 1 22 42 26 40 6 1 0 20 32 3 89 71 42 19 26 0 1 28 3 26 22 0 18 47 47 5 12 25 9 10 13 6 31 27 15 12 5 31 69 55 1 76 20 19 10 3 27 1 9 26 4 46 5 36 12 76 6 4 63 22 2 2 17 3 51 23 6 8 4 2 3 14 11 64 6 29 18 54 2 27 41
30 45 44 15 45 17 11 4 77 59 65 13 59 45 3 15 64 27 4 40 7 5 50 9 1 5 28 2 11 44 64 34 33 40 0 7 10 1 7 3 0 5 83 46 10 26 51 13 81 7 10 6 37 31 21 6 83 77 17 54 58 4 6 7 0 24 0 6 26 17 27 4 39 8 0 1 4 45 5 1 33 4 29 49 24 19 36 28 12 5 17 82 15 0 35 30 51 0 7 14
70 3 53 29 45 49 50 14 6 63 1 39 63 65 20 17 45 19 8 32 11 31 59 4 1 2 72 25 5 32 5 23 41 60 0 4 39 3 29 4 0 21 22 39 5 25 19 15 42 24 0 14 34 5 22 1 27 56 77 64 15 24 3 0 3 32 4 8 9 19 5 1 26 0 18 6 2 36 40 16 33 3 55 27 28 25 60 20 3 49 3 39 47 4 31 33 68 1 76 2
11 19 39 13 7 50 70 6 81 71 47 26 74 19 14 22 23 28 7 12 27 6 56 5 1 2 36 9 6 26 52 48 63 50 0 35 34 4 5 22 0 2 92 44 10 62 8 0 8 34 20 61 16 23 11 18 6 44 24 45 68 0 5 4 1 14 9 12 21 0 11 1 21 3 7 4 6 18 46 33 26 15 1 54 29 21 9 6 2 4 21 63 45 1 1 3 26 2 63 69
55 21 67 32 48 18 54 3 46 36 52 30 85 81 10 6 45 15 2 3 34 7 53 10 2 7 64 16 2 11 69 47 63 47 0 1 16 1 13 10 0 6 48 85 10 55 13 15 71 37 26 9 90 35 31 18 34 86 10 71 86 28 6 0 3 24 10 16 12 11 12 0 55 4 67 6 13 75 38 30 34 6 70 31 20 17 40 31 11 25 25 86 6 0 21 26 69 1 1 26
39 19 8 6 47 27 42 20 5 22 49 15 66 25 15 15 66 6 17 35 24 16 11 3 0 0 50 31 1 31 24 50 54 78 0 1 42 1 13 20 0 14 48 67 4 28 45 6 67 31 18 21 28 22 3 13 31 15 18 59 57 44 3 10 1 24 1 0 19 6 88 3 47 8 10 1 10 41 51 12 7 20 43 2 2 7 58 17 17 40 8 51 1 5 36 19 25 1 27 18
13 31 55 20 31 30 21 11 79 51 2 30 24 15 8 28 50 19 20 6 32 55 69 3 0 2 13 12 9 81 17 24 39 2 0 13 38 3 12 8 0 8 35 48 13 38 6 2 63 26 46 29 13 30 36 13 75 82 84 33 51 56 2 5 2 4 4 6 0 15 55 11 37 3 37 6 13 36 16 4 10 22 59 5 32 18 41 15 7 10 21 8 53 1 16 21 2 1 22 31
71 5 22 18 44 1 61 12 58 5 60 2 48 73 6 27 28 7 24 44 10 33 57 6 2 1 12 26 11 28 82 36 18 8 0 14 17 2 29 7 0 15 29 8 4 79 43 2 33 32 17 51 66 11 23 4 59 64 34 72 3 6 20 5 3 24 9 6 12 8 25 12 59 2 35 1 11 1 19 0 17 16 58 49 7 2 82 21 3 48 27 42 29 2 9 31 5 2 22 12
6 39 6 9 45 19 71 2 74 59 30 10 21 26 21 18 41 3 13 12 39 19 45 5 1 2 62 43 5 65 59 2 35 59 0 27 14 0 46 10 0 8 42 38 12 9 17 8 65 13 4 14 88 30 9 4 55 65 18 39 32 17 7 5 3 20 2 9 16 15 24 17 36 1 52 5 0 16 36 3 11 7 48 52 17 3 14 9 8 45 13 23 57 6 25 32 66 0 25 47
32 45 65 2 13 5 27 13 34 79 32 13 12 72 18 3 59 20 23 45 15 21 31 3 1 7 24 0 3 76 71 3 20 65 0 20 9 4 15 0 0 21 53 39 14 16 40 3 83 30 2 60 52 24 5 10 54 53 65 18 72 67 16 0 1 24 4 0 34 13 22 6 11 12 9 1 10 59 38 15 6 5 81 64 32 2 73 8 0 52 27 67 52 6 17 3 53 2 47 4
53 16 19 17 44 43 73 17 13 82 58 8 78 48 16 8 59 28 16 28 10 9 35 2 0 7 78 8 11 23 61 13 60 73 0 24 18 1 27 22 0 6 25 15 12 75 62 6 68 29 21 84 39 17 11 18 24 86 41 25 47 23 13 14 2 4 1 8 23 0 33 7 3 10 37 3 3 40 37 6 10 0 73 24 18 27 73 9 2 19 6 68 40 6 8 8 56 1 42 64
4 28 88 26 18 3 69 14 92 16 43 5 91 8 22 3 41 26 21 2 10 5 36 2 1 0 70 15 10 58 18 5 11 12 0 11 8 3 8 22 0 23 0 60 5 35 7 14 90 24 44 10 60 18 11 9 94 53 46 24 50 0 15 16 2 5 0 12 17 20 27 7 67 3 46 4 7 27 36 3 5 9 73 6 25 11 88 9 6 25 18 0 43 1 4 4 66 1 80 68
0 14 66 3 33 17 67 2 47 86 51 19 15 40 21 29 29 11 15 8 10 3 2 2 1 3 46 54 5 40 33 27 41 72 0 7 28 1 47 0 0 25 75 24 6 55 1 10 89 0 31 38 57 2 37 3 61 25 83 9 87 57 17 9 0 26 0 5 27 10 25 3 58 4 56 6 9 78 4 7 20 22 72 10 7 7 72 8 18 56 24 62 9 3 36 26 42 0 16 7
24 24 34 20 6 41 14 3 48 68 3 19 59 59 4 25 55 31 10 18 23 38 22 0 1 5 78 37 12 10 22 25 32 76 0 6 25 0 3 18 0 21 6 27 0 69 27 9 63 3 42 7 36 20 30 5 18 10 80 23 71 14 10 13 0 19 2 5 20 10 7 5 44 2 52 6 8 74 52 3 9 18 34 67 7 15 65 18 3 48 7 92 67 0 22 3 25 2 22 3
50 23 7 16 3 19 16 18 7 21 71 33 25 18 10 1 3 9 5 22 4 21 29 0 1 6 32 44 1 22 16 46 15 54 0 23 31 1 40 17 0 18 86 57 12 58 39 15 19 36 15 29 25 9 1 9 62 46 7 48 2 11 8 14 0 2 0 0 36 4 72 11 28 6 47 6 5 68 19 21 33 6 35 20 14 19 63 34 18 52 1 47 33 5 25 5 32 0 81 34
16 30 8 23 51 17 25 5 5 25 6 33 86 45 7 5 60 12 7 20 20 26 68 10 0 6 11 13 0 61 10 30 29 15 0 31 17 0 21 10 0 5 14 6 10 30 63 8 48 15 27 33 30 0 27 16 97 40 20 59 87 4 13 6 1 34 6 3 32 15 49 21 38 10 46 6 2 64 1 13 20 9 58 39 6 11 87 10 14 34 16 73 47 5 26 36 68 2 48 30
57 11 72 31 23 50 34 10 53 62 89 32 19 65 2 21 11 18 12 32 22 4 1 8 0 6 29 42 9 63 12 26 15 14 0 29 9 2 41 4 0 21 20 68 6 56 58 3 82 8 7 53 48 34 15 1 42 83 53 29 3 43 3 3 0 33 5 14 5 10 7 16 36 7 72 3 1 81 55 31 36 2 16 39 5 16 75 28 4 44 14 29 49 3 27 2 59 0 26 63
5 10 47 29 33 21 37 18 36 63 44 20 11 41 6 4 43 22 21 30 10 58 35 5 2 6 61 8 3 8 71 6 45 77 0 21 10 0 6 19 0 5 24 6 1 14 33 0 39 5 48 89 84 4 8 15 96 75 70 44 29 5 5 8 3 18 10 2 22 7 3 3 31 0 47 0 7 75 11 10 0 4 33 33 25 9 33 24 13 55 18 88 33 0 18 34 2 1 32 39
40 35 31 14 36 27 17 22 61 9 62 3 80 57 25 29 16 3 23 21 20 57 36 13 1 4 7 25 7 92 1 16 36 53 0 11 25 4 11 5 0 8 92 75 4 35 59 5 6 31 16 6 78 5 23 1 8 2 30 28 23 69 8 10 3 8 9 5 26 13 79 8 49 6 52 1 11 39 4 10 3 24 69 4 26 3 15 36 15 27 19 24 17 3 21 29 51 0 65 42
76 44 87 6 54 31 32 5 38 15 31 3 51 55 25 18 8 0 20 29 9 30 59 12 1 2 59 33 5 94 64 36 62 34 0 6 27 2 14 8 0 26 86 26 1 44 34 12 2 33 52 71 56 30 29 1 30 4 74 34 61 67 4 11 1 9 0 14 3 18 75 20 28 5 73 2 10 17 6 26 20 4 68 16 31 17 5 27 19 13 14 47 41 0 16 6 45 1 94 33
41 20 20 16 31 38 23 17 62 27 7 28 11 68 1 17 41 13 4 44 18 27 7 13 2 0 64 21 7 75 6 4 1 66 0 12 39 1 17 4 0 20 67 55 8 32 2 9 91 27 14 35 29 20 29 4 5 64 31 57 38 31 11 3 0 5 5 12 21 14 32 7 38 8 37 4 7 21 20 33 9 19 88 45 5 3 1 15 4 48 18 19 46 6 33 3 56 1 90 3
68 7 41 26 47 48 10 1 82 49 86 26 63 17 14 23 19 22 4 10 11 34 5 1 2 2 1 59 10 36 26 7 16 53 0 14 29 1 50 14 0 18 64 9 1 11 63 10 5 25 22 38 28 2 42 18 1 14 63 31 51 20 5 1 2 20 6 6 24 12 98 17 35 10 62 1 11 62 53 10 7 17 35 65 22 12 29 30 7 53 27 80 55 6 22 25 53 0 89 6
63 5 83 19 39 14 66 22 13 32 54 2 73 47 8 3 43 7 3 28 38 33 44 8 1 6 31 6 4 66 21 42 20 60 0 12 23 0 8 12 0 28 74 60 1 55 7 12 53 2 47 82 23 23 2 3 76 29 6 8 85 69 19 4 0 12 3 6 24 9 68 6 42 12 3 6 6 50 29 21 29 0 37 52 22 26 7 21 13 30 7 74 6 5 23 17 1 2 3 38
