0 0 1000 1000 1000
507 -15 78
837 -135 36
239 136 50
460 111 28
691 715 64
-102 1136 27
-265 1286 12
475 -207 30
923 228 63
474 271 36
13 1169 23
880 796 68
-169 -265 12
-110 586 74
-129 266 25
450 301 14
-204 1168 81
753 790 63
813 -37 82
-9 276 85
1056 -53 6
867 78 14
1114 360 96
262 739 15
426 1001 65
515 151 88
681 247 79
849 -210 4
36 903 100
-116 1195 77
1293 1041 13
688 608 95
117 512 71
524 1075 68
1299 291 3
1129 1197 53
51 578 81
441 217 66
320 644 20
553 920 32
-238 912 72
909 390 10
925 899 57
0 213 87
206 302 84
203 131 29
560 573 30
45 -286 71
1131 334 16
310 1188 97
1074 -260 46
-22 1040 22
-210 665 89
597 1056 42
1177 -39 1
748 555 25
397 -95 57
833 251 28
276 81 37
664 782 38
671 556 8
381 834 59
781 1016 38
870 312 19
-129 188 12
1076 -274 77
1202 423 64
601 46 7
13 623 19
151 77 70
267 1049 97
423 220 71
319 -209 100
1270 961 45
376 1223 40
-165 1090 70
149 1082 65
668 473 56
138 787 12
80 -272 100
1195 296 69
-35 1110 12
-40 128 2
-239 189 79
174 865 37
1166 1091 23
675 -61 17
68 -164 25
242 307 53
702 201 51
1002 557 74
311 817 31
1222 969 61
373 -158 82
1048 -201 60
2 865 69
339 563 27
-61 1022 41
626 -37 77
-260 1057 8
1234 849 80
845 -141 13
975 -129 60
-6 545 11
269 383 7
334 777 73
730 -94 20
824 145 5
1054 1071 41
381 1202 29
301 1135 85
1078 770 25
-139 445 97
-86 830 85
201 -202 73
677 523 86
718 44 41
113 1168 14
921 1013 25
482 184 82
-200 785 33
357 562 5
1074 815 74
362 1029 56
585 -71 80
-18 907 6
456 415 5
1136 919 55
660 539 45
45 -188 7
933 -88 43
145 660 90
427 434 59
-55 1187 9
592 562 4
-172 845 49
472 -164 30
833 887 89
998 1233 91
46 865 64
270 -200 93
-244 527 53
448 863 89
869 155 37
-82 374 22
356 652 29
-92 -177 49
680 1047 95
782 744 44
995 1090 29
-180 60 82
1297 207 60
397 956 35
893 524 16
741 833 30
134 -112 86
9 187 36
20 1168 39
1218 740 90
839 434 93
23 645 45
1000 641 83
1294 -263 70
1150 1021 62
-139 462 18
-236 1296 26
405 15 78
702 23 27
534 1162 15
246 -24 59
318 -234 1
988 -241 95
-287 1209 79
953 -140 91
125 1098 52
1176 1253 94
1114 357 13
1010 -150 56
254 775 13
324 -189 70
-262 520 56
184 207 34
759 311 39
1055 55 85
602 480 7
-73 446 38
938 351 18
664 60 84
804 615 74
896 -271 84
1265 -233 58
189 342 30
865 -199 19
-152 1156 89
683 548 58
-285 775 59
390 413 18
213 -133 64
186 1062 74
-276 657 63
974 712 93
-158 1293 16
819 857 75
897 1096 52
-271 478 38
1033 584 31
-119 1275 82
982 278 3
933 765 97
198 880 81
1184 554 71
727 696 80
912 305 37
1290 -99 84
1184 -247 12
321 26 37
261 -202 6
369 1031 45
328 19 35
1245 -7 56
64 1111 69
475 813 6
534 802 83
387 1115 94
935 109 44
915 671 14
-127 -261 63
-13 367 20
1282 403 95
319 767 36
353 32 54
993 866 29
233 -47 11
-115 -238 37
1283 1088 91
-195 703 5
26 967 34
68 -255 74
429 -183 6
1174 436 4
128 1090 96
196 782 21
-144 -195 64
1022 81 82
466 64 37
229 260 19
1054 587 33
408 1046 22
430 175 73
1245 48 41
17 568 99
722 1155 48
992 -290 74
6 1123 23
774 288 83
-272 909 5
1287 662 99
1002 -230 79
853 591 63
821 626 49
-167 943 73
327 364 36
392 147 66
563 453 77
1115 -74 2
521 -46 34
487 31 29
-169 -177 21
521 1067 35
176 587 77
270 721 53
1233 -162 60
448 530 17
-235 -117 40
504 1298 10
322 518 15
-252 -295 27
137 -73 24
686 748 33
617 -286 76
-36 284 91
645 216 32
390 965 95
673 1030 4
108 324 83
-49 947 16
49 995 5
569 -169 52
-298 909 35
203 316 16
-9 671 96
890 15 98
418 706 55
776 169 88
-193 669 22
437 920 61
285 -241 86
137 719 31
308 722 15
16 -285 21
1249 97 29
-45 1288 91
778 496 19
-244 -29 29
154 169 11
1177 907 26
245 -109 38
700 419 23
1286 1118 58
-30 -166 27
962 -127 52
-277 128 29
309 1297 89
483 -157 78
1126 298 100
1137 174 88
767 811 58
548 210 18
-252 195 69
-31 556 96
388 308 67
1114 331 29
407 940 79
406 213 73
766 38 1
86 -126 84
522 1033 83
1240 280 35
1077 328 22
822 689 58
610 -224 63
662 1281 17
1233 388 63
290 1185 18
1001 650 16
891 1128 65
1256 349 92
1130 380 38
5 247 72
975 -232 57
-218 678 71
706 130 12
661 62 62
437 743 13
635 444 39
-247 125 90
647 80 5
-238 1 42
1059 306 70
-126 71 57
1278 153 50
1158 1251 15
1019 702 84
57 -162 36
581 864 94
545 918 10
427 355 65
958 417 96
569 267 34
817 441 56
1043 418 69
827 367 34
1042 85 72
108 533 41
218 -96 62
1163 840 51
933 -34 76
1083 -285 25
24 584 90
1263 191 39
-238 24 84
316 1152 44
911 893 82
907 -209 12
1132 310 93
830 172 69
235 -196 75
296 1278 17
1165 1 88
1000 54 58
66 117 34
-59 824 19
393 526 27
-190 223 94
61 55 6
608 1276 60
694 210 63
1228 897 81
86 761 11
9 551 84
424 1008 9
1073 1250 58
153 433 11
427 543 91
792 905 39
257 212 68
194 1297 81
327 1224 100
347 100 55
850 410 33
15 1225 74
1290 997 64
487 -59 95
601 668 52
1147 250 43
539 898 16
-95 -209 87
-127 510 35
1039 1248 23
64 797 44
31 1112 55
-203 1192 40
1204 469 19
51 -231 70
-167 -293 34
910 546 20
899 842 88
974 1107 51
973 845 38
-137 1209 11
1063 30 5
678 219 30
81 122 93
1234 565 6
336 789 62
-13 398 48
837 87 83
177 -239 52
509 1034 54
697 1197 95
381 1051 8
58 428 65
1137 809 81
-125 834 55
283 -131 34
698 247 13
449 -217 10
-168 351 9
623 1160 96
866 556 96
1200 -273 2
263 86 72
-155 13 44
-60 188 90
901 862 79
-161 259 97
986 1099 14
1102 1232 71
1187 554 16
1097 210 40
904 200 99
551 763 3
994 1240 72
593 931 39
453 1070 41
860 847 27
-251 648 26
982 534 46
383 422 40
731 25 4
1197 967 43
540 685 75
105 378 31
340 -239 14
137 514 61
585 164 33
831 305 91
1099 -14 96
620 669 42
742 190 77
-236 178 2
-150 1018 93
-275 -87 41
1140 553 36
675 1082 7
-21 366 52
522 -13 31
320 -215 66
1135 705 26
1071 237 48
-178 393 32
-159 634 32
844 659 28
1016 589 44
-261 -37 69
877 333 44
970 1155 95
158 266 99
1143 191 53
1102 84 80
1005 225 99
715 -140 79
548 1176 98
-185 1215 73
464 882 13
269 643 1
361 1101 33
629 1034 52
392 -190 50
783 -297 7
176 1008 26
593 422 98
369 -240 16
1033 -125 15
542 639 1
593 1299 30
589 450 80
1243 -222 15
696 561 66
502 44 27
692 611 30
-11 -6 10
956 663 96
379 487 77
-284 -272 27
327 712 87
279 91 1
123 33 17
-208 1029 45
1172 321 27
1045 -196 95
625 93 47
927 -160 63
-220 519 43
501 536 8
651 1163 70
799 232 85
97 656 83
1166 839 17
-15 801 38
749 545 3
914 -131 89
-137 1187 42
-224 1268 29
476 559 63
1295 0 97
15 1099 12
819 -13 88
355 -57 91
1220 228 34
1197 1277 95
1278 981 55
152 1235 76
766 -289 52
599 487 12
-242 573 82
380 979 100
-66 588 15
443 1243 47
673 1254 92
311 1150 24
886 1219 37
658 1227 72
1255 617 97
1292 675 65
28 -245 1
164 -11 36
677 823 58
-167 286 30
1117 898 93
868 574 50
389 902 41
-155 260 56
913 305 26
1259 388 61
967 716 58
445 1180 84
721 557 27
1030 781 28
-218 597 70
-16 255 99
105 945 22
686 1181 17
1285 794 83
1200 843 36
581 509 9
107 1255 96
14 766 69
1135 586 74
1241 668 55
194 -153 97
464 925 81
-125 909 56
-108 900 67
596 271 82
716 769 2
716 1083 14
153 1008 23
672 1040 62
578 866 72
1039 -241 1
1145 615 43
1222 790 5
792 982 59
-5 278 18
98 1294 91
156 800 15
-231 -256 66
360 716 21
317 84 1
108 -178 5
-44 -243 57
1119 1279 69
290 861 29
752 1247 75
93 45 11
595 501 90
970 661 27
1052 -280 100
965 429 63
442 837 49
-112 1184 8
431 1094 70
373 83 40
87 1136 86
379 19 43
755 1005 8
631 674 51
642 517 89
68 181 41
-31 923 26
-98 1203 95
-17 333 92
133 1097 21
-156 -117 43
1103 562 23
1105 17 9
399 1039 9
654 381 46
1020 749 88
515 1019 36
-272 -289 49
425 85 31
1007 518 52
371 754 90
1171 556 73
780 360 58
185 1059 38
474 412 40
160 132 15
328 1038 24
209 1157 16
-8 372 54
590 78 55
894 749 11
-128 710 59
-288 281 42
-131 766 70
-145 30 91
523 491 48
639 1210 82
564 118 18
591 410 2
1094 1300 79
814 985 67
-12 1157 62
17 1169 37
798 -172 100
-263 -17 61
1080 897 68
1254 235 9
1256 1190 67
1205 571 94
134 364 20
1225 -122 97
164 257 18
204 574 51
916 72 9
1184 200 26
273 -21 48
244 -68 35
124 -22 64
422 -118 52
11 407 98
1201 332 62
473 887 2
1294 -210 29
472 1097 83
-221 980 34
1061 44 24
338 679 52
242 1104 47
36 316 30
883 628 50
702 528 90
882 -209 64
17 -216 85
27 648 37
500 727 72
-128 578 1
1215 -294 91
1189 249 51
-160 676 51
456 258 79
179 -250 59
533 1023 35
565 -260 78
777 158 37
695 959 73
474 1222 11
597 1228 50
189 1116 77
1095 -253 3
1198 503 83
537 982 15
795 306 59
1144 1262 70
68 738 28
31 132 14
-222 384 93
143 874 13
1056 759 14
-165 656 29
863 -108 57
341 1078 42
1143 1012 96
474 -220 55
264 202 9
-288 -77 27
865 1 15
252 444 58
1238 291 11
579 517 24
815 79 27
823 721 26
-73 654 7
502 -173 48
605 392 85
1141 495 41
-136 59 74
963 703 91
-57 640 67
73 10 5
1068 1216 91
836 829 36
290 1056 2
1147 257 11
575 1253 89
414 1185 49
567 -161 57
1112 1102 52
892 -256 50
-247 117 65
941 -25 73
999 1111 34
567 191 41
1090 128 37
230 1003 29
62 207 76
689 1165 57
166 977 86
737 659 72
739 713 25
1050 444 68
-233 233 31
1213 1101 87
814 981 46
1153 -90 9
-247 272 6
-71 -249 31
244 309 8
360 -255 79
520 875 59
1188 716 8
621 874 11
-136 786 9
1290 390 3
-148 243 7
-101 387 5
362 617 2
781 1252 49
967 312 1
512 1223 9
1160 1202 88
952 522 63
-232 778 19
-16 767 46
-28 1010 83
260 1209 58
1121 362 95
432 -158 58
352 1110 27
408 412 29
39 271 85
777 14 66
1088 82 49
885 457 24
-138 820 86
1074 -220 45
-229 1201 56
1078 332 1
735 984 90
1095 182 50
-224 522 43
-40 89 25
1148 -123 10
212 1153 55
343 -286 17
275 1179 100
116 1250 64
618 1027 6
-247 552 78
389 346 29
136 423 18
455 774 84
1087 712 38
592 1224 54
945 357 25
817 933 85
770 -161 44
804 848 43
-221 993 97
219 81 26
1142 518 64
-224 1273 95
401 1150 36
1293 532 83
437 176 16
-224 -216 15
504 945 81
1272 448 65
256 527 24
93 1138 43
668 1070 26
455 1147 64
-193 338 81
170 330 92
457 1158 45
-18 1235 62
649 529 42
36 500 49
571 1147 39
799 31 43
-193 999 89
-185 244 97
-205 351 99
-285 822 36
468 69 63
188 351 3
-9 -210 41
1040 217 72
1145 1088 90
658 586 40
100 784 51
821 899 87
-122 1085 93
1265 1101 58
80 359 64
445 847 26
926 1139 10
544 969 96
1144 904 1
-10 261 47
858 752 30
-176 272 25
935 541 45
1187 596 73
1052 977 48
1285 212 20
660 -162 49
306 773 29
379 708 60
239 1089 32
1076 646 89
-295 770 69
-284 495 70
1021 382 88
616 133 12
961 208 4
944 1259 65
765 265 87
254 944 42
1038 -27 23
783 -252 66
70 -246 24
-71 -230 33
812 1182 88
900 588 95
845 339 73
-298 -17 45
389 1048 23
640 93 99
388 -79 77
-75 1004 3
499 -136 59
542 185 69
-220 1297 29
-118 987 59
326 532 63
-140 534 55
953 -286 35
1010 745 36
801 -168 65
774 57 4
886 947 43
1144 189 1
-39 360 47
352 543 22
29 1260 88
346 -181 44
946 1072 11
-216 872 71
615 372 18
67 -64 25
1006 1123 59
417 1057 94
313 -192 10
296 460 47
-34 790 3
468 -165 97
295 1082 75
135 1257 61
1021 571 7
529 1030 35
485 735 53
88 -149 19
180 555 6
1024 1242 93
1109 -92 88
1154 676 57
-191 -239 49
-73 197 55
1217 8 10
-22 928 27
577 203 13
1088 592 58
-154 1163 62
313 886 28
-61 695 72
656 548 85
89 748 12
904 975 14
74 892 62
115 1261 25
-23 537 27
873 416 79
502 562 26
985 1175 28
-191 -187 81
442 860 91
542 1249 1
794 852 91
33 1226 20
1181 132 94
537 409 49
305 72 88
1057 874 30
70 559 84
269 668 38
-137 -99 37
487 834 31
467 327 26
304 660 74
-268 631 86
722 -133 40
1039 563 53
471 319 77
674 689 31
933 -251 38
1214 -88 72
1237 790 18
1209 47 39
732 652 48
271 684 58
243 196 93
1014 -66 79
557 705 48
-235 169 27
-169 -199 93
866 -194 78
592 -258 72
-149 -259 80
-172 773 87
856 -165 64
1214 469 10
229 182 67
199 1131 28
788 1196 72
765 -183 36
883 1075 4
-298 366 16
1213 609 4
-131 737 43
1078 384 56
160 297 32
-261 918 59
1154 -184 88
463 904 100
241 459 73
212 132 97
289 135 95
409 47 83
661 216 3
476 84 55
427 544 92
1146 675 61
838 619 89
451 -219 23
50 413 45
1277 926 97
