7780 3590 9510 5290 89
7953 3763 173
7953 4109 173
7953 4455 173
7953 4801 173
8299 3763 173
8299 4109 173
8299 4455 173
8299 4801 173
8645 3763 173
8645 4109 173
8645 4455 173
8645 4801 173
8991 3763 173
8991 4109 173
8991 4455 173
8991 4801 173
9337 3763 173
9337 4109 173
9337 4455 173
9337 4801 173
3532 4464 2962
5965 5720 2205
1554 8054 5561
5100 7933 247
3981 8071 3540
2599 2052 3355
8152 5531 742
2885 4575 1780
297 5133 972
8767 7267 1623
1757 4758 3577
147 8326 3158
8815 4821 787
5616 8415 1643
1126 6912 6655
3181 580 4078
4868 5532 323
1724 4648 3411
9328 8355 2221
731 9981 7308
7288 9912 2027
3400 6042 4567
1919 7898 7058
450 6795 2649
135 6376 5911
4612 8800 5806
2515 1096 4767
644 6414 3327
5330 7469 1690
1270 1565 2199
6042 4515 177
141 519 263
1198 6055 6062
3112 9074 3831
5189 763 2860
3768 1526 1200
2964 367 1343
2780 9774 4299
9462 9198 2355
329 5525 4809
3060 2281 4806
6823 8435 3959
5075 8305 2906
719 2045 5975
5759 8522 1111
399 1566 4633
3379 480 2507
516 1022 3217
2074 2589 233
4201 531 2681
3716 4752 2218
1643 7406 6355
5292 1315 3308
276 3850 4800
6527 7059 3221
6887 8679 838
405 9859 2928
1513 5078 3994
1192 6727 2021
3934 2625 3452
1299 7774 1237
242 8170 1715
514 9955 7389
5825 7761 1880
1634 8897 3794
697 8422 3929
6077 9406 2434
4685 5871 1439
7602 7473 142
