0 0 1000 1000 57
1189 820 261
120 -22 122
104 -330 346
-55 -48 73
36 -160 164
1055 1048 73
-13 -84 85
1165 1052 173
-144 -270 306
63 -216 225
-31 -480 481
-44 -240 244
1033 944 65
1128 904 160
1000 1018 18
1135 928 153
-48 -286 290
-112 -66 130
1072 846 170
1020 1048 52
8 -6 10
1028 1096 100
1040 1042 58
1085 868 157
224 -30 226
1015 1112 113
1020 952 52
108 -144 180
0 -72 72
1000 1338 338
-40 -198 202
-16 -30 34
1084 1080 116
1072 1054 90
1132 776 260
1187 1084 205
72 -54 90
77 -36 85
-36 -160 164
1025 1312 313
1200 850 250
-39 -80 89
1160 1078 178
1032 976 40
168 -26 170
-221 -60 229
1057 824 185
-255 -32 257
-27 -36 45
1057 1176 185
1 999 820
999 1 560
0 1000 820
1000 0 560
-1 1001 820
1001 -1 560
250 -500 501
