-1000000 -1000000 1000000 1000000 1000
0 0 10001
0 10000 10001
0 20000 10001
0 30000 10001
0 40000 10001
0 50000 10001
0 60000 10001
0 70000 10001
0 80000 10001
0 90000 10001
0 100000 10001
0 110000 10001
0 120000 10001
0 130000 10001
0 140000 10001
0 150000 10001
0 160000 10001
0 170000 10001
0 180000 10001
0 190000 10001
0 200000 10001
0 210000 10001
0 220000 10001
0 230000 10001
0 240000 10001
0 250000 10001
0 260000 10001
0 270000 10001
0 280000 10001
0 290000 10001
0 300000 10001
0 310000 10001
0 320000 10001
0 330000 10001
0 340000 10001
0 350000 10001
0 360000 10001
0 370000 10001
0 380000 10001
0 390000 10001
0 400000 10001
0 410000 10001
0 420000 10001
0 430000 10001
0 440000 10001
0 450000 10001
0 460000 10001
0 470000 10001
0 480000 10001
0 490000 10001
10000 0 10001
10000 10000 10001
10000 20000 10001
10000 30000 10001
10000 40000 10001
10000 50000 10001
10000 60000 10001
10000 70000 10001
10000 80000 10001
10000 90000 10001
10000 100000 10001
10000 110000 10001
10000 120000 10001
10000 130000 10001
10000 140000 10001
10000 150000 10001
10000 160000 10001
10000 170000 10001
10000 180000 10001
10000 190000 10001
10000 200000 10001
10000 210000 10001
10000 220000 10001
10000 230000 10001
10000 240000 10001
10000 250000 10001
10000 260000 10001
10000 270000 10001
10000 280000 10001
10000 290000 10001
10000 300000 10001
10000 310000 10001
10000 320000 10001
10000 330000 10001
10000 340000 10001
10000 350000 10001
10000 360000 10001
10000 370000 10001
10000 380000 10001
10000 390000 10001
10000 400000 10001
10000 410000 10001
10000 420000 10001
10000 430000 10001
10000 440000 10001
10000 450000 10001
10000 460000 10001
10000 470000 10001
10000 480000 10001
10000 490000 10001
20000 0 10001
20000 10000 10001
20000 20000 10001
20000 30000 10001
20000 40000 10001
20000 50000 10001
20000 60000 10001
20000 70000 10001
20000 80000 10001
20000 90000 10001
20000 100000 10001
20000 110000 10001
20000 120000 10001
20000 130000 10001
20000 140000 10001
20000 150000 10001
20000 160000 10001
20000 170000 10001
20000 180000 10001
20000 190000 10001
20000 200000 10001
20000 210000 10001
20000 220000 10001
20000 230000 10001
20000 240000 10001
20000 250000 10001
20000 260000 10001
20000 270000 10001
20000 280000 10001
20000 290000 10001
20000 300000 10001
20000 310000 10001
20000 320000 10001
20000 330000 10001
20000 340000 10001
20000 350000 10001
20000 360000 10001
20000 370000 10001
20000 380000 10001
20000 390000 10001
20000 400000 10001
20000 410000 10001
20000 420000 10001
20000 430000 10001
20000 440000 10001
20000 450000 10001
20000 460000 10001
20000 470000 10001
20000 480000 10001
20000 490000 10001
30000 0 10001
30000 10000 10001
30000 20000 10001
30000 30000 10001
30000 40000 10001
30000 50000 10001
30000 60000 10001
30000 70000 10001
30000 80000 10001
30000 90000 10001
30000 100000 10001
30000 110000 10001
30000 120000 10001
30000 130000 10001
30000 140000 10001
30000 150000 10001
30000 160000 10001
30000 170000 10001
30000 180000 10001
30000 190000 10001
30000 200000 10001
30000 210000 10001
30000 220000 10001
30000 230000 10001
30000 240000 10001
30000 250000 10001
30000 260000 10001
30000 270000 10001
30000 280000 10001
30000 290000 10001
30000 300000 10001
30000 310000 10001
30000 320000 10001
30000 330000 10001
30000 340000 10001
30000 350000 10001
30000 360000 10001
30000 370000 10001
30000 380000 10001
30000 390000 10001
30000 400000 10001
30000 410000 10001
30000 420000 10001
30000 430000 10001
30000 440000 10001
30000 450000 10001
30000 460000 10001
30000 470000 10001
30000 480000 10001
30000 490000 10001
40000 0 10001
40000 10000 10001
40000 20000 10001
40000 30000 10001
40000 40000 10001
40000 50000 10001
40000 60000 10001
40000 70000 10001
40000 80000 10001
40000 90000 10001
40000 100000 10001
40000 110000 10001
40000 120000 10001
40000 130000 10001
40000 140000 10001
40000 150000 10001
40000 160000 10001
40000 170000 10001
40000 180000 10001
40000 190000 10001
40000 200000 10001
40000 210000 10001
40000 220000 10001
40000 230000 10001
40000 240000 10001
40000 250000 10001
40000 260000 10001
40000 270000 10001
40000 280000 10001
40000 290000 10001
40000 300000 10001
40000 310000 10001
40000 320000 10001
40000 330000 10001
40000 340000 10001
40000 350000 10001
40000 360000 10001
40000 370000 10001
40000 380000 10001
40000 390000 10001
40000 400000 10001
40000 410000 10001
40000 420000 10001
40000 430000 10001
40000 440000 10001
40000 450000 10001
40000 460000 10001
40000 470000 10001
40000 480000 10001
40000 490000 10001
50000 0 10001
50000 10000 10001
50000 20000 10001
50000 30000 10001
50000 40000 10001
50000 50000 10001
50000 60000 10001
50000 70000 10001
50000 80000 10001
50000 90000 10001
50000 100000 10001
50000 110000 10001
50000 120000 10001
50000 130000 10001
50000 140000 10001
50000 150000 10001
50000 160000 10001
50000 170000 10001
50000 180000 10001
50000 190000 10001
50000 200000 10001
50000 210000 10001
50000 220000 10001
50000 230000 10001
50000 240000 10001
50000 250000 10001
50000 260000 10001
50000 270000 10001
50000 280000 10001
50000 290000 10001
50000 300000 10001
50000 310000 10001
50000 320000 10001
50000 330000 10001
50000 340000 10001
50000 350000 10001
50000 360000 10001
50000 370000 10001
50000 380000 10001
50000 390000 10001
50000 400000 10001
50000 410000 10001
50000 420000 10001
50000 430000 10001
50000 440000 10001
50000 450000 10001
50000 460000 10001
50000 470000 10001
50000 480000 10001
50000 490000 10001
60000 0 10001
60000 10000 10001
60000 20000 10001
60000 30000 10001
60000 40000 10001
60000 50000 10001
60000 60000 10001
60000 70000 10001
60000 80000 10001
60000 90000 10001
60000 100000 10001
60000 110000 10001
60000 120000 10001
60000 130000 10001
60000 140000 10001
60000 150000 10001
60000 160000 10001
60000 170000 10001
60000 180000 10001
60000 190000 10001
60000 200000 10001
60000 210000 10001
60000 220000 10001
60000 230000 10001
60000 240000 10001
60000 250000 10001
60000 260000 10001
60000 270000 10001
60000 280000 10001
60000 290000 10001
60000 300000 10001
60000 310000 10001
60000 320000 10001
60000 330000 10001
60000 340000 10001
60000 350000 10001
60000 360000 10001
60000 370000 10001
60000 380000 10001
60000 390000 10001
60000 400000 10001
60000 410000 10001
60000 420000 10001
60000 430000 10001
60000 440000 10001
60000 450000 10001
60000 460000 10001
60000 470000 10001
60000 480000 10001
60000 490000 10001
70000 0 10001
70000 10000 10001
70000 20000 10001
70000 30000 10001
70000 40000 10001
70000 50000 10001
70000 60000 10001
70000 70000 10001
70000 80000 10001
70000 90000 10001
70000 100000 10001
70000 110000 10001
70000 120000 10001
70000 130000 10001
70000 140000 10001
70000 150000 10001
70000 160000 10001
70000 170000 10001
70000 180000 10001
70000 190000 10001
70000 200000 10001
70000 210000 10001
70000 220000 10001
70000 230000 10001
70000 240000 10001
70000 250000 10001
70000 260000 10001
70000 270000 10001
70000 280000 10001
70000 290000 10001
70000 300000 10001
70000 310000 10001
70000 320000 10001
70000 330000 10001
70000 340000 10001
70000 350000 10001
70000 360000 10001
70000 370000 10001
70000 380000 10001
70000 390000 10001
70000 400000 10001
70000 410000 10001
70000 420000 10001
70000 430000 10001
70000 440000 10001
70000 450000 10001
70000 460000 10001
70000 470000 10001
70000 480000 10001
70000 490000 10001
80000 0 10001
80000 10000 10001
80000 20000 10001
80000 30000 10001
80000 40000 10001
80000 50000 10001
80000 60000 10001
80000 70000 10001
80000 80000 10001
80000 90000 10001
80000 100000 10001
80000 110000 10001
80000 120000 10001
80000 130000 10001
80000 140000 10001
80000 150000 10001
80000 160000 10001
80000 170000 10001
80000 180000 10001
80000 190000 10001
80000 200000 10001
80000 210000 10001
80000 220000 10001
80000 230000 10001
80000 240000 10001
80000 250000 10001
80000 260000 10001
80000 270000 10001
80000 280000 10001
80000 290000 10001
80000 300000 10001
80000 310000 10001
80000 320000 10001
80000 330000 10001
80000 340000 10001
80000 350000 10001
80000 360000 10001
80000 370000 10001
80000 380000 10001
80000 390000 10001
80000 400000 10001
80000 410000 10001
80000 420000 10001
80000 430000 10001
80000 440000 10001
80000 450000 10001
80000 460000 10001
80000 470000 10001
80000 480000 10001
80000 490000 10001
90000 0 10001
90000 10000 10001
90000 20000 10001
90000 30000 10001
90000 40000 10001
90000 50000 10001
90000 60000 10001
90000 70000 10001
90000 80000 10001
90000 90000 10001
90000 100000 10001
90000 110000 10001
90000 120000 10001
90000 130000 10001
90000 140000 10001
90000 150000 10001
90000 160000 10001
90000 170000 10001
90000 180000 10001
90000 190000 10001
90000 200000 10001
90000 210000 10001
90000 220000 10001
90000 230000 10001
90000 240000 10001
90000 250000 10001
90000 260000 10001
90000 270000 10001
90000 280000 10001
90000 290000 10001
90000 300000 10001
90000 310000 10001
90000 320000 10001
90000 330000 10001
90000 340000 10001
90000 350000 10001
90000 360000 10001
90000 370000 10001
90000 380000 10001
90000 390000 10001
90000 400000 10001
90000 410000 10001
90000 420000 10001
90000 430000 10001
90000 440000 10001
90000 450000 10001
90000 460000 10001
90000 470000 10001
90000 480000 10001
90000 490000 10001
100000 0 10001
100000 10000 10001
100000 20000 10001
100000 30000 10001
100000 40000 10001
100000 50000 10001
100000 60000 10001
100000 70000 10001
100000 80000 10001
100000 90000 10001
100000 100000 10001
100000 110000 10001
100000 120000 10001
100000 130000 10001
100000 140000 10001
100000 150000 10001
100000 160000 10001
100000 170000 10001
100000 180000 10001
100000 190000 10001
100000 200000 10001
100000 210000 10001
100000 220000 10001
100000 230000 10001
100000 240000 10001
100000 250000 10001
100000 260000 10001
100000 270000 10001
100000 280000 10001
100000 290000 10001
100000 300000 10001
100000 310000 10001
100000 320000 10001
100000 330000 10001
100000 340000 10001
100000 350000 10001
100000 360000 10001
100000 370000 10001
100000 380000 10001
100000 390000 10001
100000 400000 10001
100000 410000 10001
100000 420000 10001
100000 430000 10001
100000 440000 10001
100000 450000 10001
100000 460000 10001
100000 470000 10001
100000 480000 10001
100000 490000 10001
110000 0 10001
110000 10000 10001
110000 20000 10001
110000 30000 10001
110000 40000 10001
110000 50000 10001
110000 60000 10001
110000 70000 10001
110000 80000 10001
110000 90000 10001
110000 100000 10001
110000 110000 10001
110000 120000 10001
110000 130000 10001
110000 140000 10001
110000 150000 10001
110000 160000 10001
110000 170000 10001
110000 180000 10001
110000 190000 10001
110000 200000 10001
110000 210000 10001
110000 220000 10001
110000 230000 10001
110000 240000 10001
110000 250000 10001
110000 260000 10001
110000 270000 10001
110000 280000 10001
110000 290000 10001
110000 300000 10001
110000 310000 10001
110000 320000 10001
110000 330000 10001
110000 340000 10001
110000 350000 10001
110000 360000 10001
110000 370000 10001
110000 380000 10001
110000 390000 10001
110000 400000 10001
110000 410000 10001
110000 420000 10001
110000 430000 10001
110000 440000 10001
110000 450000 10001
110000 460000 10001
110000 470000 10001
110000 480000 10001
110000 490000 10001
120000 0 10001
120000 10000 10001
120000 20000 10001
120000 30000 10001
120000 40000 10001
120000 50000 10001
120000 60000 10001
120000 70000 10001
120000 80000 10001
120000 90000 10001
120000 100000 10001
120000 110000 10001
120000 120000 10001
120000 130000 10001
120000 140000 10001
120000 150000 10001
120000 160000 10001
120000 170000 10001
120000 180000 10001
120000 190000 10001
120000 200000 10001
120000 210000 10001
120000 220000 10001
120000 230000 10001
120000 240000 10001
120000 250000 10001
120000 260000 10001
120000 270000 10001
120000 280000 10001
120000 290000 10001
120000 300000 10001
120000 310000 10001
120000 320000 10001
120000 330000 10001
120000 340000 10001
120000 350000 10001
120000 360000 10001
120000 370000 10001
120000 380000 10001
120000 390000 10001
120000 400000 10001
120000 410000 10001
120000 420000 10001
120000 430000 10001
120000 440000 10001
120000 450000 10001
120000 460000 10001
120000 470000 10001
120000 480000 10001
120000 490000 10001
130000 0 10001
130000 10000 10001
130000 20000 10001
130000 30000 10001
130000 40000 10001
130000 50000 10001
130000 60000 10001
130000 70000 10001
130000 80000 10001
130000 90000 10001
130000 100000 10001
130000 110000 10001
130000 120000 10001
130000 130000 10001
130000 140000 10001
130000 150000 10001
130000 160000 10001
130000 170000 10001
130000 180000 10001
130000 190000 10001
130000 200000 10001
130000 210000 10001
130000 220000 10001
130000 230000 10001
130000 240000 10001
130000 250000 10001
130000 260000 10001
130000 270000 10001
130000 280000 10001
130000 290000 10001
130000 300000 10001
130000 310000 10001
130000 320000 10001
130000 330000 10001
130000 340000 10001
130000 350000 10001
130000 360000 10001
130000 370000 10001
130000 380000 10001
130000 390000 10001
130000 400000 10001
130000 410000 10001
130000 420000 10001
130000 430000 10001
130000 440000 10001
130000 450000 10001
130000 460000 10001
130000 470000 10001
130000 480000 10001
130000 490000 10001
140000 0 10001
140000 10000 10001
140000 20000 10001
140000 30000 10001
140000 40000 10001
140000 50000 10001
140000 60000 10001
140000 70000 10001
140000 80000 10001
140000 90000 10001
140000 100000 10001
140000 110000 10001
140000 120000 10001
140000 130000 10001
140000 140000 10001
140000 150000 10001
140000 160000 10001
140000 170000 10001
140000 180000 10001
140000 190000 10001
140000 200000 10001
140000 210000 10001
140000 220000 10001
140000 230000 10001
140000 240000 10001
140000 250000 10001
140000 260000 10001
140000 270000 10001
140000 280000 10001
140000 290000 10001
140000 300000 10001
140000 310000 10001
140000 320000 10001
140000 330000 10001
140000 340000 10001
140000 350000 10001
140000 360000 10001
140000 370000 10001
140000 380000 10001
140000 390000 10001
140000 400000 10001
140000 410000 10001
140000 420000 10001
140000 430000 10001
140000 440000 10001
140000 450000 10001
140000 460000 10001
140000 470000 10001
140000 480000 10001
140000 490000 10001
150000 0 10001
150000 10000 10001
150000 20000 10001
150000 30000 10001
150000 40000 10001
150000 50000 10001
150000 60000 10001
150000 70000 10001
150000 80000 10001
150000 90000 10001
150000 100000 10001
150000 110000 10001
150000 120000 10001
150000 130000 10001
150000 140000 10001
150000 150000 10001
150000 160000 10001
150000 170000 10001
150000 180000 10001
150000 190000 10001
150000 200000 10001
150000 210000 10001
150000 220000 10001
150000 230000 10001
150000 240000 10001
150000 250000 10001
150000 260000 10001
150000 270000 10001
150000 280000 10001
150000 290000 10001
150000 300000 10001
150000 310000 10001
150000 320000 10001
150000 330000 10001
150000 340000 10001
150000 350000 10001
150000 360000 10001
150000 370000 10001
150000 380000 10001
150000 390000 10001
150000 400000 10001
150000 410000 10001
150000 420000 10001
150000 430000 10001
150000 440000 10001
150000 450000 10001
150000 460000 10001
150000 470000 10001
150000 480000 10001
150000 490000 10001
160000 0 10001
160000 10000 10001
160000 20000 10001
160000 30000 10001
160000 40000 10001
160000 50000 10001
160000 60000 10001
160000 70000 10001
160000 80000 10001
160000 90000 10001
160000 100000 10001
160000 110000 10001
160000 120000 10001
160000 130000 10001
160000 140000 10001
160000 150000 10001
160000 160000 10001
160000 170000 10001
160000 180000 10001
160000 190000 10001
160000 200000 10001
160000 210000 10001
160000 220000 10001
160000 230000 10001
160000 240000 10001
160000 250000 10001
160000 260000 10001
160000 270000 10001
160000 280000 10001
160000 290000 10001
160000 300000 10001
160000 310000 10001
160000 320000 10001
160000 330000 10001
160000 340000 10001
160000 350000 10001
160000 360000 10001
160000 370000 10001
160000 380000 10001
160000 390000 10001
160000 400000 10001
160000 410000 10001
160000 420000 10001
160000 430000 10001
160000 440000 10001
160000 450000 10001
160000 460000 10001
160000 470000 10001
160000 480000 10001
160000 490000 10001
170000 0 10001
170000 10000 10001
170000 20000 10001
170000 30000 10001
170000 40000 10001
170000 50000 10001
170000 60000 10001
170000 70000 10001
170000 80000 10001
170000 90000 10001
170000 100000 10001
170000 110000 10001
170000 120000 10001
170000 130000 10001
170000 140000 10001
170000 150000 10001
170000 160000 10001
170000 170000 10001
170000 180000 10001
170000 190000 10001
170000 200000 10001
170000 210000 10001
170000 220000 10001
170000 230000 10001
170000 240000 10001
170000 250000 10001
170000 260000 10001
170000 270000 10001
170000 280000 10001
170000 290000 10001
170000 300000 10001
170000 310000 10001
170000 320000 10001
170000 330000 10001
170000 340000 10001
170000 350000 10001
170000 360000 10001
170000 370000 10001
170000 380000 10001
170000 390000 10001
170000 400000 10001
170000 410000 10001
170000 420000 10001
170000 430000 10001
170000 440000 10001
170000 450000 10001
170000 460000 10001
170000 470000 10001
170000 480000 10001
170000 490000 10001
180000 0 10001
180000 10000 10001
180000 20000 10001
180000 30000 10001
180000 40000 10001
180000 50000 10001
180000 60000 10001
180000 70000 10001
180000 80000 10001
180000 90000 10001
180000 100000 10001
180000 110000 10001
180000 120000 10001
180000 130000 10001
180000 140000 10001
180000 150000 10001
180000 160000 10001
180000 170000 10001
180000 180000 10001
180000 190000 10001
180000 200000 10001
180000 210000 10001
180000 220000 10001
180000 230000 10001
180000 240000 10001
180000 250000 10001
180000 260000 10001
180000 270000 10001
180000 280000 10001
180000 290000 10001
180000 300000 10001
180000 310000 10001
180000 320000 10001
180000 330000 10001
180000 340000 10001
180000 350000 10001
180000 360000 10001
180000 370000 10001
180000 380000 10001
180000 390000 10001
180000 400000 10001
180000 410000 10001
180000 420000 10001
180000 430000 10001
180000 440000 10001
180000 450000 10001
180000 460000 10001
180000 470000 10001
180000 480000 10001
180000 490000 10001
190000 0 10001
190000 10000 10001
190000 20000 10001
190000 30000 10001
190000 40000 10001
190000 50000 10001
190000 60000 10001
190000 70000 10001
190000 80000 10001
190000 90000 10001
190000 100000 10001
190000 110000 10001
190000 120000 10001
190000 130000 10001
190000 140000 10001
190000 150000 10001
190000 160000 10001
190000 170000 10001
190000 180000 10001
190000 190000 10001
190000 200000 10001
190000 210000 10001
190000 220000 10001
190000 230000 10001
190000 240000 10001
190000 250000 10001
190000 260000 10001
190000 270000 10001
190000 280000 10001
190000 290000 10001
190000 300000 10001
190000 310000 10001
190000 320000 10001
190000 330000 10001
190000 340000 10001
190000 350000 10001
190000 360000 10001
190000 370000 10001
190000 380000 10001
190000 390000 10001
190000 400000 10001
190000 410000 10001
190000 420000 10001
190000 430000 10001
190000 440000 10001
190000 450000 10001
190000 460000 10001
190000 470000 10001
190000 480000 10001
190000 490000 10001
