0 0 1000 1000 1000
-23 1037 58
94 885 31
865 575 37
1014 298 35
359 509 12
140 386 54
14 686 39
866 156 8
236 898 23
884 499 44
60 670 15
776 620 48
683 192 25
388 1047 56
79 56 15
1042 806 60
429 488 42
501 733 21
369 458 27
672 727 18
274 394 6
-14 641 40
865 315 54
338 772 54
-7 151 38
820 1039 20
1026 357 56
459 640 12
1002 346 22
852 719 18
181 533 35
943 274 32
711 663 24
570 706 60
968 812 60
283 787 37
107 112 37
1045 621 28
226 572 9
802 710 43
309 70 17
908 67 34
127 687 2
985 941 30
730 174 11
883 668 38
747 939 1
998 518 3
455 -29 19
890 82 45
148 1032 28
740 619 18
832 853 44
940 392 3
994 737 40
512 681 15
991 880 24
324 906 3
32 331 25
938 536 28
53 425 35
289 705 16
-40 1013 40
99 811 1
387 752 20
993 25 22
185 970 22
128 961 3
847 536 27
419 1033 5
654 706 58
718 649 7
975 766 26
848 322 37
120 894 9
364 31 14
544 680 59
-24 882 30
44 587 37
974 191 34
636 761 18
130 127 23
196 722 3
849 748 27
233 79 22
1037 339 33
26 623 60
472 790 5
88 310 10
553 737 27
-6 535 52
704 54 7
951 40 52
1011 823 21
216 135 31
617 897 10
1017 271 14
14 -38 7
-48 565 18
305 600 8
913 798 39
489 -37 9
-25 278 18
626 485 23
1010 551 5
395 499 12
13 556 39
853 755 53
700 531 26
404 948 26
749 629 11
652 281 26
442 681 9
19 483 12
30 147 4
174 -36 5
517 263 46
1033 -47 23
1049 752 3
850 691 7
456 82 26
240 488 14
66 555 3
-42 712 45
-27 937 42
430 740 49
399 722 52
265 -44 49
923 599 44
548 765 34
355 774 44
1034 33 47
102 514 30
49 610 32
400 482 24
-49 1000 27
831 475 11
173 458 8
244 866 4
909 -41 21
472 297 3
664 734 33
250 526 17
199 594 25
321 259 29
358 590 7
138 110 13
444 698 29
495 234 57
292 385 40
753 634 16
931 783 5
260 735 18
111 42 24
319 231 34
754 -39 36
-42 848 18
812 4 18
849 214 15
431 683 47
957 727 44
255 872 27
225 780 26
967 677 11
831 288 59
635 195 20
1046 936 52
471 478 45
522 124 14
866 40 51
705 841 2
473 659 16
184 75 19
1005 915 10
128 433 12
80 241 60
30 52 45
645 -49 35
497 1043 4
931 465 2
304 801 14
1001 272 21
788 226 56
610 782 6
948 863 42
1037 794 18
569 240 50
992 120 39
1023 474 33
996 425 25
-7 499 59
292 748 13
311 734 14
959 630 59
185 527 25
1045 705 28
1042 983 45
-49 137 17
873 517 55
206 95 59
1040 1039 39
717 173 41
880 837 25
449 68 24
308 59 35
638 722 6
682 258 36
23 584 54
43 587 49
145 509 38
939 218 15
287 116 14
913 251 35
426 181 1
575 270 28
419 1044 9
274 618 18
393 463 23
57 322 42
17 184 53
487 955 19
988 668 5
946 192 30
323 51 30
479 80 43
195 967 3
879 271 51
0 509 25
787 1046 47
371 115 6
217 488 23
609 79 48
230 608 44
183 715 25
985 196 8
825 1043 29
123 363 35
765 630 42
743 525 16
528 806 34
503 546 16
481 892 20
779 782 56
873 111 41
962 223 38
219 733 50
-21 447 48
703 -46 43
1024 783 50
245 236 39
476 767 27
360 654 1
900 565 50
668 71 6
947 763 11
521 725 49
848 1020 8
670 783 52
333 88 6
796 638 24
981 437 10
899 670 32
581 476 36
21 81 32
826 37 22
583 757 38
122 107 16
459 195 6
1028 942 20
381 494 21
943 678 51
9 548 16
313 -44 47
739 371 16
372 880 26
63 404 52
490 718 4
331 73 58
81 521 16
-4 943 51
401 698 53
1008 474 54
741 441 6
1019 931 27
48 549 27
143 481 20
614 800 49
1048 490 6
389 130 34
848 660 11
473 928 5
703 328 9
824 251 21
817 149 2
793 813 3
530 811 20
758 150 42
103 589 60
521 60 40
92 572 49
803 683 5
517 786 27
24 865 40
380 682 52
-36 542 29
438 113 26
-28 221 8
150 788 20
1038 803 57
1037 786 4
371 774 15
152 498 50
-14 601 43
153 431 30
587 632 5
696 956 34
496 263 35
923 265 23
953 116 57
925 694 14
936 259 36
508 41 24
409 755 44
900 627 9
178 866 16
979 644 5
1044 266 8
203 1047 50
981 257 3
761 107 42
856 672 17
16 698 9
945 817 59
881 -19 24
460 -25 6
765 703 53
616 192 25
557 195 8
304 125 37
893 -22 42
408 382 38
-32 443 41
609 750 37
692 482 19
112 324 6
929 18 39
19 768 8
980 580 26
491 1031 26
919 589 50
154 204 14
209 345 39
545 223 30
212 902 14
543 373 49
266 779 32
565 708 18
55 486 17
164 354 27
847 84 31
814 343 4
38 437 6
682 1030 19
754 97 24
898 202 20
1022 753 14
257 350 51
848 146 6
1024 688 47
650 776 39
464 744 37
1003 638 52
963 485 35
358 793 56
813 134 14
247 -37 11
584 750 52
594 400 6
136 689 17
925 602 52
102 246 41
35 891 37
948 342 2
-45 976 22
948 686 15
787 567 55
847 753 3
176 57 7
825 142 19
131 376 34
240 719 25
700 807 22
344 1041 3
789 777 5
919 573 32
726 543 11
628 499 1
13 481 41
620 -13 13
1025 45 32
-32 821 32
119 527 23
799 104 42
805 618 30
816 219 54
1030 818 9
382 72 43
327 241 31
983 782 17
677 232 36
7 463 14
474 780 19
944 825 43
-10 751 39
628 775 27
154 110 14
1001 144 45
1023 521 54
-7 51 6
850 206 31
987 -31 19
828 526 60
66 477 12
179 449 25
329 392 28
203 100 55
336 143 28
732 536 44
224 335 51
977 496 16
82 433 20
603 210 7
970 509 57
814 677 59
508 941 12
37 -28 6
1024 625 14
722 235 11
947 96 41
972 479 30
823 448 5
237 81 8
268 749 41
101 605 24
830 863 11
618 690 43
755 948 31
855 720 1
509 127 12
1005 902 27
427 358 10
127 262 1
766 -34 33
557 666 31
1029 474 4
599 149 1
699 401 14
507 878 2
600 -46 26
973 638 6
946 482 53
-5 460 54
947 704 15
62 589 40
198 579 41
405 227 42
464 784 45
930 670 52
608 626 23
975 549 56
62 444 30
203 827 9
868 -41 17
619 656 38
943 741 45
551 635 7
134 -22 4
-8 290 36
53 477 6
763 706 51
-9 544 46
-28 241 31
543 894 19
890 314 33
105 131 4
97 1033 41
823 36 50
259 85 33
486 463 24
634 -19 38
-46 3 18
922 772 7
775 540 24
969 1032 28
984 188 51
752 834 45
194 914 7
274 0 6
956 694 9
520 964 7
507 665 49
629 126 4
837 1042 37
740 207 1
1033 451 45
871 853 8
829 573 15
534 479 37
704 1049 4
878 758 60
626 545 16
951 234 42
757 553 37
1050 206 17
786 780 51
175 78 6
835 55 2
601 98 20
176 701 12
546 700 14
11 195 45
-1 156 30
121 486 22
287 334 34
993 6 39
777 925 9
141 983 18
992 281 13
818 0 21
373 386 39
371 130 37
552 128 24
508 134 3
997 932 23
502 109 57
933 -20 22
985 239 20
636 247 40
750 193 54
797 -18 33
410 285 5
74 994 23
363 379 31
59 650 8
176 239 3
1029 926 53
809 962 15
469 708 20
289 405 12
39 662 10
74 -26 12
560 420 7
234 -23 4
321 203 18
444 276 31
852 796 25
956 371 33
968 28 1
705 242 58
152 89 8
636 373 36
719 714 46
896 515 35
-33 757 54
593 674 39
324 201 22
-26 740 27
917 776 56
891 179 44
806 263 47
55 194 32
11 219 28
106 701 4
-17 745 49
375 364 8
431 88 26
288 336 16
188 428 2
170 548 57
115 946 42
850 1 60
96 1012 25
805 707 17
239 87 6
427 762 58
546 763 40
1015 219 6
628 722 15
82 858 25
348 458 7
103 212 2
609 838 2
489 214 10
756 212 11
738 808 42
757 1024 25
196 55 28
577 28 7
811 76 45
-40 953 19
934 1019 1
359 460 4
597 1043 5
979 780 42
-44 290 41
763 397 6
391 369 10
282 252 31
985 78 28
575 -39 8
-17 152 39
538 158 2
897 843 31
619 555 8
243 996 1
149 564 14
23 454 34
701 725 22
788 249 18
103 907 41
492 853 2
208 581 18
244 715 6
259 105 4
705 779 52
643 469 24
372 1011 22
897 145 7
263 898 18
134 425 32
17 719 10
536 264 18
911 864 8
748 855 28
635 784 2
991 16 52
-17 242 55
841 136 49
80 57 2
939 862 30
994 489 58
986 808 18
73 586 32
781 863 21
278 500 25
132 144 21
826 274 35
309 106 10
951 42 50
61 502 29
311 45 33
512 710 39
1005 677 57
886 95 12
189 971 7
1037 409 34
595 768 53
1030 1006 8
860 219 4
-27 917 7
1042 378 48
459 669 52
279 504 11
294 -21 25
421 947 20
900 818 14
580 78 51
356 69 24
128 578 17
170 487 40
229 877 1
543 192 13
812 217 13
46 403 22
650 270 54
356 676 14
490 90 52
579 767 44
121 987 55
29 1007 37
-48 185 17
783 109 2
649 448 8
678 944 10
949 1046 11
723 711 12
950 808 2
397 364 38
906 172 15
792 523 2
393 846 7
838 478 21
542 376 26
73 48 16
951 731 27
103 587 54
-28 665 52
1042 325 25
630 811 23
717 935 14
270 764 35
919 123 5
464 36 19
867 274 38
920 764 37
94 786 26
394 149 13
476 66 38
3 389 39
74 594 26
932 793 52
998 738 38
-37 81 20
742 944 16
179 588 58
791 548 45
162 504 59
131 101 14
-20 682 40
987 130 33
766 207 32
961 291 13
278 790 2
720 474 11
997 136 37
237 349 7
505 530 1
60 898 43
152 887 1
603 797 15
1020 31 56
182 611 27
470 80 55
55 -18 13
655 667 6
944 -5 25
795 446 3
384 752 13
71 984 40
168 570 28
708 807 27
830 473 22
990 367 37
133 448 20
25 118 16
-1 240 51
971 316 25
297 880 16
432 335 13
184 451 39
429 390 25
889 271 36
-37 163 52
339 -21 19
809 326 14
936 279 43
492 758 4
172 115 49
48 -47 2
213 548 44
-3 187 49
591 282 43
633 257 43
78 35 10
-26 781 10
651 281 31
805 -25 44
71 359 23
804 237 39
813 538 1
917 121 27
250 586 35
581 944 3
936 204 40
813 659 16
796 107 56
306 206 15
574 73 55
49 373 30
710 50 10
147 903 12
345 809 22
1002 712 52
925 386 14
191 346 42
883 5 11
1034 72 47
-22 269 31
614 665 24
102 12 1
163 374 21
-22 897 24
253 37 9
187 206 2
222 554 47
75 454 13
24 508 32
90 366 51
1046 670 10
196 907 11
839 78 48
823 813 21
758 123 42
148 1037 56
807 518 11
790 658 26
107 135 19
952 260 31
936 813 45
-3 585 32
326 629 7
449 719 27
473 750 10
848 655 36
504 812 2
691 713 21
1006 936 6
958 219 3
1008 595 18
895 330 28
581 1037 39
985 796 48
232 593 51
519 384 41
362 224 40
13 181 10
1018 362 40
794 687 45
194 958 2
395 139 24
536 1045 51
802 164 30
94 565 13
368 532 4
1022 72 27
759 153 46
626 78 2
962 17 51
759 105 51
66 249 1
1042 1004 38
229 975 3
197 1020 38
902 25 53
413 1038 21
451 299 7
1035 88 52
16 416 44
1041 179 2
113 568 40
102 338 25
531 749 48
150 60 23
48 430 23
746 -2 11
5 651 30
388 218 34
856 178 43
689 276 35
841 348 2
582 821 37
827 576 7
208 625 25
-38 307 24
605 745 38
641 315 3
994 486 36
505 354 22
463 407 16
466 -27 41
711 253 35
659 775 31
808 968 11
488 383 40
964 944 25
635 765 28
360 659 15
959 525 8
861 133 45
272 736 40
579 831 29
929 268 10
966 518 20
31 665 18
622 793 49
733 164 36
272 352 54
525 230 43
599 674 51
806 -9 43
-36 602 7
932 123 24
273 31 4
18 933 26
16 666 43
583 552 16
78 644 9
625 658 35
262 99 54
846 621 31
543 684 56
12 309 50
648 714 23
800 781 2
951 689 56
811 942 10
977 771 48
555 833 24
542 767 59
234 523 31
658 837 14
637 785 21
762 816 58
1035 576 46
879 502 15
102 936 13
19 525 41
75 443 8
825 608 43
356 740 20
662 -35 19
7 532 60
1025 601 49
729 573 2
794 87 42
592 791 59
156 152 22
684 263 8
1000 80 41
956 492 36
576 804 4
-24 104 45
913 647 11
815 280 58
275 566 2
496 952 12
636 857 9
930 719 8
239 600 43
361 365 11
32 690 43
934 348 56
172 895 11
834 696 7
887 949 32
956 155 6
582 237 32
61 458 50
707 198 11
742 -19 11
446 794 50
715 843 25
565 938 14
-36 630 44
874 362 16
141 649 19
161 552 4
332 492 36
213 493 60
601 711 36
956 562 35
1042 76 46
501 815 35
337 76 19
749 796 50
77 295 29
636 182 7
-13 87 31
156 208 3
60 199 18
975 821 45
725 608 2
-24 995 60
233 57 40
1016 16 45
7 284 59
576 219 7
356 582 15
251 749 51
921 111 47
820 124 40
899 518 24
464 701 4
136 563 45
466 969 3
-23 517 7
569 54 2
503 1026 2
467 1035 4
881 754 30
168 992 19
921 847 40
609 300 22
434 263 28
794 867 19
1013 758 9
1010 -24 37
161 531 13
39 297 27
511 805 27
