4760 2010 8330 2890 49
5117 2367 357
5831 2367 357
6545 2367 357
7259 2367 357
7973 2367 357
8321 7639 3273
7768 9954 2260
1187 1385 3312
1034 4073 107
9906 4761 104
1587 8933 5796
6173 224 210
4293 5226 123
2960 9902 3072
8489 8806 5906
3258 7661 4632
9940 5521 606
852 9797 4431
5165 7553 2562
6797 8665 3768
1038 6637 5811
2293 4303 1246
6323 5890 2154
41 9043 6534
9336 6509 386
5494 9160 664
2533 8375 4344
2488 8575 4169
3981 9367 557
6408 2797 299
6318 4846 47
7201 9294 2688
1349 3184 2984
319 7739 341
6355 9113 5085
8979 5405 1394
9228 8515 5431
9159 1619 1210
8033 5580 768
4837 7171 482
6251 5514 2665
4113 5787 1681
6175 2827 767
9535 9425 4162
1630 8627 3859
3371 7886 3010
1335 6058 555
315 3856 3030
6794 6725 2613
