3370 4980 5130 5840 82
3546 5156 176
3546 5508 176
3898 5156 176
3898 5508 176
4250 5156 176
4250 5508 176
4602 5156 176
4602 5508 176
4954 5156 176
4954 5508 176
5559 218 2485
5070 3778 519
9230 5458 3173
190 9899 3824
9261 6576 3417
8841 1558 2464
7296 2301 2341
4053 9483 414
6354 5119 336
639 917 880
7014 1429 2800
9610 9543 4821
3199 8185 624
585 2943 2337
6515 3714 853
3611 7359 1807
5156 25 347
22 69 2522
8682 6467 1940
4747 4008 940
1446 1922 2873
8837 1942 1003
9828 4217 3442
64 4087 2430
6833 5149 391
1363 2344 449
5276 1838 100
6104 7378 1011
9657 9791 31
4221 8620 127
9907 9585 1168
1341 9966 1766
630 190 4875
5782 3577 127
2448 426 1637
1122 7501 63
148 9110 3445
7089 6982 757
1819 8887 93
7186 849 5068
6808 1321 2155
2818 3688 659
7830 651 5441
8641 8160 218
8806 8447 3068
8942 8315 4324
6760 1298 1022
8300 2034 3940
668 3970 1031
1037 850 2497
7876 8788 140
1782 1651 1478
7938 2076 3791
8386 5632 133
7234 9602 3058
8588 9647 5111
7523 2090 2520
49 1280 4183
7930 739 3733
4319 9592 3129
9418 2771 4905
5906 9636 1812
4975 7830 1353
741 1776 3029
6456 2814 2825
605 7552 1483
7657 5810 643
1510 8891 1235
8911 8877 2857
3360 1381 800
5497 3663 704
8504 856 729
