0 0 1000 1000 1000
550 375 25
500 975 25
725 250 25
825 475 25
825 975 25
775 625 25
175 725 25
50 225 25
350 25 25
650 325 25
125 950 25
200 725 25
175 250 25
650 275 25
650 375 25
525 400 25
825 275 25
325 600 25
875 50 25
750 650 25
200 25 25
650 825 25
100 775 25
200 300 25
25 -25 25
0 650 25
250 675 25
1000 750 25
25 775 25
1000 375 25
300 800 25
400 950 25
775 75 25
525 -25 25
125 175 25
775 475 25
0 475 25
75 175 25
200 800 25
775 425 25
100 450 25
450 75 25
850 125 25
650 625 25
225 125 25
575 325 25
275 325 25
850 650 25
675 825 25
75 800 25
0 875 25
850 175 25
575 -25 25
425 725 25
750 150 25
450 575 25
325 75 25
125 525 25
225 725 25
125 750 25
475 175 25
475 500 25
-25 325 25
700 600 25
550 125 25
850 600 25
150 275 25
175 450 25
375 325 25
1000 600 25
50 75 25
800 1000 25
475 300 25
575 125 25
925 400 25
350 425 25
575 225 25
850 525 25
950 0 25
325 950 25
575 350 25
750 675 25
400 225 25
200 150 25
375 650 25
475 925 25
750 350 25
325 100 25
800 875 25
350 125 25
200 125 25
650 875 25
125 575 25
850 475 25
450 425 25
25 125 25
400 900 25
225 575 25
25 650 25
150 550 25
500 950 25
925 850 25
650 350 25
500 375 25
675 650 25
950 475 25
925 825 25
550 975 25
925 925 25
425 875 25
50 550 25
875 725 25
875 600 25
500 300 25
975 100 25
950 900 25
600 975 25
250 500 25
750 800 25
400 650 25
650 200 25
775 25 25
0 525 25
675 325 25
825 150 25
675 350 25
500 525 25
925 -25 25
850 875 25
125 775 25
750 750 25
750 1000 25
200 475 25
725 575 25
750 875 25
350 775 25
325 1000 25
125 600 25
950 825 25
925 450 25
450 125 25
650 600 25
875 350 25
300 550 25
325 525 25
0 -25 25
75 50 25
300 825 25
950 700 25
575 250 25
625 650 25
375 800 25
175 300 25
775 825 25
925 175 25
975 500 25
750 775 25
875 25 25
325 175 25
525 300 25
375 475 25
400 250 25
100 1000 25
475 750 25
75 -25 25
825 850 25
825 675 25
0 725 25
150 775 25
475 25 25
75 350 25
925 425 25
850 300 25
725 925 25
250 150 25
650 800 25
975 125 25
125 275 25
925 875 25
625 25 25
600 75 25
75 375 25
650 1000 25
400 375 25
850 50 25
225 25 25
225 925 25
825 175 25
-25 275 25
200 75 25
550 25 25
-25 400 25
950 625 25
450 475 25
675 500 25
825 550 25
775 450 25
1000 925 25
675 800 25
325 775 25
875 550 25
625 825 25
725 500 25
425 175 25
1000 50 25
700 800 25
625 400 25
175 100 25
750 175 25
1000 400 25
950 925 25
300 725 25
75 75 25
875 75 25
925 700 25
400 475 25
500 100 25
250 925 25
1000 950 25
650 550 25
325 825 25
975 600 25
425 900 25
525 775 25
550 575 25
825 800 25
1000 675 25
300 175 25
325 800 25
275 225 25
700 550 25
75 625 25
475 775 25
100 800 25
875 475 25
300 900 25
625 350 25
450 400 25
625 525 25
525 925 25
775 200 25
400 875 25
575 875 25
650 75 25
625 450 25
575 975 25
725 900 25
725 200 25
525 325 25
750 825 25
700 300 25
275 200 25
375 600 25
950 150 25
450 450 25
575 625 25
500 75 25
975 350 25
950 675 25
425 650 25
1000 250 25
325 125 25
250 725 25
750 125 25
225 175 25
375 775 25
225 975 25
975 175 25
275 900 25
875 900 25
0 750 25
425 950 25
825 400 25
125 75 25
550 425 25
775 300 25
525 550 25
375 675 25
275 725 25
375 550 25
700 325 25
200 575 25
225 775 25
200 875 25
975 750 25
400 350 25
925 750 25
1000 175 25
475 350 25
700 100 25
650 450 25
1000 875 25
375 300 25
650 575 25
25 300 25
100 875 25
125 1000 25
575 100 25
150 25 25
100 75 25
275 150 25
950 250 25
0 250 25
525 675 25
875 575 25
950 400 25
25 625 25
400 500 25
375 500 25
450 975 25
625 600 25
975 50 25
425 50 25
225 50 25
-25 825 25
575 775 25
325 275 25
425 750 25
825 200 25
400 975 25
-25 775 25
150 750 25
525 150 25
525 25 25
650 175 25
575 725 25
125 -25 25
500 550 25
750 275 25
450 300 25
425 325 25
975 425 25
475 250 25
400 -25 25
300 225 25
300 950 25
125 800 25
225 650 25
475 275 25
550 925 25
325 675 25
325 250 25
700 675 25
600 925 25
125 975 25
575 275 25
675 275 25
425 975 25
1000 700 25
25 850 25
75 0 25
-25 550 25
975 550 25
450 775 25
675 700 25
425 625 25
575 500 25
500 575 25
950 375 25
850 900 25
975 800 25
375 725 25
1000 975 25
100 950 25
225 550 25
550 825 25
625 625 25
0 625 25
375 950 25
350 800 25
225 875 25
925 50 25
1000 650 25
875 300 25
1000 200 25
325 350 25
225 625 25
275 875 25
225 0 25
75 925 25
775 350 25
1000 225 25
0 300 25
725 700 25
775 650 25
-25 100 25
625 250 25
275 300 25
25 875 25
0 150 25
425 500 25
875 825 25
0 175 25
400 775 25
675 125 25
425 525 25
175 425 25
675 925 25
825 725 25
775 800 25
250 250 25
1000 100 25
25 75 25
925 0 25
250 -25 25
0 675 25
125 0 25
550 750 25
275 425 25
50 25 25
850 975 25
250 100 25
150 200 25
175 150 25
300 100 25
175 575 25
50 175 25
250 825 25
25 450 25
625 1000 25
25 350 25
925 150 25
625 225 25
225 825 25
825 250 25
975 0 25
25 825 25
50 950 25
375 425 25
925 975 25
425 75 25
450 50 25
150 650 25
350 750 25
700 875 25
775 1000 25
825 125 25
425 675 25
50 875 25
775 675 25
225 225 25
775 500 25
925 500 25
775 -25 25
500 225 25
725 300 25
25 925 25
0 350 25
475 75 25
150 225 25
425 475 25
850 350 25
275 0 25
125 200 25
325 300 25
550 475 25
150 500 25
975 525 25
550 400 25
375 875 25
250 625 25
850 225 25
0 775 25
575 1000 25
550 675 25
200 925 25
975 650 25
950 600 25
50 650 25
100 425 25
400 725 25
0 800 25
500 400 25
100 650 25
625 200 25
375 -25 25
450 925 25
275 825 25
1000 825 25
150 525 25
775 225 25
150 425 25
600 150 25
550 700 25
650 225 25
750 75 25
175 25 25
25 175 25
825 100 25
500 1000 25
650 250 25
525 225 25
175 0 25
925 550 25
650 950 25
325 50 25
650 400 25
475 725 25
400 125 25
625 375 25
400 675 25
325 325 25
150 150 25
75 825 25
850 1000 25
400 175 25
25 50 25
550 275 25
975 875 25
100 925 25
450 -25 25
475 0 25
375 250 25
825 775 25
925 125 25
300 -25 25
525 525 25
875 675 25
675 950 25
500 450 25
125 825 25
775 750 25
425 150 25
250 975 25
575 925 25
600 1000 25
825 75 25
375 350 25
800 -25 25
750 550 25
725 975 25
650 -25 25
875 525 25
950 450 25
300 300 25
525 700 25
700 350 25
625 475 25
1000 525 25
0 575 25
475 525 25
775 275 25
-25 650 25
700 125 25
325 575 25
525 875 25
-25 875 25
500 875 25
925 75 25
275 250 25
400 275 25
975 275 25
275 950 25
-25 450 25
550 525 25
275 25 25
400 600 25
925 800 25
600 125 25
775 600 25
800 950 25
250 525 25
225 600 25
200 675 25
125 50 25
450 0 25
225 -25 25
850 425 25
150 900 25
725 225 25
150 950 25
1000 425 25
500 125 25
200 500 25
650 425 25
450 350 25
0 325 25
825 825 25
475 825 25
725 625 25
925 375 25
100 0 25
450 750 25
825 350 25
700 150 25
575 400 25
75 1000 25
575 425 25
475 -25 25
800 900 25
750 -25 25
350 75 25
50 125 25
525 450 25
-25 50 25
750 575 25
75 450 25
950 100 25
250 575 25
450 150 25
875 1000 25
575 525 25
-25 950 25
-25 -25 25
550 450 25
350 525 25
700 450 25
825 25 25
950 875 25
175 825 25
375 375 25
525 175 25
375 100 25
25 975 25
300 50 25
975 825 25
525 275 25
700 200 25
650 150 25
100 575 25
575 450 25
925 100 25
675 225 25
225 300 25
350 150 25
675 875 25
100 550 25
425 925 25
1000 25 25
750 225 25
175 675 25
675 400 25
600 -25 25
-25 525 25
850 100 25
925 575 25
150 50 25
75 875 25
500 925 25
350 1000 25
775 175 25
175 375 25
875 175 25
925 225 25
75 675 25
0 125 25
100 475 25
725 875 25
625 75 25
975 925 25
0 825 25
200 -25 25
-25 900 25
25 0 25
0 975 25
375 25 25
950 -25 25
475 625 25
325 550 25
425 350 25
275 450 25
300 625 25
700 400 25
475 400 25
75 125 25
525 900 25
975 200 25
975 225 25
325 0 25
975 725 25
575 650 25
225 150 25
525 1000 25
925 775 25
25 425 25
300 325 25
450 250 25
600 25 25
875 650 25
650 300 25
1000 500 25
400 325 25
300 350 25
975 675 25
250 800 25
275 800 25
100 750 25
450 225 25
125 725 25
550 350 25
525 475 25
-25 350 25
550 -25 25
175 550 25
500 900 25
100 325 25
1000 75 25
500 150 25
-25 0 25
-25 725 25
25 150 25
950 500 25
75 300 25
150 825 25
875 375 25
675 375 25
525 625 25
350 475 25
275 350 25
875 950 25
250 550 25
700 650 25
500 475 25
150 625 25
425 600 25
850 800 25
375 975 25
275 275 25
100 675 25
125 375 25
425 125 25
0 900 25
700 900 25
675 775 25
1000 800 25
425 400 25
325 975 25
150 925 25
475 225 25
925 900 25
825 375 25
875 275 25
975 375 25
1000 625 25
225 450 25
75 475 25
725 100 25
75 750 25
950 800 25
25 750 25
675 175 25
-25 600 25
-25 700 25
175 50 25
400 100 25
825 450 25
275 925 25
775 950 25
550 875 25
0 600 25
1000 0 25
175 325 25
825 325 25
0 375 25
400 625 25
775 550 25
125 475 25
50 525 25
650 675 25
150 350 25
625 675 25
775 725 25
125 875 25
225 800 25
475 1000 25
300 600 25
25 675 25
50 0 25
725 550 25
450 825 25
25 950 25
150 300 25
25 525 25
975 475 25
325 900 25
150 975 25
725 675 25
50 575 25
700 275 25
450 650 25
325 500 25
925 650 25
175 1000 25
225 325 25
600 825 25
550 325 25
625 975 25
425 550 25
225 350 25
725 650 25
225 250 25
450 800 25
550 775 25
650 900 25
850 925 25
125 925 25
25 500 25
850 775 25
550 500 25
925 250 25
975 150 25
350 825 25
375 525 25
875 750 25
175 275 25
700 425 25
775 875 25
275 75 25
450 375 25
-25 475 25
150 375 25
975 -25 25
950 650 25
925 275 25
450 600 25
0 450 25
825 950 25
725 75 25
150 800 25
-25 300 25
0 200 25
200 375 25
950 850 25
75 975 25
725 325 25
350 725 25
600 950 25
450 25 25
175 925 25
725 825 25
75 900 25
150 725 25
675 75 25
925 675 25
625 800 25
1000 150 25
750 25 25
300 750 25
725 350 25
650 25 25
700 700 25
300 375 25
175 475 25
200 250 25
275 375 25
425 775 25
750 450 25
475 575 25
-25 850 25
575 150 25
25 275 25
75 550 25
675 675 25
650 125 25
675 250 25
525 125 25
100 300 25
750 700 25
775 775 25
1000 275 25
550 150 25
275 650 25
250 325 25
950 575 25
475 150 25
250 1000 25
750 400 25
925 200 25
425 100 25
800 925 25
100 725 25
950 50 25
950 975 25
350 550 25
100 500 25
925 625 25
975 700 25
400 550 25
850 -25 25
275 500 25
200 50 25
850 75 25
425 300 25
250 275 25
875 325 25
575 900 25
975 450 25
75 275 25
275 625 25
275 975 25
575 825 25
300 0 25
700 -25 25
750 725 25
175 125 25
575 700 25
375 575 25
200 100 25
550 175 25
275 100 25
0 550 25
650 100 25
525 825 25
675 725 25
750 900 25
1000 125 25
225 375 25
500 350 25
-25 125 25
575 950 25
250 875 25
150 75 25
125 150 25
625 150 25
650 925 25
150 -25 25
-25 225 25
150 250 25
300 925 25
575 675 25
675 25 25
250 300 25
425 25 25
875 125 25
775 925 25
225 75 25
675 100 25
0 425 25
475 425 25
475 550 25
875 100 25
50 500 25
150 675 25
400 150 25
950 275 25
225 900 25
750 100 25
400 50 25
525 750 25
875 625 25
725 725 25
500 275 25
750 925 25
675 425 25
1000 350 25
25 400 25
425 -25 25
525 75 25
750 975 25
850 375 25
100 625 25
975 325 25
625 725 25
350 50 25
350 100 25
75 325 25
175 650 25
425 575 25
50 -25 25
850 825 25
-25 675 25
700 750 25
700 500 25
50 625 25
625 275 25
150 125 25
250 900 25
700 250 25
725 375 25
-25 200 25
275 175 25
175 175 25
375 275 25
250 350 25
25 475 25
475 975 25
325 450 25
100 525 25
950 325 25
925 950 25
775 400 25
175 750 25
150 100 25
300 25 25
550 950 25
200 900 25
375 925 25
175 900 25
550 250 25
675 975 25
300 250 25
500 650 25
725 800 25
950 725 25
650 500 25
525 250 25
250 125 25
950 525 25
400 75 25
825 575 25
