0 0 1000 1000 1000
159 729 37
963 94 21
782 1016 19
880 38 46
-14 813 37
1013 260 19
576 73 49
936 92 18
791 297 57
402 485 54
297 1031 17
490 943 55
594 675 2
224 841 7
472 75 15
874 701 15
270 923 44
667 352 19
324 1036 17
-4 812 25
914 355 7
697 629 49
568 615 19
538 36 25
55 196 44
797 516 13
579 768 11
1046 384 2
947 -6 42
512 1005 2
584 651 4
446 168 40
471 -8 42
958 98 13
-6 945 52
4 473 58
-37 805 27
662 1038 56
581 52 42
1026 951 38
11 485 38
12 217 56
679 -25 44
667 983 1
902 1028 9
603 318 36
357 668 12
883 616 9
14 147 34
674 122 51
187 183 59
738 582 54
406 210 29
454 928 24
-25 668 34
925 -25 12
793 208 56
59 169 31
327 743 31
28 431 52
334 887 12
665 290 58
165 990 22
742 251 14
924 462 33
386 613 29
851 356 58
413 802 32
787 494 16
622 114 43
-47 830 59
263 281 50
638 -28 24
967 182 8
221 618 6
432 756 17
475 455 6
737 988 33
692 724 11
363 295 1
972 299 24
57 949 43
181 873 49
944 789 14
16 -41 3
853 779 59
995 540 34
821 542 23
196 955 42
499 877 44
155 984 26
905 451 53
914 344 27
55 748 31
201 550 27
389 495 12
-19 1007 8
611 13 3
151 596 4
37 381 2
608 586 55
314 778 9
942 641 14
545 -18 11
495 570 57
350 613 31
805 511 41
751 712 19
615 694 40
899 -43 13
583 949 60
234 781 16
347 562 9
-41 357 15
453 -6 21
139 849 54
989 550 16
957 438 59
1019 339 56
954 524 16
616 393 60
970 678 33
592 -26 10
70 -17 33
945 486 38
179 950 52
75 856 6
821 60 51
445 -36 11
77 630 4
1045 886 45
979 764 16
761 121 49
613 15 46
847 684 45
879 150 2
-17 612 3
676 382 21
657 114 18
449 578 14
348 909 46
210 837 15
353 446 40
45 579 9
798 744 57
687 777 27
380 402 28
676 845 1
748 142 31
655 740 15
-23 526 13
508 958 36
672 706 24
610 679 18
873 8 33
804 580 42
95 239 9
1014 180 59
954 843 49
998 664 52
796 622 43
526 858 31
166 280 39
701 425 19
328 388 2
318 292 17
481 -31 47
120 1017 11
979 674 39
909 169 36
165 920 38
811 535 27
587 903 19
492 334 3
564 894 19
911 58 33
604 451 56
726 300 28
31 843 41
457 682 38
84 196 2
861 393 35
834 404 22
998 282 13
828 172 32
113 404 47
108 700 6
801 782 26
13 188 48
116 659 31
399 807 55
26 590 38
293 538 29
103 652 18
414 816 58
-20 292 3
-30 380 13
89 780 6
940 183 41
510 632 7
522 1046 48
1024 778 52
128 869 8
814 135 56
48 155 13
-8 520 30
579 -21 59
585 552 57
468 827 37
174 36 2
583 603 45
757 17 23
14 881 22
-49 216 47
750 -4 17
-22 626 33
226 160 44
805 1015 4
959 476 1
841 8 52
487 816 36
-49 880 52
701 117 28
892 485 52
326 184 54
667 550 13
1038 826 47
146 917 25
468 826 56
876 953 3
410 389 23
775 727 55
206 377 33
1005 555 23
706 167 27
117 884 49
945 221 47
263 681 3
785 405 60
416 608 51
176 776 47
536 603 41
1008 301 32
582 598 52
1033 829 57
284 379 29
15 872 11
483 1048 39
454 413 4
643 639 12
1002 461 7
418 418 34
742 269 51
466 940 30
584 201 2
731 604 13
489 373 44
486 877 40
41 806 37
421 -7 57
1028 461 49
291 301 49
912 817 49
525 687 35
974 368 57
144 143 54
749 680 3
716 771 60
609 478 37
1014 456 28
22 291 55
468 969 58
132 830 25
22 304 36
164 565 20
196 -5 55
880 18 15
196 318 3
698 390 42
422 908 2
675 398 14
490 613 29
722 95 27
384 33 7
776 589 53
124 418 20
338 1001 25
590 357 59
804 141 54
798 866 13
720 642 23
919 314 20
737 -16 4
-40 811 22
367 221 5
921 189 10
2 829 46
715 919 25
803 336 57
801 541 29
181 227 9
-19 575 31
420 992 19
-17 991 48
775 280 58
110 1045 26
737 361 48
416 450 18
787 200 16
758 769 10
-1 36 5
813 19 6
318 52 4
400 114 1
596 611 55
661 298 32
342 0 4
-18 73 46
214 881 56
-41 930 29
666 318 47
550 80 54
737 472 15
962 17 17
621 357 29
223 390 14
413 991 49
658 236 22
990 188 25
13 24 6
207 579 20
841 602 30
537 850 50
131 554 20
73 124 47
854 97 41
35 41 16
871 -20 26
974 381 32
106 975 38
269 6 44
969 919 36
97 723 19
632 965 46
562 888 45
903 1045 17
772 406 60
530 931 15
88 150 2
249 615 27
585 533 58
177 1018 31
1017 908 10
847 489 46
281 337 57
910 189 34
700 248 4
204 828 41
684 202 5
883 502 43
836 373 7
657 600 44
150 566 15
838 699 39
340 1031 23
781 126 4
915 366 58
1039 169 8
46 291 32
311 998 23
543 97 15
834 612 27
322 342 23
386 416 9
749 280 42
125 825 26
447 507 54
173 337 31
851 255 58
-43 747 48
14 420 41
997 118 18
531 630 13
452 6 28
929 664 39
-27 958 49
885 -6 28
968 796 37
984 103 6
722 49 19
26 968 12
543 706 13
823 585 44
871 180 10
713 204 1
942 375 8
376 292 56
276 801 55
15 910 7
41 730 24
516 730 24
896 283 7
640 905 16
474 656 43
461 432 8
124 637 25
457 1039 40
661 30 56
331 596 5
256 15 39
943 962 4
107 888 58
613 648 47
286 993 30
405 910 30
30 857 32
8 137 46
430 780 13
-5 1009 51
352 205 27
866 541 50
978 129 44
1013 584 11
1036 1001 1
376 -41 54
361 776 48
749 57 37
284 337 10
758 1045 51
829 346 58
703 763 59
176 725 41
947 710 31
422 35 26
422 784 30
177 817 59
318 861 32
474 976 6
121 169 18
360 158 13
15 722 53
641 618 40
1039 799 12
922 237 56
864 68 38
472 592 47
176 410 54
14 475 25
628 402 54
137 568 13
832 893 8
160 765 34
20 200 59
320 13 24
430 872 31
465 971 18
719 96 23
418 498 45
163 262 26
915 380 26
313 590 40
-1 997 41
89 746 37
866 166 55
43 971 33
846 46 47
1000 596 60
1009 797 59
860 397 13
762 783 19
914 267 43
28 743 60
694 466 21
370 560 34
594 355 38
413 600 1
-23 746 40
518 457 40
668 320 8
708 735 18
444 85 34
727 65 5
799 486 12
454 366 31
880 933 6
87 295 14
478 659 12
216 126 31
786 81 59
910 839 38
727 569 20
76 330 58
130 237 39
1006 374 41
-6 902 30
114 67 4
742 140 48
975 -1 8
893 12 13
181 543 34
686 669 49
963 1002 14
556 418 19
30 373 21
187 754 20
290 155 57
215 107 18
750 286 28
40 855 36
-37 827 38
603 740 38
263 245 6
210 662 16
581 900 56
376 476 19
-48 -6 3
545 632 19
-4 723 48
377 -28 42
39 962 13
327 174 24
-19 434 1
396 301 37
852 727 33
411 -34 8
204 408 37
828 239 24
687 622 24
688 1049 11
465 375 33
268 752 27
366 783 19
412 466 5
645 267 12
302 728 29
341 218 29
1025 -5 4
802 370 31
116 439 8
121 91 48
947 553 33
1023 484 3
349 837 52
791 464 40
928 775 31
589 340 29
158 726 48
153 128 54
949 300 54
-50 196 41
568 506 50
402 905 47
251 982 39
867 737 49
1049 612 52
886 820 7
895 1023 6
291 158 14
644 350 16
555 38 18
590 339 8
374 -7 13
984 147 21
795 145 38
233 317 26
838 840 17
816 -45 13
-44 490 38
164 366 59
303 791 46
588 724 4
132 806 38
-24 821 15
1025 946 51
754 711 30
264 495 44
321 722 1
186 904 39
583 955 32
583 217 23
795 192 32
32 232 56
712 210 9
563 99 25
955 413 54
662 352 35
446 -41 48
1004 195 37
891 64 55
815 698 35
437 862 48
25 860 24
1038 373 41
204 225 50
560 616 15
750 412 34
419 900 2
707 975 16
154 198 50
852 1 30
183 1004 47
228 908 38
519 831 28
160 677 23
886 713 53
239 418 22
505 74 37
917 279 46
651 417 13
285 952 43
958 84 50
537 700 13
76 505 28
854 -49 21
96 887 35
28 967 39
180 833 56
579 433 50
266 4 44
594 1012 11
539 835 29
506 1 55
724 485 38
942 673 21
528 -13 12
575 217 20
187 83 24
583 1043 41
270 868 30
708 68 50
599 624 8
557 189 7
92 628 19
265 754 52
266 286 31
566 943 10
313 600 47
308 486 49
691 1028 29
509 871 20
1049 906 4
863 284 19
395 541 60
-42 858 58
187 373 40
997 -28 28
61 667 58
899 307 29
984 102 6
544 438 18
494 250 16
21 481 55
181 171 29
235 745 42
182 691 55
384 988 23
-34 157 9
806 -12 20
401 532 41
666 941 16
871 690 28
903 922 1
742 443 25
240 1012 41
97 -24 37
671 747 44
838 -1 30
57 856 15
865 543 2
873 158 60
985 315 44
973 504 6
418 195 3
875 969 13
417 589 42
997 377 54
257 484 9
655 299 21
872 458 53
979 729 41
-38 651 13
1017 355 59
1038 299 38
684 460 14
693 928 9
735 110 55
827 417 24
-40 22 2
787 180 22
-42 109 39
932 121 12
258 424 1
167 412 38
949 382 35
548 24 21
22 809 47
261 923 5
270 933 39
628 1007 30
-34 251 28
847 132 17
901 777 2
596 995 30
640 893 9
93 390 3
985 666 55
760 259 51
-11 392 42
827 579 12
274 461 10
862 194 29
514 769 3
598 408 52
217 342 9
55 981 49
187 1027 11
619 -35 47
133 842 38
811 66 46
-5 637 38
459 448 42
599 248 10
487 896 48
8 399 33
246 842 54
777 315 22
89 984 22
181 403 4
903 163 36
1035 208 4
166 -47 52
980 602 40
917 -34 20
364 29 37
125 169 21
666 400 59
255 573 15
641 -45 6
441 0 35
1050 967 34
349 281 44
350 456 9
672 1029 38
173 570 5
269 819 16
368 410 9
356 -23 37
770 805 37
719 439 6
949 839 43
635 410 34
771 31 44
445 591 46
-21 910 29
690 565 43
642 971 59
-41 691 45
764 545 30
384 213 43
336 448 42
367 32 49
856 853 54
560 585 59
121 951 4
250 519 38
740 865 5
221 578 45
557 1013 3
777 430 26
741 277 41
1009 785 25
373 622 46
352 158 44
589 948 54
128 456 2
600 -38 13
570 630 33
702 383 36
490 446 3
80 136 30
642 95 34
3 855 35
680 494 15
357 547 48
518 433 46
978 -47 1
258 1042 14
977 481 7
-25 611 31
737 202 18
897 593 39
200 559 14
476 670 49
986 313 28
137 882 33
401 809 21
581 354 18
93 280 53
439 642 45
635 329 20
211 512 1
1030 762 34
528 524 26
108 796 38
623 983 4
520 670 40
757 537 49
985 1018 22
644 406 59
201 327 24
347 589 47
35 905 50
669 383 49
158 878 58
774 450 58
458 256 40
237 -38 50
420 998 56
169 928 56
611 78 14
668 475 6
186 897 2
90 852 16
231 -41 36
454 20 12
610 528 46
723 51 20
322 858 21
989 -24 25
247 975 7
984 592 48
495 65 18
962 205 12
333 823 37
333 887 8
676 896 32
1031 167 28
570 442 2
-14 739 19
631 1010 26
1038 454 10
528 702 28
156 -15 44
894 668 12
939 287 32
460 1013 16
757 230 29
523 850 50
653 886 6
1044 466 31
977 791 54
260 605 23
136 811 59
884 991 17
44 879 27
478 626 8
757 332 30
489 905 46
376 845 28
497 0 36
446 311 7
47 834 2
783 1004 6
373 335 21
638 863 4
1035 345 23
577 772 19
718 347 44
611 130 5
582 964 22
106 -40 55
492 29 35
54 453 18
545 40 35
612 955 32
296 175 37
179 806 22
-26 703 30
699 728 23
261 506 21
14 441 27
64 339 52
-30 686 35
271 144 21
294 374 29
286 735 33
459 941 43
214 136 18
727 299 25
978 700 13
374 834 5
755 55 2
122 736 28
346 -29 15
559 818 11
40 914 43
6 927 39
970 90 52
560 696 46
202 357 38
154 61 11
-37 233 33
870 966 21
360 474 49
841 53 36
433 143 11
211 536 55
675 792 30
789 301 16
1004 891 3
1002 -6 18
341 344 13
466 163 2
949 910 31
863 1037 60
1049 419 7
-3 1017 54
1023 641 44
827 958 11
715 0 49
716 999 22
399 429 15
1043 401 50
665 12 37
638 434 5
451 548 59
645 126 13
896 891 19
596 556 46
492 -17 57
725 60 54
522 4 11
770 1029 46
636 766 24
747 360 22
391 205 51
86 87 38
830 966 12
143 289 33
653 300 47
542 628 40
455 436 47
93 155 58
889 78 37
82 875 46
889 215 10
772 688 13
498 467 24
257 998 45
14 600 51
646 428 12
953 933 14
214 312 48
890 151 36
982 458 17
603 -36 8
103 673 44
373 605 59
556 844 34
125 344 25
237 184 8
877 683 59
318 797 10
712 1031 10
517 843 22
122 349 52
1047 524 51
133 811 7
521 237 17
815 400 6
853 128 29
357 833 37
975 832 54
724 70 56
95 637 35
458 809 45
402 225 30
423 797 20
145 898 45
937 701 17
822 7 27
790 268 15
738 1043 32
393 87 8
604 596 47
787 497 1
106 949 6
624 658 2
665 853 3
392 -25 58
297 848 41
322 587 29
53 -46 6
667 945 47
612 681 19
312 837 32
287 748 32
252 41 22
145 725 30
363 174 5
