0 0 1000 1000 1000
99 814 2
845 258 1
1 465 28
455 -43 11
1033 482 31
1021 64 7
4 244 14
353 165 31
100 260 35
935 329 18
585 123 9
300 174 4
231 1016 19
244 998 35
117 204 37
641 595 8
-39 999 11
906 701 11
757 585 33
372 120 1
643 -13 40
662 619 38
111 786 25
12 714 20
971 725 19
617 380 5
237 572 19
86 279 26
315 1038 34
-48 956 35
151 548 10
-22 159 16
365 720 18
44 544 2
1012 831 3
191 204 6
680 906 4
238 144 13
654 345 21
343 710 5
1038 86 1
367 501 37
902 495 25
673 793 7
-34 270 26
1025 1001 19
971 188 34
57 128 8
843 858 10
-26 845 39
149 499 23
758 246 20
530 434 10
133 57 29
617 410 8
591 384 11
420 641 31
443 -15 8
862 878 5
941 138 31
391 338 15
730 382 31
419 199 8
989 382 20
538 1049 29
70 589 1
653 295 18
946 937 1
226 63 30
64 841 15
788 521 16
1044 226 14
683 501 26
430 -12 34
973 108 39
86 47 27
228 808 31
404 1040 3
408 215 8
938 666 29
-10 740 39
576 733 18
310 366 23
476 82 28
977 341 6
1016 815 9
299 -8 10
758 783 16
1 141 1
1044 742 32
-2 268 10
666 628 16
20 391 37
851 317 14
42 1013 14
448 301 28
981 376 23
194 761 25
190 713 29
176 783 21
293 921 2
-26 622 20
1011 448 23
822 855 8
285 785 2
540 1029 3
12 505 20
836 731 11
1001 -26 20
870 87 3
462 763 26
781 723 25
1026 66 5
690 656 26
64 -46 23
201 76 37
408 363 23
484 81 26
120 237 24
764 750 11
-29 817 39
13 791 1
196 766 26
877 743 40
458 8 16
926 466 18
809 120 39
499 478 39
199 878 25
780 23 36
714 950 34
252 1008 13
132 752 23
138 628 35
894 905 20
419 445 13
192 230 40
69 479 32
450 546 27
884 209 13
245 848 23
177 1030 23
841 454 10
920 298 6
185 1029 27
1007 734 34
134 213 21
126 332 17
1046 833 24
174 1003 35
302 197 26
724 762 6
847 552 8
885 422 24
777 657 25
327 370 34
967 883 29
271 114 34
172 338 4
668 690 13
962 700 24
135 496 27
486 667 1
84 393 13
761 748 5
358 361 29
218 614 4
124 935 33
35 775 15
14 107 38
798 980 11
954 13 24
288 61 14
623 469 23
613 738 15
-5 1020 5
707 4 29
293 223 39
630 287 2
749 35 35
484 275 11
1000 613 17
112 522 36
-28 422 22
496 481 3
905 526 37
468 526 20
252 105 12
531 140 18
248 961 13
968 359 2
5 382 3
168 928 19
865 18 35
431 -40 15
389 815 23
620 17 28
865 158 38
215 75 29
475 468 27
105 1023 6
578 555 5
784 994 1
803 563 38
976 1037 5
576 637 31
136 452 40
1044 -47 30
159 478 6
808 971 13
907 524 22
-27 51 20
488 121 29
350 136 12
918 762 32
296 184 36
219 177 4
267 386 35
70 480 34
945 336 12
843 360 3
582 898 13
896 252 28
751 119 6
192 802 22
472 -30 9
755 625 11
803 745 24
771 976 3
549 5 23
816 188 37
363 370 29
96 407 4
978 649 39
993 407 39
134 449 32
48 201 24
493 1023 27
561 521 7
1038 236 31
262 338 6
826 751 31
590 897 7
547 2 32
927 186 32
881 621 21
776 248 31
-22 235 16
361 199 33
689 607 13
559 820 16
164 650 11
20 465 30
523 527 35
496 892 1
755 382 30
638 673 31
558 -16 32
324 209 37
200 184 28
128 29 3
629 243 33
1037 651 21
796 123 26
88 669 5
430 710 6
943 634 16
-36 141 19
673 515 21
677 1 15
238 179 26
1005 858 3
1035 844 32
815 926 1
72 -36 4
272 781 16
904 674 29
394 1025 13
1020 984 8
40 611 21
395 135 24
830 89 16
795 410 8
359 175 28
434 634 16
126 956 20
152 45 20
524 490 30
324 796 19
1025 122 6
1014 567 27
894 684 28
155 765 11
310 73 19
-42 307 23
70 509 20
142 -18 5
188 693 36
505 1005 5
382 204 7
219 589 33
117 185 35
914 913 34
957 921 40
479 277 21
97 469 37
67 499 22
478 931 18
-21 662 25
978 167 20
927 671 40
236 534 26
489 777 1
335 206 24
76 230 29
830 347 10
437 112 6
635 141 12
931 406 39
1 619 17
1013 680 21
387 -36 17
89 754 12
646 117 2
859 721 1
739 305 3
566 522 32
1039 267 4
524 566 7
510 738 21
1028 693 5
547 381 22
334 557 5
1007 693 36
473 478 7
690 146 24
325 124 21
-34 721 3
727 602 22
196 987 27
944 208 20
441 731 15
227 735 29
7 1000 5
844 274 31
558 290 15
1041 304 1
978 798 4
319 1028 33
402 418 30
1014 695 26
641 87 27
609 144 20
9 274 18
684 119 33
1029 109 23
1006 28 30
378 397 32
345 86 35
756 386 30
88 -24 15
83 1031 38
-3 1001 32
433 765 26
787 721 9
889 48 23
967 443 22
413 485 37
177 960 8
78 739 25
166 919 11
328 457 9
986 176 12
818 851 5
-49 768 22
995 467 32
1037 1031 19
668 955 33
549 71 16
43 786 23
904 -42 21
378 1039 35
950 324 20
30 310 27
457 1039 21
511 491 25
652 102 1
726 12 6
601 602 24
212 918 34
638 325 13
408 184 7
83 -19 16
215 1022 20
420 511 25
970 449 36
275 12 3
572 930 16
907 91 3
331 474 24
844 109 28
261 836 10
321 530 32
924 570 19
162 695 6
876 312 24
-41 129 12
175 1023 28
11 974 40
391 310 28
349 385 35
456 632 6
633 103 12
64 516 36
306 696 22
304 36 6
106 772 37
756 705 27
57 110 32
822 -6 17
665 1015 3
244 539 40
269 131 37
925 485 1
840 641 22
426 261 38
995 303 12
984 748 4
891 519 15
-38 134 31
287 1001 24
415 195 32
744 514 6
717 725 1
777 514 36
130 226 17
115 508 20
855 441 8
991 618 18
71 967 5
553 540 4
12 1006 1
734 699 23
536 365 11
109 428 2
710 946 32
859 10 1
597 915 15
32 91 9
36 213 7
225 52 4
701 452 25
658 135 38
78 722 15
610 117 38
112 1023 32
178 906 36
-30 988 22
768 -27 37
43 585 31
246 572 18
404 179 21
547 644 14
342 203 37
783 257 28
247 822 32
676 78 7
552 226 31
-40 522 39
971 213 20
-35 46 2
406 438 29
677 2 12
348 71 24
-9 705 33
590 330 38
25 99 6
921 1038 17
251 1048 26
541 204 24
296 556 32
408 1012 18
10 638 25
858 1036 21
911 313 11
736 953 8
1026 1028 24
824 135 8
135 773 22
18 600 3
501 946 3
-21 304 37
1047 701 11
303 508 2
17 706 35
486 391 23
572 366 2
807 476 15
821 -35 38
867 853 10
82 883 8
696 115 12
897 468 35
807 166 30
810 1024 11
820 346 6
954 162 28
984 631 22
604 276 13
976 460 27
41 403 18
199 133 22
712 -14 24
51 608 11
776 714 5
416 954 8
195 888 13
907 778 18
1020 1040 24
214 367 32
1005 616 30
715 26 22
979 24 11
115 463 19
214 188 1
1045 991 3
224 472 17
85 328 2
946 298 19
115 899 12
838 853 1
981 855 12
300 783 36
4 786 19
269 291 36
851 658 25
995 59 5
455 183 27
919 114 31
359 801 30
210 505 8
574 896 15
75 963 40
955 518 1
493 164 31
409 -36 27
1010 245 12
695 -14 9
185 861 30
455 721 9
106 -13 8
92 530 5
891 225 34
533 521 33
284 502 21
605 -28 31
-10 845 18
562 316 25
926 58 37
35 906 33
156 298 33
419 440 1
896 617 4
623 99 10
704 661 30
1004 1038 13
91 550 8
88 762 16
857 847 19
657 290 8
494 759 7
484 109 5
-6 193 12
37 332 23
189 138 9
460 625 15
877 58 29
861 857 23
566 627 30
-9 347 22
127 -50 30
250 331 14
210 419 8
218 995 8
22 476 38
504 986 10
11 960 15
656 475 20
212 1030 5
504 230 27
1040 827 18
92 331 26
771 740 29
816 193 36
99 173 12
163 571 3
34 177 15
918 924 6
-2 422 6
157 681 23
369 738 9
680 504 2
172 102 3
764 523 13
354 391 5
297 518 31
398 725 30
544 380 27
716 10 34
367 223 37
579 446 39
-25 496 32
271 900 2
104 359 14
746 291 2
213 975 6
606 322 21
292 152 14
340 918 7
605 572 3
382 100 12
-25 462 20
815 784 19
995 174 36
136 970 6
244 469 25
921 24 7
171 703 37
617 317 20
700 679 24
228 443 14
1044 724 19
405 910 7
106 104 30
833 -26 6
67 532 4
245 322 20
158 975 36
657 153 9
889 483 26
244 938 20
956 -6 17
-15 113 30
526 230 39
719 884 2
192 79 4
1037 974 17
47 81 2
123 788 12
692 963 25
934 156 19
1035 61 1
864 96 35
387 1015 34
114 493 23
213 479 28
588 913 30
888 -15 10
626 727 15
134 947 21
631 167 20
407 -20 7
347 747 29
903 83 40
192 584 35
1048 847 25
727 385 35
537 559 12
892 656 20
896 236 15
418 326 32
211 179 33
-32 758 35
670 432 20
934 255 13
132 299 40
107 141 36
315 323 20
860 324 4
870 177 28
261 833 8
-24 855 37
-35 249 9
997 614 38
877 -33 7
-27 113 18
883 411 36
921 567 36
1003 878 35
27 377 25
970 936 25
17 198 6
851 214 2
775 160 24
308 324 40
848 684 38
998 516 19
1021 723 37
876 325 35
219 245 18
286 649 9
237 847 34
307 104 25
-32 238 37
894 185 33
416 492 9
218 285 16
522 110 23
916 717 16
768 289 24
532 69 11
896 356 9
892 -32 27
283 912 6
240 277 5
970 882 17
134 354 30
774 556 19
945 274 17
-50 856 21
892 1038 32
736 443 26
623 733 9
289 653 2
-46 73 11
453 133 30
21 27 8
981 969 7
909 447 18
72 53 17
18 75 1
498 -16 2
205 324 19
844 665 28
22 67 3
143 -29 31
589 379 23
839 309 5
313 167 33
105 289 9
821 694 39
928 142 32
718 397 25
447 527 2
636 936 16
1008 28 13
356 667 1
118 793 40
899 392 33
649 548 5
502 318 26
817 532 11
66 200 24
789 1034 26
53 577 33
866 220 31
242 388 6
-22 574 36
1031 172 17
896 -39 38
927 683 37
123 -5 14
643 435 39
904 587 39
17 880 12
710 124 22
943 -30 20
443 425 9
525 917 3
94 29 4
-17 540 29
542 132 14
964 322 18
556 726 27
586 -14 8
476 -18 18
712 367 32
950 179 24
-20 660 21
81 1030 39
563 521 33
430 434 27
171 276 3
841 912 24
206 549 30
501 547 20
934 446 25
421 944 7
249 510 3
1008 731 2
799 669 36
800 119 6
118 339 34
338 94 35
505 566 3
650 141 8
266 441 7
28 700 15
990 372 11
475 121 13
558 971 8
475 375 3
550 0 38
725 892 4
30 491 11
178 807 20
887 459 33
176 875 27
373 50 11
1034 912 10
211 420 5
996 181 9
-33 781 37
253 109 21
514 337 9
501 511 11
510 -27 30
933 733 20
250 716 7
75 214 28
921 496 8
665 513 13
459 -16 28
431 624 16
945 424 8
451 212 19
803 772 24
156 190 22
631 315 30
476 523 29
888 137 22
1031 984 5
152 364 21
870 595 26
875 -5 6
501 14 23
8 557 40
618 137 7
729 1000 7
284 74 32
403 54 7
893 594 26
193 413 28
-33 574 23
340 537 12
434 -13 25
469 382 25
745 1050 34
622 -36 17
308 299 28
181 752 31
325 932 14
119 411 32
558 765 11
472 538 7
729 -43 28
492 -12 32
780 660 7
1017 254 15
652 96 12
234 602 25
953 447 5
924 535 9
123 756 33
657 485 10
441 788 33
410 626 6
463 910 20
213 812 26
9 66 4
239 978 29
13 921 25
835 312 8
859 937 21
992 633 22
171 382 18
667 372 6
293 768 28
842 556 31
306 145 11
167 266 18
529 411 29
101 353 16
12 911 22
457 199 7
12 495 18
578 623 40
134 462 34
409 271 17
799 86 40
738 237 26
596 637 28
886 43 17
111 104 36
108 108 23
637 905 15
94 560 25
562 733 4
334 725 10
271 1020 37
882 80 10
904 575 1
266 161 37
-50 592 31
108 128 26
553 609 5
921 120 22
281 1023 35
359 307 1
543 965 9
511 539 7
905 199 1
976 69 33
-36 738 30
893 46 35
732 977 12
204 960 27
143 488 5
1037 247 31
4 101 39
395 363 1
529 715 7
335 239 23
1050 830 39
409 1023 3
805 679 4
826 -3 8
946 51 27
25 570 3
208 955 14
-3 312 38
553 67 6
450 806 22
1014 918 20
773 49 15
1021 651 6
582 213 19
143 626 2
312 884 22
6 149 34
580 534 32
25 373 29
8 837 3
965 559 25
158 867 14
571 398 18
112 954 38
984 246 15
995 877 4
268 188 39
-6 775 36
1028 321 19
814 529 22
200 386 19
950 1019 13
512 80 31
1007 351 6
601 295 22
15 613 4
954 658 23
614 521 19
61 498 4
791 598 32
236 848 20
129 748 27
1000 546 6
674 502 17
981 53 37
350 455 27
-43 358 6
727 1023 12
516 370 1
1013 110 35
224 396 9
973 912 11
925 861 29
1008 484 4
30 50 17
-5 395 23
241 71 38
-43 975 37
222 937 30
372 448 38
1037 970 5
910 251 32
90 542 27
660 480 35
361 435 3
121 261 30
752 116 7
-17 439 4
-11 298 37
102 775 25
69 282 16
452 992 7
905 1026 13
251 336 22
228 844 36
367 546 36
650 550 50
