5120 4730 9050 8860 76
5533 5143 413
5533 5969 413
5533 6795 413
5533 7621 413
5533 8447 413
6359 5143 413
6359 5969 413
6359 6795 413
6359 7621 413
6359 8447 413
7185 5143 413
7185 5969 413
7185 6795 413
7185 7621 413
7185 8447 413
8011 5143 413
8011 5969 413
8011 6795 413
8011 7621 413
8011 8447 413
8456 4029 1982
4105 9900 3384
7703 1942 3155
3188 3014 1319
1816 1711 4195
784 764 507
7306 336 2101
600 5933 822
2818 321 4828
5925 261 1018
5986 1624 2659
3941 959 129
602 5800 3956
986 9475 1193
824 4401 1597
9965 2598 2437
1367 8270 1411
5887 1288 1138
3342 115 1028
1166 174 5232
3931 7067 41
9994 57 3330
8660 1532 4257
1992 5280 2523
1059 3835 1315
2117 6338 1635
1650 8676 4364
393 584 1994
9771 2436 2431
492 2253 4108
4282 9686 2590
9754 895 4299
222 852 6091
5075 117 3267
1376 6949 3160
1741 8585 777
7457 1513 3383
8553 1167 1651
49 856 1991
1405 2299 676
9712 3434 1055
9752 3825 3648
276 1908 2406
6835 1581 1983
4864 3066 282
6954 9486 444
1091 4485 3619
1635 7448 2059
1259 7833 3193
3526 8449 4004
9082 2834 1263
4107 8931 116
4440 2093 1449
4294 4797 388
4387 473 603
4763 3117 454
