3910 420 8200 3920 54
4339 849 429
4339 1707 429
4339 2565 429
4339 3423 429
5197 849 429
5197 1707 429
5197 2565 429
5197 3423 429
6055 849 429
6055 1707 429
6055 2565 429
6055 3423 429
6913 849 429
6913 1707 429
6913 2565 429
6913 3423 429
7771 849 429
7771 1707 429
7771 2565 429
7771 3423 429
8185 6641 2291
9054 7969 2398
689 8837 3927
6699 8400 858
6803 7798 105
2597 5763 2789
9073 2622 690
7433 367 601
1545 9518 6034
5131 6425 2442
296 1939 3002
9833 9616 1913
3938 5923 458
35 8432 821
4536 4351 414
1910 8907 5647
2458 6058 5440
9188 6906 2574
6553 723 189
2474 9182 5032
7544 4375 713
4331 6198 297
3707 7657 2701
2000 8819 640
826 5481 5883
9760 9993 5325
8370 8336 3834
7496 427 1696
7694 3117 138
1421 7575 2804
464 8147 3347
5428 6431 663
7233 7153 839
1615 3473 2846
