1710 3040 9400 8540 117
2479 3809 769
2479 5347 769
2479 6885 769
4017 3809 769
4017 5347 769
4017 6885 769
5555 3809 769
5555 5347 769
5555 6885 769
7093 3809 769
7093 5347 769
7093 6885 769
8631 3809 769
8631 5347 769
8631 6885 769
6222 6632 81
6904 8126 1400
8045 2571 5231
8428 3086 5115
295 449 949
1132 6147 2271
2069 9570 4629
1622 8470 8
4015 6540 374
9723 3169 2121
8051 4368 1300
3589 8406 4891
5464 8774 1557
8655 9666 845
6102 5823 2894
6889 842 369
5542 5323 2776
6288 1895 3595
140 1846 855
8805 8455 573
9234 1992 2829
6102 4194 690
7500 9068 1605
9832 1270 3961
6765 158 2286
9627 1854 2349
766 8565 3055
8276 5951 2378
7986 4338 3963
3553 4207 1662
5476 1466 2850
1270 9735 585
4214 6816 1437
3864 8031 5179
9219 1898 6292
1865 9545 92
3822 6794 2296
8253 9706 300
5555 6131 4477
6755 6662 2115
672 9282 2385
4067 8067 200
4438 6997 2286
6701 4435 4047
8006 2020 4194
5183 7011 3846
5772 2929 169
8237 3704 3290
9597 3863 1134
7711 4350 1560
2265 6866 1502
4469 5503 580
8204 6665 574
6437 3764 3026
4103 6410 3539
1934 9655 5130
7760 2111 626
1824 7355 3364
2505 678 2260
5343 155 384
4593 5246 494
6057 1644 4176
3349 9911 2309
4790 7475 1509
7935 3576 356
4373 6779 4360
7292 96 3488
3109 6562 3265
5542 7156 3246
4228 6528 1257
2363 1781 138
3004 7935 3039
4808 5992 2750
2740 7876 3696
4882 7581 4432
8006 3447 3842
6875 501 3153
5800 145 2477
7857 2201 558
1425 9190 4933
8960 9908 268
6458 7521 812
4514 1520 1459
2738 7810 2363
9077 7805 566
2251 6356 1620
989 6830 2918
2047 5611 278
3611 8236 4305
6390 931 151
7278 6648 849
5804 4421 156
5377 1772 2779
9504 3376 483
2745 7389 3623
9920 3431 4212
1293 8250 5077
9700 3383 2835
4920 9936 2732
7333 1248 4187
7968 9443 998
682 6269 3033
