6400 1750 8080 3930 39
6618 1968 218
6618 2404 218
6618 2840 218
6618 3276 218
6618 3712 218
7054 1968 218
7054 2404 218
7054 2840 218
7054 3276 218
7054 3712 218
7490 1968 218
7490 2404 218
7490 2840 218
7490 3276 218
7490 3712 218
9082 505 1262
4255 7134 3819
4538 6949 3519
2514 9943 146
3652 7775 5285
3645 5252 4044
8824 6802 2800
5340 4171 2381
9501 7759 3865
1966 6989 6609
1363 4457 4406
2254 5916 4487
382 9176 6543
8484 1565 1522
29 929 2454
4179 8840 2459
1393 6939 1842
9465 7644 3122
9161 2416 866
6424 8876 1628
2847 8355 4190
8702 272 2682
1695 6917 3876
1168 2932 876
