0 0 1000000 1000000 1000
0 500000 1000
1000 500000 1000
2000 500000 1000
3000 500000 1000
4000 500000 1000
5000 500000 1000
6000 500000 1000
7000 500000 1000
8000 500000 1000
9000 500000 1000
10000 500000 1000
11000 500000 1000
12000 500000 1000
13000 500000 1000
14000 500000 1000
15000 500000 1000
16000 500000 1000
17000 500000 1000
18000 500000 1000
19000 500000 1000
20000 500000 1000
21000 500000 1000
22000 500000 1000
23000 500000 1000
24000 500000 1000
25000 500000 1000
26000 500000 1000
27000 500000 1000
28000 500000 1000
29000 500000 1000
30000 500000 1000
31000 500000 1000
32000 500000 1000
33000 500000 1000
34000 500000 1000
35000 500000 1000
36000 500000 1000
37000 500000 1000
38000 500000 1000
39000 500000 1000
40000 500000 1000
41000 500000 1000
42000 500000 1000
43000 500000 1000
44000 500000 1000
45000 500000 1000
46000 500000 1000
47000 500000 1000
48000 500000 1000
49000 500000 1000
50000 500000 1000
51000 500000 1000
52000 500000 1000
53000 500000 1000
54000 500000 1000
55000 500000 1000
56000 500000 1000
57000 500000 1000
58000 500000 1000
59000 500000 1000
60000 500000 1000
61000 500000 1000
62000 500000 1000
63000 500000 1000
64000 500000 1000
65000 500000 1000
66000 500000 1000
67000 500000 1000
68000 500000 1000
69000 500000 1000
70000 500000 1000
71000 500000 1000
72000 500000 1000
73000 500000 1000
74000 500000 1000
75000 500000 1000
76000 500000 1000
77000 500000 1000
78000 500000 1000
79000 500000 1000
80000 500000 1000
81000 500000 1000
82000 500000 1000
83000 500000 1000
84000 500000 1000
85000 500000 1000
86000 500000 1000
87000 500000 1000
88000 500000 1000
89000 500000 1000
90000 500000 1000
91000 500000 1000
92000 500000 1000
93000 500000 1000
94000 500000 1000
95000 500000 1000
96000 500000 1000
97000 500000 1000
98000 500000 1000
99000 500000 1000
100000 500000 1000
101000 500000 1000
102000 500000 1000
103000 500000 1000
104000 500000 1000
105000 500000 1000
106000 500000 1000
107000 500000 1000
108000 500000 1000
109000 500000 1000
110000 500000 1000
111000 500000 1000
112000 500000 1000
113000 500000 1000
114000 500000 1000
115000 500000 1000
116000 500000 1000
117000 500000 1000
118000 500000 1000
119000 500000 1000
120000 500000 1000
121000 500000 1000
122000 500000 1000
123000 500000 1000
124000 500000 1000
125000 500000 1000
126000 500000 1000
127000 500000 1000
128000 500000 1000
129000 500000 1000
130000 500000 1000
131000 500000 1000
132000 500000 1000
133000 500000 1000
134000 500000 1000
135000 500000 1000
136000 500000 1000
137000 500000 1000
138000 500000 1000
139000 500000 1000
140000 500000 1000
141000 500000 1000
142000 500000 1000
143000 500000 1000
144000 500000 1000
145000 500000 1000
146000 500000 1000
147000 500000 1000
148000 500000 1000
149000 500000 1000
150000 500000 1000
151000 500000 1000
152000 500000 1000
153000 500000 1000
154000 500000 1000
155000 500000 1000
156000 500000 1000
157000 500000 1000
158000 500000 1000
159000 500000 1000
160000 500000 1000
161000 500000 1000
162000 500000 1000
163000 500000 1000
164000 500000 1000
165000 500000 1000
166000 500000 1000
167000 500000 1000
168000 500000 1000
169000 500000 1000
170000 500000 1000
171000 500000 1000
172000 500000 1000
173000 500000 1000
174000 500000 1000
175000 500000 1000
176000 500000 1000
177000 500000 1000
178000 500000 1000
179000 500000 1000
180000 500000 1000
181000 500000 1000
182000 500000 1000
183000 500000 1000
184000 500000 1000
185000 500000 1000
186000 500000 1000
187000 500000 1000
188000 500000 1000
189000 500000 1000
190000 500000 1000
191000 500000 1000
192000 500000 1000
193000 500000 1000
194000 500000 1000
195000 500000 1000
196000 500000 1000
197000 500000 1000
198000 500000 1000
199000 500000 1000
200000 500000 1000
201000 500000 1000
202000 500000 1000
203000 500000 1000
204000 500000 1000
205000 500000 1000
206000 500000 1000
207000 500000 1000
208000 500000 1000
209000 500000 1000
210000 500000 1000
211000 500000 1000
212000 500000 1000
213000 500000 1000
214000 500000 1000
215000 500000 1000
216000 500000 1000
217000 500000 1000
218000 500000 1000
219000 500000 1000
220000 500000 1000
221000 500000 1000
222000 500000 1000
223000 500000 1000
224000 500000 1000
225000 500000 1000
226000 500000 1000
227000 500000 1000
228000 500000 1000
229000 500000 1000
230000 500000 1000
231000 500000 1000
232000 500000 1000
233000 500000 1000
234000 500000 1000
235000 500000 1000
236000 500000 1000
237000 500000 1000
238000 500000 1000
239000 500000 1000
240000 500000 1000
241000 500000 1000
242000 500000 1000
243000 500000 1000
244000 500000 1000
245000 500000 1000
246000 500000 1000
247000 500000 1000
248000 500000 1000
249000 500000 1000
250000 500000 1000
251000 500000 1000
252000 500000 1000
253000 500000 1000
254000 500000 1000
255000 500000 1000
256000 500000 1000
257000 500000 1000
258000 500000 1000
259000 500000 1000
260000 500000 1000
261000 500000 1000
262000 500000 1000
263000 500000 1000
264000 500000 1000
265000 500000 1000
266000 500000 1000
267000 500000 1000
268000 500000 1000
269000 500000 1000
270000 500000 1000
271000 500000 1000
272000 500000 1000
273000 500000 1000
274000 500000 1000
275000 500000 1000
276000 500000 1000
277000 500000 1000
278000 500000 1000
279000 500000 1000
280000 500000 1000
281000 500000 1000
282000 500000 1000
283000 500000 1000
284000 500000 1000
285000 500000 1000
286000 500000 1000
287000 500000 1000
288000 500000 1000
289000 500000 1000
290000 500000 1000
291000 500000 1000
292000 500000 1000
293000 500000 1000
294000 500000 1000
295000 500000 1000
296000 500000 1000
297000 500000 1000
298000 500000 1000
299000 500000 1000
300000 500000 1000
301000 500000 1000
302000 500000 1000
303000 500000 1000
304000 500000 1000
305000 500000 1000
306000 500000 1000
307000 500000 1000
308000 500000 1000
309000 500000 1000
310000 500000 1000
311000 500000 1000
312000 500000 1000
313000 500000 1000
314000 500000 1000
315000 500000 1000
316000 500000 1000
317000 500000 1000
318000 500000 1000
319000 500000 1000
320000 500000 1000
321000 500000 1000
322000 500000 1000
323000 500000 1000
324000 500000 1000
325000 500000 1000
326000 500000 1000
327000 500000 1000
328000 500000 1000
329000 500000 1000
330000 500000 1000
331000 500000 1000
332000 500000 1000
333000 500000 1000
334000 500000 1000
335000 500000 1000
336000 500000 1000
337000 500000 1000
338000 500000 1000
339000 500000 1000
340000 500000 1000
341000 500000 1000
342000 500000 1000
343000 500000 1000
344000 500000 1000
345000 500000 1000
346000 500000 1000
347000 500000 1000
348000 500000 1000
349000 500000 1000
350000 500000 1000
351000 500000 1000
352000 500000 1000
353000 500000 1000
354000 500000 1000
355000 500000 1000
356000 500000 1000
357000 500000 1000
358000 500000 1000
359000 500000 1000
360000 500000 1000
361000 500000 1000
362000 500000 1000
363000 500000 1000
364000 500000 1000
365000 500000 1000
366000 500000 1000
367000 500000 1000
368000 500000 1000
369000 500000 1000
370000 500000 1000
371000 500000 1000
372000 500000 1000
373000 500000 1000
374000 500000 1000
375000 500000 1000
376000 500000 1000
377000 500000 1000
378000 500000 1000
379000 500000 1000
380000 500000 1000
381000 500000 1000
382000 500000 1000
383000 500000 1000
384000 500000 1000
385000 500000 1000
386000 500000 1000
387000 500000 1000
388000 500000 1000
389000 500000 1000
390000 500000 1000
391000 500000 1000
392000 500000 1000
393000 500000 1000
394000 500000 1000
395000 500000 1000
396000 500000 1000
397000 500000 1000
398000 500000 1000
399000 500000 1000
400000 500000 1000
401000 500000 1000
402000 500000 1000
403000 500000 1000
404000 500000 1000
405000 500000 1000
406000 500000 1000
407000 500000 1000
408000 500000 1000
409000 500000 1000
410000 500000 1000
411000 500000 1000
412000 500000 1000
413000 500000 1000
414000 500000 1000
415000 500000 1000
416000 500000 1000
417000 500000 1000
418000 500000 1000
419000 500000 1000
420000 500000 1000
421000 500000 1000
422000 500000 1000
423000 500000 1000
424000 500000 1000
425000 500000 1000
426000 500000 1000
427000 500000 1000
428000 500000 1000
429000 500000 1000
430000 500000 1000
431000 500000 1000
432000 500000 1000
433000 500000 1000
434000 500000 1000
435000 500000 1000
436000 500000 1000
437000 500000 1000
438000 500000 1000
439000 500000 1000
440000 500000 1000
441000 500000 1000
442000 500000 1000
443000 500000 1000
444000 500000 1000
445000 500000 1000
446000 500000 1000
447000 500000 1000
448000 500000 1000
449000 500000 1000
450000 500000 1000
451000 500000 1000
452000 500000 1000
453000 500000 1000
454000 500000 1000
455000 500000 1000
456000 500000 1000
457000 500000 1000
458000 500000 1000
459000 500000 1000
460000 500000 1000
461000 500000 1000
462000 500000 1000
463000 500000 1000
464000 500000 1000
465000 500000 1000
466000 500000 1000
467000 500000 1000
468000 500000 1000
469000 500000 1000
470000 500000 1000
471000 500000 1000
472000 500000 1000
473000 500000 1000
474000 500000 1000
475000 500000 1000
476000 500000 1000
477000 500000 1000
478000 500000 1000
479000 500000 1000
480000 500000 1000
481000 500000 1000
482000 500000 1000
483000 500000 1000
484000 500000 1000
485000 500000 1000
486000 500000 1000
487000 500000 1000
488000 500000 1000
489000 500000 1000
490000 500000 1000
491000 500000 1000
492000 500000 1000
493000 500000 1000
494000 500000 1000
495000 500000 1000
496000 500000 1000
497000 500000 1000
498000 500000 1000
499000 500000 1000
500000 500000 1000
501000 500000 1000
502000 500000 1000
503000 500000 1000
504000 500000 1000
505000 500000 1000
506000 500000 1000
507000 500000 1000
508000 500000 1000
509000 500000 1000
510000 500000 1000
511000 500000 1000
512000 500000 1000
513000 500000 1000
514000 500000 1000
515000 500000 1000
516000 500000 1000
517000 500000 1000
518000 500000 1000
519000 500000 1000
520000 500000 1000
521000 500000 1000
522000 500000 1000
523000 500000 1000
524000 500000 1000
525000 500000 1000
526000 500000 1000
527000 500000 1000
528000 500000 1000
529000 500000 1000
530000 500000 1000
531000 500000 1000
532000 500000 1000
533000 500000 1000
534000 500000 1000
535000 500000 1000
536000 500000 1000
537000 500000 1000
538000 500000 1000
539000 500000 1000
540000 500000 1000
541000 500000 1000
542000 500000 1000
543000 500000 1000
544000 500000 1000
545000 500000 1000
546000 500000 1000
547000 500000 1000
548000 500000 1000
549000 500000 1000
550000 500000 1000
551000 500000 1000
552000 500000 1000
553000 500000 1000
554000 500000 1000
555000 500000 1000
556000 500000 1000
557000 500000 1000
558000 500000 1000
559000 500000 1000
560000 500000 1000
561000 500000 1000
562000 500000 1000
563000 500000 1000
564000 500000 1000
565000 500000 1000
566000 500000 1000
567000 500000 1000
568000 500000 1000
569000 500000 1000
570000 500000 1000
571000 500000 1000
572000 500000 1000
573000 500000 1000
574000 500000 1000
575000 500000 1000
576000 500000 1000
577000 500000 1000
578000 500000 1000
579000 500000 1000
580000 500000 1000
581000 500000 1000
582000 500000 1000
583000 500000 1000
584000 500000 1000
585000 500000 1000
586000 500000 1000
587000 500000 1000
588000 500000 1000
589000 500000 1000
590000 500000 1000
591000 500000 1000
592000 500000 1000
593000 500000 1000
594000 500000 1000
595000 500000 1000
596000 500000 1000
597000 500000 1000
598000 500000 1000
599000 500000 1000
600000 500000 1000
601000 500000 1000
602000 500000 1000
603000 500000 1000
604000 500000 1000
605000 500000 1000
606000 500000 1000
607000 500000 1000
608000 500000 1000
609000 500000 1000
610000 500000 1000
611000 500000 1000
612000 500000 1000
613000 500000 1000
614000 500000 1000
615000 500000 1000
616000 500000 1000
617000 500000 1000
618000 500000 1000
619000 500000 1000
620000 500000 1000
621000 500000 1000
622000 500000 1000
623000 500000 1000
624000 500000 1000
625000 500000 1000
626000 500000 1000
627000 500000 1000
628000 500000 1000
629000 500000 1000
630000 500000 1000
631000 500000 1000
632000 500000 1000
633000 500000 1000
634000 500000 1000
635000 500000 1000
636000 500000 1000
637000 500000 1000
638000 500000 1000
639000 500000 1000
640000 500000 1000
641000 500000 1000
642000 500000 1000
643000 500000 1000
644000 500000 1000
645000 500000 1000
646000 500000 1000
647000 500000 1000
648000 500000 1000
649000 500000 1000
650000 500000 1000
651000 500000 1000
652000 500000 1000
653000 500000 1000
654000 500000 1000
655000 500000 1000
656000 500000 1000
657000 500000 1000
658000 500000 1000
659000 500000 1000
660000 500000 1000
661000 500000 1000
662000 500000 1000
663000 500000 1000
664000 500000 1000
665000 500000 1000
666000 500000 1000
667000 500000 1000
668000 500000 1000
669000 500000 1000
670000 500000 1000
671000 500000 1000
672000 500000 1000
673000 500000 1000
674000 500000 1000
675000 500000 1000
676000 500000 1000
677000 500000 1000
678000 500000 1000
679000 500000 1000
680000 500000 1000
681000 500000 1000
682000 500000 1000
683000 500000 1000
684000 500000 1000
685000 500000 1000
686000 500000 1000
687000 500000 1000
688000 500000 1000
689000 500000 1000
690000 500000 1000
691000 500000 1000
692000 500000 1000
693000 500000 1000
694000 500000 1000
695000 500000 1000
696000 500000 1000
697000 500000 1000
698000 500000 1000
699000 500000 1000
700000 500000 1000
701000 500000 1000
702000 500000 1000
703000 500000 1000
704000 500000 1000
705000 500000 1000
706000 500000 1000
707000 500000 1000
708000 500000 1000
709000 500000 1000
710000 500000 1000
711000 500000 1000
712000 500000 1000
713000 500000 1000
714000 500000 1000
715000 500000 1000
716000 500000 1000
717000 500000 1000
718000 500000 1000
719000 500000 1000
720000 500000 1000
721000 500000 1000
722000 500000 1000
723000 500000 1000
724000 500000 1000
725000 500000 1000
726000 500000 1000
727000 500000 1000
728000 500000 1000
729000 500000 1000
730000 500000 1000
731000 500000 1000
732000 500000 1000
733000 500000 1000
734000 500000 1000
735000 500000 1000
736000 500000 1000
737000 500000 1000
738000 500000 1000
739000 500000 1000
740000 500000 1000
741000 500000 1000
742000 500000 1000
743000 500000 1000
744000 500000 1000
745000 500000 1000
746000 500000 1000
747000 500000 1000
748000 500000 1000
749000 500000 1000
750000 500000 1000
751000 500000 1000
752000 500000 1000
753000 500000 1000
754000 500000 1000
755000 500000 1000
756000 500000 1000
757000 500000 1000
758000 500000 1000
759000 500000 1000
760000 500000 1000
761000 500000 1000
762000 500000 1000
763000 500000 1000
764000 500000 1000
765000 500000 1000
766000 500000 1000
767000 500000 1000
768000 500000 1000
769000 500000 1000
770000 500000 1000
771000 500000 1000
772000 500000 1000
773000 500000 1000
774000 500000 1000
775000 500000 1000
776000 500000 1000
777000 500000 1000
778000 500000 1000
779000 500000 1000
780000 500000 1000
781000 500000 1000
782000 500000 1000
783000 500000 1000
784000 500000 1000
785000 500000 1000
786000 500000 1000
787000 500000 1000
788000 500000 1000
789000 500000 1000
790000 500000 1000
791000 500000 1000
792000 500000 1000
793000 500000 1000
794000 500000 1000
795000 500000 1000
796000 500000 1000
797000 500000 1000
798000 500000 1000
799000 500000 1000
800000 500000 1000
801000 500000 1000
802000 500000 1000
803000 500000 1000
804000 500000 1000
805000 500000 1000
806000 500000 1000
807000 500000 1000
808000 500000 1000
809000 500000 1000
810000 500000 1000
811000 500000 1000
812000 500000 1000
813000 500000 1000
814000 500000 1000
815000 500000 1000
816000 500000 1000
817000 500000 1000
818000 500000 1000
819000 500000 1000
820000 500000 1000
821000 500000 1000
822000 500000 1000
823000 500000 1000
824000 500000 1000
825000 500000 1000
826000 500000 1000
827000 500000 1000
828000 500000 1000
829000 500000 1000
830000 500000 1000
831000 500000 1000
832000 500000 1000
833000 500000 1000
834000 500000 1000
835000 500000 1000
836000 500000 1000
837000 500000 1000
838000 500000 1000
839000 500000 1000
840000 500000 1000
841000 500000 1000
842000 500000 1000
843000 500000 1000
844000 500000 1000
845000 500000 1000
846000 500000 1000
847000 500000 1000
848000 500000 1000
849000 500000 1000
850000 500000 1000
851000 500000 1000
852000 500000 1000
853000 500000 1000
854000 500000 1000
855000 500000 1000
856000 500000 1000
857000 500000 1000
858000 500000 1000
859000 500000 1000
860000 500000 1000
861000 500000 1000
862000 500000 1000
863000 500000 1000
864000 500000 1000
865000 500000 1000
866000 500000 1000
867000 500000 1000
868000 500000 1000
869000 500000 1000
870000 500000 1000
871000 500000 1000
872000 500000 1000
873000 500000 1000
874000 500000 1000
875000 500000 1000
876000 500000 1000
877000 500000 1000
878000 500000 1000
879000 500000 1000
880000 500000 1000
881000 500000 1000
882000 500000 1000
883000 500000 1000
884000 500000 1000
885000 500000 1000
886000 500000 1000
887000 500000 1000
888000 500000 1000
889000 500000 1000
890000 500000 1000
891000 500000 1000
892000 500000 1000
893000 500000 1000
894000 500000 1000
895000 500000 1000
896000 500000 1000
897000 500000 1000
898000 500000 1000
899000 500000 1000
900000 500000 1000
901000 500000 1000
902000 500000 1000
903000 500000 1000
904000 500000 1000
905000 500000 1000
906000 500000 1000
907000 500000 1000
908000 500000 1000
909000 500000 1000
910000 500000 1000
911000 500000 1000
912000 500000 1000
913000 500000 1000
914000 500000 1000
915000 500000 1000
916000 500000 1000
917000 500000 1000
918000 500000 1000
919000 500000 1000
920000 500000 1000
921000 500000 1000
922000 500000 1000
923000 500000 1000
924000 500000 1000
925000 500000 1000
926000 500000 1000
927000 500000 1000
928000 500000 1000
929000 500000 1000
930000 500000 1000
931000 500000 1000
932000 500000 1000
933000 500000 1000
934000 500000 1000
935000 500000 1000
936000 500000 1000
937000 500000 1000
938000 500000 1000
939000 500000 1000
940000 500000 1000
941000 500000 1000
942000 500000 1000
943000 500000 1000
944000 500000 1000
945000 500000 1000
946000 500000 1000
947000 500000 1000
948000 500000 1000
949000 500000 1000
950000 500000 1000
951000 500000 1000
952000 500000 1000
953000 500000 1000
954000 500000 1000
955000 500000 1000
956000 500000 1000
957000 500000 1000
958000 500000 1000
959000 500000 1000
960000 500000 1000
961000 500000 1000
962000 500000 1000
963000 500000 1000
964000 500000 1000
965000 500000 1000
966000 500000 1000
967000 500000 1000
968000 500000 1000
969000 500000 1000
970000 500000 1000
971000 500000 1000
972000 500000 1000
973000 500000 1000
974000 500000 1000
975000 500000 1000
976000 500000 1000
977000 500000 1000
978000 500000 1000
979000 500000 1000
980000 500000 1000
981000 500000 1000
982000 500000 1000
983000 500000 1000
984000 500000 1000
985000 500000 1000
986000 500000 1000
987000 500000 1000
988000 500000 1000
989000 500000 1000
990000 500000 1000
991000 500000 1000
992000 500000 1000
993000 500000 1000
994000 500000 1000
995000 500000 1000
996000 500000 1000
997000 500000 1000
998000 500000 1000
999000 500000 1000
