2880 6750 6930 7870 47
3285 7155 405
4095 7155 405
4905 7155 405
5715 7155 405
6525 7155 405
2436 191 5153
7427 2977 1157
3296 9473 2143
3948 8073 892
9765 5622 783
1603 662 3996
1813 1751 4596
8692 3357 3551
6157 4690 1829
8385 954 7055
3854 10001 1495
6118 3036 4789
3147 1878 1418
3749 1191 3124
5392 6803 177
8068 4840 1326
8111 2267 5109
5570 352 788
9610 976 5137
7391 537 7048
7494 2958 3742
6942 1648 3048
6765 1443 6190
714 1039 969
2529 1022 3625
4511 1759 4026
938 6630 1086
7878 9312 490
1420 465 2748
8782 1518 929
531 4047 3544
5989 9083 611
9029 893 888
5274 4509 1460
3787 3051 1801
7411 2113 4520
7699 1388 5580
4730 4229 274
201 5100 2449
1199 3453 2432
5278 3449 3975
2994 1246 3971
