0 0 1000 1000 1000
525 500 25
450 175 25
925 700 25
750 1000 25
300 525 25
425 100 25
825 50 25
750 775 25
875 875 25
325 125 25
25 0 25
250 375 25
325 -25 25
650 575 25
625 100 25
300 950 25
900 -25 25
100 1000 25
875 -25 25
850 125 25
150 300 25
200 450 25
0 850 25
975 -25 25
925 550 25
300 800 25
500 875 25
25 600 25
200 375 25
375 300 25
250 125 25
325 300 25
1000 450 25
600 125 25
925 875 25
675 875 25
75 750 25
25 350 25
475 575 25
150 475 25
100 325 25
875 500 25
600 150 25
650 875 25
250 1000 25
125 175 25
375 750 25
550 225 25
150 200 25
75 -25 25
775 125 25
725 800 25
500 175 25
350 675 25
700 475 25
1000 500 25
950 575 25
400 925 25
500 550 25
225 425 25
100 800 25
675 225 25
1000 750 25
900 975 25
475 400 25
0 775 25
250 975 25
200 125 25
550 875 25
675 925 25
750 100 25
400 875 25
975 650 25
225 50 25
375 925 25
300 350 25
650 525 25
50 500 25
425 500 25
925 500 25
350 900 25
250 575 25
875 450 25
700 350 25
250 -25 25
450 675 25
875 400 25
300 25 25
450 650 25
1000 725 25
0 575 25
225 25 25
50 650 25
550 950 25
125 875 25
850 375 25
400 650 25
850 75 25
-25 75 25
400 250 25
100 875 25
950 950 25
225 175 25
-25 700 25
850 950 25
400 825 25
450 625 25
875 550 25
250 425 25
425 350 25
225 250 25
750 650 25
925 575 25
750 875 25
650 100 25
100 725 25
950 -25 25
650 150 25
175 600 25
825 -25 25
525 175 25
825 700 25
50 950 25
150 125 25
950 0 25
675 625 25
925 250 25
1000 700 25
-25 600 25
875 125 25
175 650 25
125 750 25
850 1000 25
700 650 25
625 175 25
625 650 25
50 975 25
925 225 25
25 850 25
475 125 25
975 200 25
875 50 25
325 325 25
375 150 25
250 50 25
775 900 25
475 300 25
500 350 25
225 750 25
25 725 25
850 -25 25
925 950 25
925 725 25
975 400 25
400 125 25
100 750 25
500 500 25
875 775 25
550 625 25
625 775 25
975 75 25
450 550 25
625 725 25
275 675 25
375 75 25
625 275 25
1000 550 25
925 375 25
75 500 25
500 975 25
200 25 25
775 500 25
925 825 25
725 350 25
0 600 25
925 425 25
700 550 25
25 650 25
525 975 25
25 575 25
25 275 25
400 600 25
75 150 25
300 325 25
25 300 25
925 925 25
750 600 25
450 400 25
225 450 25
425 0 25
275 325 25
100 350 25
750 150 25
600 75 25
250 775 25
500 900 25
425 950 25
275 150 25
300 300 25
0 400 25
475 725 25
825 275 25
-25 275 25
175 500 25
150 725 25
0 350 25
50 450 25
225 -25 25
275 550 25
150 600 25
275 50 25
475 600 25
0 1000 25
650 800 25
200 325 25
850 200 25
700 725 25
150 325 25
750 400 25
850 900 25
1000 600 25
550 100 25
625 525 25
550 125 25
75 225 25
500 100 25
150 175 25
50 475 25
575 1000 25
700 175 25
975 225 25
300 575 25
750 425 25
725 300 25
400 175 25
475 250 25
525 275 25
250 650 25
575 125 25
0 525 25
50 25 25
700 900 25
125 150 25
625 575 25
300 75 25
850 225 25
550 975 25
200 150 25
25 475 25
550 275 25
875 925 25
600 900 25
925 275 25
725 950 25
75 275 25
425 375 25
325 225 25
575 900 25
925 350 25
350 925 25
400 900 25
750 975 25
125 675 25
250 875 25
600 925 25
700 675 25
125 100 25
25 500 25
350 625 25
325 525 25
750 200 25
850 25 25
125 450 25
275 125 25
100 975 25
700 375 25
775 250 25
950 400 25
550 175 25
325 275 25
350 500 25
850 450 25
925 625 25
0 175 25
200 875 25
800 900 25
125 425 25
950 50 25
-25 650 25
275 500 25
875 650 25
725 675 25
525 625 25
225 550 25
775 1000 25
375 -25 25
850 100 25
600 1000 25
425 525 25
25 150 25
850 175 25
875 625 25
250 550 25
225 800 25
150 500 25
275 975 25
775 750 25
200 350 25
725 650 25
850 725 25
850 750 25
975 100 25
250 800 25
300 50 25
625 675 25
100 575 25
675 525 25
200 575 25
300 1000 25
650 375 25
875 300 25
975 825 25
425 150 25
550 700 25
225 1000 25
625 450 25
0 250 25
200 175 25
800 950 25
175 25 25
0 425 25
550 675 25
775 400 25
950 725 25
200 300 25
-25 50 25
725 125 25
625 500 25
975 600 25
725 100 25
825 500 25
550 925 25
400 575 25
325 925 25
175 75 25
325 100 25
425 650 25
725 1000 25
550 600 25
200 100 25
300 500 25
450 875 25
175 825 25
375 525 25
725 600 25
575 -25 25
675 275 25
425 550 25
750 950 25
125 1000 25
125 825 25
25 400 25
250 275 25
125 900 25
475 550 25
350 125 25
75 900 25
150 775 25
150 650 25
625 150 25
1000 225 25
-25 1000 25
625 200 25
275 300 25
950 375 25
450 0 25
475 625 25
775 600 25
250 500 25
675 700 25
750 275 25
825 875 25
-25 925 25
25 975 25
400 500 25
500 150 25
675 450 25
700 100 25
200 650 25
1000 200 25
150 550 25
825 375 25
725 825 25
425 225 25
1000 850 25
675 200 25
875 100 25
375 650 25
25 50 25
850 975 25
450 25 25
375 775 25
550 75 25
250 325 25
275 650 25
675 -25 25
75 75 25
650 300 25
650 -25 25
450 475 25
950 700 25
450 325 25
700 825 25
425 475 25
250 100 25
975 550 25
725 925 25
875 700 25
475 350 25
525 350 25
750 125 25
950 300 25
300 775 25
-25 550 25
75 575 25
825 650 25
925 675 25
125 200 25
400 625 25
950 550 25
150 625 25
725 275 25
850 600 25
600 100 25
325 550 25
675 150 25
325 675 25
950 650 25
1000 0 25
250 525 25
75 25 25
275 575 25
375 875 25
400 300 25
875 850 25
25 550 25
125 325 25
150 0 25
1000 125 25
25 750 25
475 650 25
150 975 25
875 250 25
50 525 25
100 900 25
375 100 25
400 475 25
450 575 25
450 375 25
700 500 25
75 175 25
125 725 25
250 450 25
375 400 25
150 900 25
1000 275 25
750 300 25
750 825 25
725 175 25
175 350 25
650 250 25
475 325 25
-25 350 25
650 625 25
525 825 25
450 525 25
25 175 25
325 500 25
375 250 25
975 50 25
225 900 25
650 175 25
425 -25 25
425 75 25
450 900 25
225 575 25
700 425 25
700 975 25
575 275 25
850 525 25
300 0 25
350 1000 25
375 350 25
350 575 25
-25 450 25
300 675 25
975 175 25
375 225 25
200 425 25
25 775 25
200 750 25
875 950 25
225 950 25
0 625 25
225 325 25
175 100 25
300 150 25
525 575 25
425 750 25
1000 325 25
500 125 25
775 725 25
650 775 25
500 300 25
300 475 25
75 475 25
550 350 25
950 425 25
1000 350 25
100 50 25
350 600 25
775 350 25
750 250 25
825 250 25
625 400 25
350 525 25
900 950 25
375 1000 25
575 300 25
850 850 25
625 925 25
375 0 25
1000 575 25
375 675 25
575 225 25
550 750 25
575 350 25
75 725 25
-25 725 25
650 1000 25
400 1000 25
975 325 25
500 325 25
0 300 25
500 925 25
325 650 25
125 300 25
275 450 25
725 250 25
550 775 25
0 825 25
0 950 25
25 875 25
275 250 25
125 800 25
25 950 25
1000 625 25
675 475 25
625 350 25
675 675 25
400 0 25
475 450 25
850 325 25
450 150 25
-25 175 25
650 750 25
825 200 25
25 425 25
850 150 25
825 900 25
725 200 25
675 725 25
500 375 25
700 250 25
200 925 25
500 825 25
625 250 25
-25 625 25
725 550 25
650 350 25
50 50 25
825 725 25
550 375 25
350 800 25
125 25 25
250 825 25
-25 825 25
875 150 25
175 125 25
100 425 25
900 925 25
75 375 25
275 0 25
675 250 25
525 875 25
175 725 25
700 200 25
700 950 25
50 -25 25
300 925 25
400 425 25
750 725 25
600 950 25
75 425 25
825 475 25
350 975 25
275 425 25
975 575 25
275 875 25
975 350 25
750 375 25
350 150 25
850 550 25
325 375 25
425 275 25
700 400 25
1000 775 25
825 325 25
575 450 25
925 325 25
50 625 25
650 25 25
525 100 25
150 225 25
725 750 25
650 650 25
925 475 25
0 225 25
425 250 25
825 825 25
200 475 25
625 225 25
-25 575 25
375 325 25
425 825 25
575 150 25
375 475 25
275 625 25
100 550 25
75 925 25
525 250 25
375 125 25
450 225 25
625 125 25
425 575 25
200 775 25
375 50 25
-25 425 25
1000 525 25
550 250 25
525 725 25
100 650 25
125 50 25
575 375 25
425 175 25
500 950 25
450 725 25
650 975 25
425 400 25
775 875 25
925 775 25
100 75 25
225 725 25
-25 675 25
1000 75 25
850 675 25
625 825 25
400 675 25
375 275 25
725 450 25
250 475 25
775 825 25
475 275 25
700 275 25
25 900 25
425 625 25
475 950 25
350 100 25
925 450 25
700 750 25
625 700 25
625 425 25
250 300 25
650 500 25
475 0 25
75 1000 25
925 650 25
100 375 25
450 125 25
750 175 25
700 325 25
700 150 25
75 525 25
150 -25 25
325 775 25
100 0 25
750 800 25
75 125 25
1000 825 25
475 375 25
400 525 25
525 325 25
1000 400 25
650 825 25
775 775 25
400 325 25
200 1000 25
450 350 25
675 550 25
200 75 25
175 875 25
275 1000 25
500 425 25
825 750 25
75 0 25
175 175 25
975 675 25
650 425 25
825 25 25
650 475 25
275 200 25
500 400 25
675 125 25
825 425 25
250 175 25
850 350 25
675 175 25
50 1000 25
650 400 25
25 925 25
700 75 25
550 150 25
-25 325 25
525 375 25
175 775 25
575 75 25
150 875 25
575 625 25
350 425 25
-25 500 25
175 525 25
250 225 25
925 800 25
150 1000 25
875 600 25
-25 150 25
0 -25 25
-25 250 25
100 675 25
450 800 25
325 475 25
775 -25 25
225 625 25
475 225 25
200 625 25
975 750 25
600 25 25
400 725 25
225 475 25
325 200 25
250 750 25
975 275 25
450 425 25
50 0 25
75 675 25
400 350 25
525 600 25
800 975 25
175 900 25
950 150 25
925 1000 25
-25 875 25
275 175 25
775 425 25
775 450 25
625 325 25
1000 375 25
125 950 25
600 825 25
700 800 25
375 950 25
825 525 25
425 25 25
225 100 25
325 900 25
250 150 25
525 650 25
775 100 25
700 525 25
675 650 25
550 -25 25
500 450 25
675 800 25
250 0 25
75 650 25
225 775 25
750 700 25
875 475 25
150 825 25
250 900 25
550 500 25
675 750 25
225 350 25
725 75 25
500 475 25
750 500 25
875 275 25
425 325 25
150 575 25
25 625 25
750 750 25
-25 800 25
325 625 25
325 0 25
300 550 25
1000 300 25
350 650 25
775 325 25
500 600 25
400 775 25
575 425 25
200 275 25
775 925 25
175 475 25
650 700 25
0 650 25
850 50 25
775 950 25
300 200 25
575 250 25
150 25 25
625 25 25
125 375 25
400 450 25
475 825 25
350 725 25
325 350 25
125 925 25
950 475 25
100 275 25
850 700 25
575 575 25
875 25 25
325 575 25
425 725 25
-25 975 25
675 300 25
250 950 25
875 75 25
675 400 25
575 875 25
825 950 25
950 500 25
700 925 25
75 200 25
575 650 25
875 825 25
400 75 25
650 925 25
625 475 25
925 525 25
200 -25 25
700 875 25
200 250 25
425 600 25
500 275 25
675 975 25
250 725 25
475 500 25
975 25 25
225 75 25
375 500 25
0 925 25
875 675 25
925 125 25
600 875 25
700 1000 25
850 300 25
325 725 25
75 50 25
775 700 25
550 325 25
250 200 25
575 675 25
525 400 25
1000 475 25
475 75 25
25 325 25
225 600 25
625 750 25
300 900 25
950 175 25
750 675 25
950 525 25
375 550 25
25 375 25
-25 750 25
-25 525 25
700 300 25
875 375 25
50 425 25
100 600 25
675 900 25
725 700 25
950 325 25
725 375 25
625 800 25
675 375 25
725 425 25
300 375 25
150 425 25
-25 125 25
250 925 25
425 125 25
475 900 25
0 125 25
200 600 25
650 225 25
150 375 25
975 975 25
675 1000 25
100 925 25
525 550 25
750 625 25
300 250 25
925 75 25
350 875 25
475 475 25
775 200 25
75 775 25
500 575 25
675 350 25
425 800 25
425 450 25
575 700 25
275 100 25
775 25 25
325 825 25
500 225 25
525 425 25
925 975 25
400 975 25
975 700 25
825 675 25
375 575 25
525 950 25
525 475 25
375 25 25
700 600 25
175 1000 25
525 -25 25
750 925 25
125 975 25
475 100 25
400 50 25
825 550 25
50 150 25
300 125 25
300 425 25
375 825 25
875 725 25
975 125 25
375 725 25
825 175 25
350 -25 25
775 675 25
525 75 25
800 -25 25
225 375 25
250 625 25
525 900 25
825 225 25
325 250 25
250 600 25
650 725 25
0 975 25
725 400 25
475 175 25
125 575 25
825 400 25
875 750 25
75 800 25
725 150 25
500 650 25
850 875 25
550 550 25
625 900 25
400 225 25
-25 850 25
575 175 25
325 1000 25
50 675 25
325 875 25
50 175 25
475 675 25
300 225 25
25 675 25
550 25 25
990 1000 10
1000 950 20
