5640 5290 8570 8440 83
5955 5605 315
5955 6235 315
5955 6865 315
5955 7495 315
5955 8125 315
6585 5605 315
6585 6235 315
6585 6865 315
6585 7495 315
6585 8125 315
7215 5605 315
7215 6235 315
7215 6865 315
7215 7495 315
7215 8125 315
7845 5605 315
7845 6235 315
7845 6865 315
7845 7495 315
7845 8125 315
1813 9060 1445
7686 750 3203
9296 792 783
6952 2699 1173
6866 1647 1643
3872 246 742
608 9208 832
463 7418 2250
7659 1696 2855
4457 8901 2842
8334 2310 1053
2652 3324 2142
7212 6614 1293
3011 4652 2013
1528 1146 65
7955 1292 4512
5811 8170 2235
6758 688 1158
2715 2909 1273
3760 4976 1543
305 1908 2206
3534 330 4997
8346 5860 110
8965 5124 2293
2300 6973 464
4464 2824 2042
5615 1810 214
2365 4464 2120
4863 7807 1162
1704 1654 453
37 6699 1970
3612 9271 1929
7975 3515 1202
4756 9820 1782
1210 268 5723
3308 5638 1097
2912 7756 2366
4581 2343 1688
4868 3437 390
3929 4038 578
9711 1365 2717
4910 8971 2687
966 2481 5126
1048 9847 3062
6 6286 174
8127 2331 3567
1421 4461 689
3385 9202 2546
8259 5440 1014
7985 271 2952
2990 6814 2420
9962 4205 3261
7885 1284 266
797 2217 3640
1617 1528 3616
4786 2065 1526
4577 2234 938
1517 3918 235
858 5525 2022
559 3490 3453
6378 1923 2449
5799 9654 25
2728 2772 1802
