-1000000 -1000000 1000000 1000000 1000
999999 0 1000
999999 1 1000
999999 2 1000
999999 3 1000
999999 4 1000
999999 5 1000
999999 6 1000
999999 7 1000
999999 8 1000
999999 9 1000
999999 10 1000
999999 11 1000
999999 12 1000
999999 13 1000
999999 14 1000
999999 15 1000
999999 16 1000
999999 17 1000
999999 18 1000
999999 19 1000
999999 20 1000
999999 21 1000
999999 22 1000
999999 23 1000
999999 24 1000
999999 25 1000
999999 26 1000
999999 27 1000
999999 28 1000
999999 29 1000
999999 30 1000
999999 31 1000
999999 32 1000
999999 33 1000
999999 34 1000
999999 35 1000
999999 36 1000
999999 37 1000
999999 38 1000
999999 39 1000
999999 40 1000
999999 41 1000
999999 42 1000
999999 43 1000
999999 44 1000
999999 45 1000
999999 46 1000
999999 47 1000
999999 48 1000
999999 49 1000
999999 50 1000
999999 51 1000
999999 52 1000
999999 53 1000
999999 54 1000
999999 55 1000
999999 56 1000
999999 57 1000
999999 58 1000
999999 59 1000
999999 60 1000
999999 61 1000
999999 62 1000
999999 63 1000
999999 64 1000
999999 65 1000
999999 66 1000
999999 67 1000
999999 68 1000
999999 69 1000
999999 70 1000
999999 71 1000
999999 72 1000
999999 73 1000
999999 74 1000
999999 75 1000
999999 76 1000
999999 77 1000
999999 78 1000
999999 79 1000
999999 80 1000
999999 81 1000
999999 82 1000
999999 83 1000
999999 84 1000
999999 85 1000
999999 86 1000
999999 87 1000
999999 88 1000
999999 89 1000
999999 90 1000
999999 91 1000
999999 92 1000
999999 93 1000
999999 94 1000
999999 95 1000
999999 96 1000
999999 97 1000
999999 98 1000
999999 99 1000
999999 100 1000
999999 101 1000
999999 102 1000
999999 103 1000
999999 104 1000
999999 105 1000
999999 106 1000
999999 107 1000
999999 108 1000
999999 109 1000
999999 110 1000
999999 111 1000
999999 112 1000
999999 113 1000
999999 114 1000
999999 115 1000
999999 116 1000
999999 117 1000
999999 118 1000
999999 119 1000
999999 120 1000
999999 121 1000
999999 122 1000
999999 123 1000
999999 124 1000
999999 125 1000
999999 126 1000
999999 127 1000
999999 128 1000
999999 129 1000
999999 130 1000
999999 131 1000
999999 132 1000
999999 133 1000
999999 134 1000
999999 135 1000
999999 136 1000
999999 137 1000
999999 138 1000
999999 139 1000
999999 140 1000
999999 141 1000
999999 142 1000
999999 143 1000
999999 144 1000
999999 145 1000
999999 146 1000
999999 147 1000
999999 148 1000
999999 149 1000
999999 150 1000
999999 151 1000
999999 152 1000
999999 153 1000
999999 154 1000
999999 155 1000
999999 156 1000
999999 157 1000
999999 158 1000
999999 159 1000
999999 160 1000
999999 161 1000
999999 162 1000
999999 163 1000
999999 164 1000
999999 165 1000
999999 166 1000
999999 167 1000
999999 168 1000
999999 169 1000
999999 170 1000
999999 171 1000
999999 172 1000
999999 173 1000
999999 174 1000
999999 175 1000
999999 176 1000
999999 177 1000
999999 178 1000
999999 179 1000
999999 180 1000
999999 181 1000
999999 182 1000
999999 183 1000
999999 184 1000
999999 185 1000
999999 186 1000
999999 187 1000
999999 188 1000
999999 189 1000
999999 190 1000
999999 191 1000
999999 192 1000
999999 193 1000
999999 194 1000
999999 195 1000
999999 196 1000
999999 197 1000
999999 198 1000
999999 199 1000
999999 200 1000
999999 201 1000
999999 202 1000
999999 203 1000
999999 204 1000
999999 205 1000
999999 206 1000
999999 207 1000
999999 208 1000
999999 209 1000
999999 210 1000
999999 211 1000
999999 212 1000
999999 213 1000
999999 214 1000
999999 215 1000
999999 216 1000
999999 217 1000
999999 218 1000
999999 219 1000
999999 220 1000
999999 221 1000
999999 222 1000
999999 223 1000
999999 224 1000
999999 225 1000
999999 226 1000
999999 227 1000
999999 228 1000
999999 229 1000
999999 230 1000
999999 231 1000
999999 232 1000
999999 233 1000
999999 234 1000
999999 235 1000
999999 236 1000
999999 237 1000
999999 238 1000
999999 239 1000
999999 240 1000
999999 241 1000
999999 242 1000
999999 243 1000
999999 244 1000
999999 245 1000
999999 246 1000
999999 247 1000
999999 248 1000
999999 249 1000
999999 250 1000
999999 251 1000
999999 252 1000
999999 253 1000
999999 254 1000
999999 255 1000
999999 256 1000
999999 257 1000
999999 258 1000
999999 259 1000
999999 260 1000
999999 261 1000
999999 262 1000
999999 263 1000
999999 264 1000
999999 265 1000
999999 266 1000
999999 267 1000
999999 268 1000
999999 269 1000
999999 270 1000
999999 271 1000
999999 272 1000
999999 273 1000
999999 274 1000
999999 275 1000
999999 276 1000
999999 277 1000
999999 278 1000
999999 279 1000
999999 280 1000
999999 281 1000
999999 282 1000
999999 283 1000
999999 284 1000
999999 285 1000
999999 286 1000
999999 287 1000
999999 288 1000
999999 289 1000
999999 290 1000
999999 291 1000
999999 292 1000
999999 293 1000
999999 294 1000
999999 295 1000
999999 296 1000
999999 297 1000
999999 298 1000
999999 299 1000
999999 300 1000
999999 301 1000
999999 302 1000
999999 303 1000
999999 304 1000
999999 305 1000
999999 306 1000
999999 307 1000
999999 308 1000
999999 309 1000
999999 310 1000
999999 311 1000
999999 312 1000
999999 313 1000
999999 314 1000
999999 315 1000
999999 316 1000
999999 317 1000
999999 318 1000
999999 319 1000
999999 320 1000
999999 321 1000
999999 322 1000
999999 323 1000
999999 324 1000
999999 325 1000
999999 326 1000
999999 327 1000
999999 328 1000
999999 329 1000
999999 330 1000
999999 331 1000
999999 332 1000
999999 333 1000
999999 334 1000
999999 335 1000
999999 336 1000
999999 337 1000
999999 338 1000
999999 339 1000
999999 340 1000
999999 341 1000
999999 342 1000
999999 343 1000
999999 344 1000
999999 345 1000
999999 346 1000
999999 347 1000
999999 348 1000
999999 349 1000
999999 350 1000
999999 351 1000
999999 352 1000
999999 353 1000
999999 354 1000
999999 355 1000
999999 356 1000
999999 357 1000
999999 358 1000
999999 359 1000
999999 360 1000
999999 361 1000
999999 362 1000
999999 363 1000
999999 364 1000
999999 365 1000
999999 366 1000
999999 367 1000
999999 368 1000
999999 369 1000
999999 370 1000
999999 371 1000
999999 372 1000
999999 373 1000
999999 374 1000
999999 375 1000
999999 376 1000
999999 377 1000
999999 378 1000
999999 379 1000
999999 380 1000
999999 381 1000
999999 382 1000
999999 383 1000
999999 384 1000
999999 385 1000
999999 386 1000
999999 387 1000
999999 388 1000
999999 389 1000
999999 390 1000
999999 391 1000
999999 392 1000
999999 393 1000
999999 394 1000
999999 395 1000
999999 396 1000
999999 397 1000
999999 398 1000
999999 399 1000
999999 400 1000
999999 401 1000
999999 402 1000
999999 403 1000
999999 404 1000
999999 405 1000
999999 406 1000
999999 407 1000
999999 408 1000
999999 409 1000
999999 410 1000
999999 411 1000
999999 412 1000
999999 413 1000
999999 414 1000
999999 415 1000
999999 416 1000
999999 417 1000
999999 418 1000
999999 419 1000
999999 420 1000
999999 421 1000
999999 422 1000
999999 423 1000
999999 424 1000
999999 425 1000
999999 426 1000
999999 427 1000
999999 428 1000
999999 429 1000
999999 430 1000
999999 431 1000
999999 432 1000
999999 433 1000
999999 434 1000
999999 435 1000
999999 436 1000
999999 437 1000
999999 438 1000
999999 439 1000
999999 440 1000
999999 441 1000
999999 442 1000
999999 443 1000
999999 444 1000
999999 445 1000
999999 446 1000
999999 447 1000
999999 448 1000
999999 449 1000
999999 450 1000
999999 451 1000
999999 452 1000
999999 453 1000
999999 454 1000
999999 455 1000
999999 456 1000
999999 457 1000
999999 458 1000
999999 459 1000
999999 460 1000
999999 461 1000
999999 462 1000
999999 463 1000
999999 464 1000
999999 465 1000
999999 466 1000
999999 467 1000
999999 468 1000
999999 469 1000
999999 470 1000
999999 471 1000
999999 472 1000
999999 473 1000
999999 474 1000
999999 475 1000
999999 476 1000
999999 477 1000
999999 478 1000
999999 479 1000
999999 480 1000
999999 481 1000
999999 482 1000
999999 483 1000
999999 484 1000
999999 485 1000
999999 486 1000
999999 487 1000
999999 488 1000
999999 489 1000
999999 490 1000
999999 491 1000
999999 492 1000
999999 493 1000
999999 494 1000
999999 495 1000
999999 496 1000
999999 497 1000
999999 498 1000
999999 499 1000
999999 500 1000
999999 501 1000
999999 502 1000
999999 503 1000
999999 504 1000
999999 505 1000
999999 506 1000
999999 507 1000
999999 508 1000
999999 509 1000
999999 510 1000
999999 511 1000
999999 512 1000
999999 513 1000
999999 514 1000
999999 515 1000
999999 516 1000
999999 517 1000
999999 518 1000
999999 519 1000
999999 520 1000
999999 521 1000
999999 522 1000
999999 523 1000
999999 524 1000
999999 525 1000
999999 526 1000
999999 527 1000
999999 528 1000
999999 529 1000
999999 530 1000
999999 531 1000
999999 532 1000
999999 533 1000
999999 534 1000
999999 535 1000
999999 536 1000
999999 537 1000
999999 538 1000
999999 539 1000
999999 540 1000
999999 541 1000
999999 542 1000
999999 543 1000
999999 544 1000
999999 545 1000
999999 546 1000
999999 547 1000
999999 548 1000
999999 549 1000
999999 550 1000
999999 551 1000
999999 552 1000
999999 553 1000
999999 554 1000
999999 555 1000
999999 556 1000
999999 557 1000
999999 558 1000
999999 559 1000
999999 560 1000
999999 561 1000
999999 562 1000
999999 563 1000
999999 564 1000
999999 565 1000
999999 566 1000
999999 567 1000
999999 568 1000
999999 569 1000
999999 570 1000
999999 571 1000
999999 572 1000
999999 573 1000
999999 574 1000
999999 575 1000
999999 576 1000
999999 577 1000
999999 578 1000
999999 579 1000
999999 580 1000
999999 581 1000
999999 582 1000
999999 583 1000
999999 584 1000
999999 585 1000
999999 586 1000
999999 587 1000
999999 588 1000
999999 589 1000
999999 590 1000
999999 591 1000
999999 592 1000
999999 593 1000
999999 594 1000
999999 595 1000
999999 596 1000
999999 597 1000
999999 598 1000
999999 599 1000
999999 600 1000
999999 601 1000
999999 602 1000
999999 603 1000
999999 604 1000
999999 605 1000
999999 606 1000
999999 607 1000
999999 608 1000
999999 609 1000
999999 610 1000
999999 611 1000
999999 612 1000
999999 613 1000
999999 614 1000
999999 615 1000
999999 616 1000
999999 617 1000
999999 618 1000
999999 619 1000
999999 620 1000
999999 621 1000
999999 622 1000
999999 623 1000
999999 624 1000
999999 625 1000
999999 626 1000
999999 627 1000
999999 628 1000
999999 629 1000
999999 630 1000
999999 631 1000
999999 632 1000
999999 633 1000
999999 634 1000
999999 635 1000
999999 636 1000
999999 637 1000
999999 638 1000
999999 639 1000
999999 640 1000
999999 641 1000
999999 642 1000
999999 643 1000
999999 644 1000
999999 645 1000
999999 646 1000
999999 647 1000
999999 648 1000
999999 649 1000
999999 650 1000
999999 651 1000
999999 652 1000
999999 653 1000
999999 654 1000
999999 655 1000
999999 656 1000
999999 657 1000
999999 658 1000
999999 659 1000
999999 660 1000
999999 661 1000
999999 662 1000
999999 663 1000
999999 664 1000
999999 665 1000
999999 666 1000
999999 667 1000
999999 668 1000
999999 669 1000
999999 670 1000
999999 671 1000
999999 672 1000
999999 673 1000
999999 674 1000
999999 675 1000
999999 676 1000
999999 677 1000
999999 678 1000
999999 679 1000
999999 680 1000
999999 681 1000
999999 682 1000
999999 683 1000
999999 684 1000
999999 685 1000
999999 686 1000
999999 687 1000
999999 688 1000
999999 689 1000
999999 690 1000
999999 691 1000
999999 692 1000
999999 693 1000
999999 694 1000
999999 695 1000
999999 696 1000
999999 697 1000
999999 698 1000
999999 699 1000
999999 700 1000
999999 701 1000
999999 702 1000
999999 703 1000
999999 704 1000
999999 705 1000
999999 706 1000
999999 707 1000
999999 708 1000
999999 709 1000
999999 710 1000
999999 711 1000
999999 712 1000
999999 713 1000
999999 714 1000
999999 715 1000
999999 716 1000
999999 717 1000
999999 718 1000
999999 719 1000
999999 720 1000
999999 721 1000
999999 722 1000
999999 723 1000
999999 724 1000
999999 725 1000
999999 726 1000
999999 727 1000
999999 728 1000
999999 729 1000
999999 730 1000
999999 731 1000
999999 732 1000
999999 733 1000
999999 734 1000
999999 735 1000
999999 736 1000
999999 737 1000
999999 738 1000
999999 739 1000
999999 740 1000
999999 741 1000
999999 742 1000
999999 743 1000
999999 744 1000
999999 745 1000
999999 746 1000
999999 747 1000
999999 748 1000
999999 749 1000
999999 750 1000
999999 751 1000
999999 752 1000
999999 753 1000
999999 754 1000
999999 755 1000
999999 756 1000
999999 757 1000
999999 758 1000
999999 759 1000
999999 760 1000
999999 761 1000
999999 762 1000
999999 763 1000
999999 764 1000
999999 765 1000
999999 766 1000
999999 767 1000
999999 768 1000
999999 769 1000
999999 770 1000
999999 771 1000
999999 772 1000
999999 773 1000
999999 774 1000
999999 775 1000
999999 776 1000
999999 777 1000
999999 778 1000
999999 779 1000
999999 780 1000
999999 781 1000
999999 782 1000
999999 783 1000
999999 784 1000
999999 785 1000
999999 786 1000
999999 787 1000
999999 788 1000
999999 789 1000
999999 790 1000
999999 791 1000
999999 792 1000
999999 793 1000
999999 794 1000
999999 795 1000
999999 796 1000
999999 797 1000
999999 798 1000
999999 799 1000
999999 800 1000
999999 801 1000
999999 802 1000
999999 803 1000
999999 804 1000
999999 805 1000
999999 806 1000
999999 807 1000
999999 808 1000
999999 809 1000
999999 810 1000
999999 811 1000
999999 812 1000
999999 813 1000
999999 814 1000
999999 815 1000
999999 816 1000
999999 817 1000
999999 818 1000
999999 819 1000
999999 820 1000
999999 821 1000
999999 822 1000
999999 823 1000
999999 824 1000
999999 825 1000
999999 826 1000
999999 827 1000
999999 828 1000
999999 829 1000
999999 830 1000
999999 831 1000
999999 832 1000
999999 833 1000
999999 834 1000
999999 835 1000
999999 836 1000
999999 837 1000
999999 838 1000
999999 839 1000
999999 840 1000
999999 841 1000
999999 842 1000
999999 843 1000
999999 844 1000
999999 845 1000
999999 846 1000
999999 847 1000
999999 848 1000
999999 849 1000
999999 850 1000
999999 851 1000
999999 852 1000
999999 853 1000
999999 854 1000
999999 855 1000
999999 856 1000
999999 857 1000
999999 858 1000
999999 859 1000
999999 860 1000
999999 861 1000
999999 862 1000
999999 863 1000
999999 864 1000
999999 865 1000
999999 866 1000
999999 867 1000
999999 868 1000
999999 869 1000
999999 870 1000
999999 871 1000
999999 872 1000
999999 873 1000
999999 874 1000
999999 875 1000
999999 876 1000
999999 877 1000
999999 878 1000
999999 879 1000
999999 880 1000
999999 881 1000
999999 882 1000
999999 883 1000
999999 884 1000
999999 885 1000
999999 886 1000
999999 887 1000
999999 888 1000
999999 889 1000
999999 890 1000
999999 891 1000
999999 892 1000
999999 893 1000
999999 894 1000
999999 895 1000
999999 896 1000
999999 897 1000
999999 898 1000
999999 899 1000
999999 900 1000
999999 901 1000
999999 902 1000
999999 903 1000
999999 904 1000
999999 905 1000
999999 906 1000
999999 907 1000
999999 908 1000
999999 909 1000
999999 910 1000
999999 911 1000
999999 912 1000
999999 913 1000
999999 914 1000
999999 915 1000
999999 916 1000
999999 917 1000
999999 918 1000
999999 919 1000
999999 920 1000
999999 921 1000
999999 922 1000
999999 923 1000
999999 924 1000
999999 925 1000
999999 926 1000
999999 927 1000
999999 928 1000
999999 929 1000
999999 930 1000
999999 931 1000
999999 932 1000
999999 933 1000
999999 934 1000
999999 935 1000
999999 936 1000
999999 937 1000
999999 938 1000
999999 939 1000
999999 940 1000
999999 941 1000
999999 942 1000
999999 943 1000
999999 944 1000
999999 945 1000
999999 946 1000
999999 947 1000
999999 948 1000
999999 949 1000
999999 950 1000
999999 951 1000
999999 952 1000
999999 953 1000
999999 954 1000
999999 955 1000
999999 956 1000
999999 957 1000
999999 958 1000
999999 959 1000
999999 960 1000
999999 961 1000
999999 962 1000
999999 963 1000
999999 964 1000
999999 965 1000
999999 966 1000
999999 967 1000
999999 968 1000
999999 969 1000
999999 970 1000
999999 971 1000
999999 972 1000
999999 973 1000
999999 974 1000
999999 975 1000
999999 976 1000
999999 977 1000
999999 978 1000
999999 979 1000
999999 980 1000
999999 981 1000
999999 982 1000
999999 983 1000
999999 984 1000
999999 985 1000
999999 986 1000
999999 987 1000
999999 988 1000
999999 989 1000
999999 990 1000
999999 991 1000
999999 992 1000
999999 993 1000
999999 994 1000
999999 995 1000
999999 996 1000
999999 997 1000
999999 998 1000
999999 999 1000
