2000 8600 7070 9500 109
1026 497 4357
4299 5526 365
5368 5320 2972
449 1602 1264
4122 42 8129
5640 301 3694
5456 2524 5131
8999 8147 1558
2450 275 6425
6995 1962 4246
2796 3756 3439
157 9933 1622
5829 8260 1485
9007 1188 5311
6959 4265 4558
99 138 2615
9729 2529 4734
2216 3908 1328
1481 3878 3317
8223 2018 6483
9613 1473 134
6343 5027 3263
990 2668 5275
7500 508 358
9494 9486 2000
5470 3458 3012
5036 4078 3844
1574 6451 913
9869 3752 2155
3377 98 2495
8057 5867 2558
6302 1102 6854
7671 3068 818
8543 7946 1584
3398 1728 4068
5117 8989 1110
2474 4297 2101
3938 668 6136
7754 3064 5568
6685 1740 7271
3613 5763 2935
284 4375 3702
1469 1091 5788
8444 7515 254
6329 5059 1515
5770 2145 5600
2542 3252 274
2853 1619 93
9276 3636 764
8563 1288 4688
2944 9786 1096
45 325 4847
1444 9639 1072
7711 5882 3208
3754 8463 1690
9813 3522 5374
9849 7909 2275
5935 7700 545
4336 2547 5170
2227 2015 2580
9056 4650 4909
6033 895 2517
4956 717 6960
9254 3214 5515
785 3734 853
5547 6724 1182
7896 1517 715
3198 4976 1285
1861 3646 4696
4423 3343 5771
4300 6711 1154
5919 493 3710
6712 2375 4612
2409 3291 186
4064 2889 5502
7941 8061 1539
1537 3624 637
6198 2248 3406
5121 2905 4815
9811 3629 2275
2068 5165 2931
8214 1152 5032
10006 2968 4008
9863 3354 3311
5086 3269 1
1197 4248 3988
1968 2698 5768
1913 1392 1578
8643 7301 1195
648 1055 5365
5284 5734 143
3410 1566 2718
8366 903 4570
3474 2619 4575
6407 4240 4686
5512 1516 3685
3517 2032 5174
6481 1317 4875
1111 5795 2451
4555 483 7815
7830 5876 1257
7519 148 2255
3543 682 4845
369 1900 6142
8882 699 7070
6332 3854 5068
224 6100 2795
5835 202 8461
7505 3195 702
