0 0 1000000 1000000 1000
500000 0 1000
500000 1000 1000
500000 2000 1000
500000 3000 1000
500000 4000 1000
500000 5000 1000
500000 6000 1000
500000 7000 1000
500000 8000 1000
500000 9000 1000
500000 10000 1000
500000 11000 1000
500000 12000 1000
500000 13000 1000
500000 14000 1000
500000 15000 1000
500000 16000 1000
500000 17000 1000
500000 18000 1000
500000 19000 1000
500000 20000 1000
500000 21000 1000
500000 22000 1000
500000 23000 1000
500000 24000 1000
500000 25000 1000
500000 26000 1000
500000 27000 1000
500000 28000 1000
500000 29000 1000
500000 30000 1000
500000 31000 1000
500000 32000 1000
500000 33000 1000
500000 34000 1000
500000 35000 1000
500000 36000 1000
500000 37000 1000
500000 38000 1000
500000 39000 1000
500000 40000 1000
500000 41000 1000
500000 42000 1000
500000 43000 1000
500000 44000 1000
500000 45000 1000
500000 46000 1000
500000 47000 1000
500000 48000 1000
500000 49000 1000
500000 50000 1000
500000 51000 1000
500000 52000 1000
500000 53000 1000
500000 54000 1000
500000 55000 1000
500000 56000 1000
500000 57000 1000
500000 58000 1000
500000 59000 1000
500000 60000 1000
500000 61000 1000
500000 62000 1000
500000 63000 1000
500000 64000 1000
500000 65000 1000
500000 66000 1000
500000 67000 1000
500000 68000 1000
500000 69000 1000
500000 70000 1000
500000 71000 1000
500000 72000 1000
500000 73000 1000
500000 74000 1000
500000 75000 1000
500000 76000 1000
500000 77000 1000
500000 78000 1000
500000 79000 1000
500000 80000 1000
500000 81000 1000
500000 82000 1000
500000 83000 1000
500000 84000 1000
500000 85000 1000
500000 86000 1000
500000 87000 1000
500000 88000 1000
500000 89000 1000
500000 90000 1000
500000 91000 1000
500000 92000 1000
500000 93000 1000
500000 94000 1000
500000 95000 1000
500000 96000 1000
500000 97000 1000
500000 98000 1000
500000 99000 1000
500000 100000 1000
500000 101000 1000
500000 102000 1000
500000 103000 1000
500000 104000 1000
500000 105000 1000
500000 106000 1000
500000 107000 1000
500000 108000 1000
500000 109000 1000
500000 110000 1000
500000 111000 1000
500000 112000 1000
500000 113000 1000
500000 114000 1000
500000 115000 1000
500000 116000 1000
500000 117000 1000
500000 118000 1000
500000 119000 1000
500000 120000 1000
500000 121000 1000
500000 122000 1000
500000 123000 1000
500000 124000 1000
500000 125000 1000
500000 126000 1000
500000 127000 1000
500000 128000 1000
500000 129000 1000
500000 130000 1000
500000 131000 1000
500000 132000 1000
500000 133000 1000
500000 134000 1000
500000 135000 1000
500000 136000 1000
500000 137000 1000
500000 138000 1000
500000 139000 1000
500000 140000 1000
500000 141000 1000
500000 142000 1000
500000 143000 1000
500000 144000 1000
500000 145000 1000
500000 146000 1000
500000 147000 1000
500000 148000 1000
500000 149000 1000
500000 150000 1000
500000 151000 1000
500000 152000 1000
500000 153000 1000
500000 154000 1000
500000 155000 1000
500000 156000 1000
500000 157000 1000
500000 158000 1000
500000 159000 1000
500000 160000 1000
500000 161000 1000
500000 162000 1000
500000 163000 1000
500000 164000 1000
500000 165000 1000
500000 166000 1000
500000 167000 1000
500000 168000 1000
500000 169000 1000
500000 170000 1000
500000 171000 1000
500000 172000 1000
500000 173000 1000
500000 174000 1000
500000 175000 1000
500000 176000 1000
500000 177000 1000
500000 178000 1000
500000 179000 1000
500000 180000 1000
500000 181000 1000
500000 182000 1000
500000 183000 1000
500000 184000 1000
500000 185000 1000
500000 186000 1000
500000 187000 1000
500000 188000 1000
500000 189000 1000
500000 190000 1000
500000 191000 1000
500000 192000 1000
500000 193000 1000
500000 194000 1000
500000 195000 1000
500000 196000 1000
500000 197000 1000
500000 198000 1000
500000 199000 1000
500000 200000 1000
500000 201000 1000
500000 202000 1000
500000 203000 1000
500000 204000 1000
500000 205000 1000
500000 206000 1000
500000 207000 1000
500000 208000 1000
500000 209000 1000
500000 210000 1000
500000 211000 1000
500000 212000 1000
500000 213000 1000
500000 214000 1000
500000 215000 1000
500000 216000 1000
500000 217000 1000
500000 218000 1000
500000 219000 1000
500000 220000 1000
500000 221000 1000
500000 222000 1000
500000 223000 1000
500000 224000 1000
500000 225000 1000
500000 226000 1000
500000 227000 1000
500000 228000 1000
500000 229000 1000
500000 230000 1000
500000 231000 1000
500000 232000 1000
500000 233000 1000
500000 234000 1000
500000 235000 1000
500000 236000 1000
500000 237000 1000
500000 238000 1000
500000 239000 1000
500000 240000 1000
500000 241000 1000
500000 242000 1000
500000 243000 1000
500000 244000 1000
500000 245000 1000
500000 246000 1000
500000 247000 1000
500000 248000 1000
500000 249000 1000
500000 250000 1000
500000 251000 1000
500000 252000 1000
500000 253000 1000
500000 254000 1000
500000 255000 1000
500000 256000 1000
500000 257000 1000
500000 258000 1000
500000 259000 1000
500000 260000 1000
500000 261000 1000
500000 262000 1000
500000 263000 1000
500000 264000 1000
500000 265000 1000
500000 266000 1000
500000 267000 1000
500000 268000 1000
500000 269000 1000
500000 270000 1000
500000 271000 1000
500000 272000 1000
500000 273000 1000
500000 274000 1000
500000 275000 1000
500000 276000 1000
500000 277000 1000
500000 278000 1000
500000 279000 1000
500000 280000 1000
500000 281000 1000
500000 282000 1000
500000 283000 1000
500000 284000 1000
500000 285000 1000
500000 286000 1000
500000 287000 1000
500000 288000 1000
500000 289000 1000
500000 290000 1000
500000 291000 1000
500000 292000 1000
500000 293000 1000
500000 294000 1000
500000 295000 1000
500000 296000 1000
500000 297000 1000
500000 298000 1000
500000 299000 1000
500000 300000 1000
500000 301000 1000
500000 302000 1000
500000 303000 1000
500000 304000 1000
500000 305000 1000
500000 306000 1000
500000 307000 1000
500000 308000 1000
500000 309000 1000
500000 310000 1000
500000 311000 1000
500000 312000 1000
500000 313000 1000
500000 314000 1000
500000 315000 1000
500000 316000 1000
500000 317000 1000
500000 318000 1000
500000 319000 1000
500000 320000 1000
500000 321000 1000
500000 322000 1000
500000 323000 1000
500000 324000 1000
500000 325000 1000
500000 326000 1000
500000 327000 1000
500000 328000 1000
500000 329000 1000
500000 330000 1000
500000 331000 1000
500000 332000 1000
500000 333000 1000
500000 334000 1000
500000 335000 1000
500000 336000 1000
500000 337000 1000
500000 338000 1000
500000 339000 1000
500000 340000 1000
500000 341000 1000
500000 342000 1000
500000 343000 1000
500000 344000 1000
500000 345000 1000
500000 346000 1000
500000 347000 1000
500000 348000 1000
500000 349000 1000
500000 350000 1000
500000 351000 1000
500000 352000 1000
500000 353000 1000
500000 354000 1000
500000 355000 1000
500000 356000 1000
500000 357000 1000
500000 358000 1000
500000 359000 1000
500000 360000 1000
500000 361000 1000
500000 362000 1000
500000 363000 1000
500000 364000 1000
500000 365000 1000
500000 366000 1000
500000 367000 1000
500000 368000 1000
500000 369000 1000
500000 370000 1000
500000 371000 1000
500000 372000 1000
500000 373000 1000
500000 374000 1000
500000 375000 1000
500000 376000 1000
500000 377000 1000
500000 378000 1000
500000 379000 1000
500000 380000 1000
500000 381000 1000
500000 382000 1000
500000 383000 1000
500000 384000 1000
500000 385000 1000
500000 386000 1000
500000 387000 1000
500000 388000 1000
500000 389000 1000
500000 390000 1000
500000 391000 1000
500000 392000 1000
500000 393000 1000
500000 394000 1000
500000 395000 1000
500000 396000 1000
500000 397000 1000
500000 398000 1000
500000 399000 1000
500000 400000 1000
500000 401000 1000
500000 402000 1000
500000 403000 1000
500000 404000 1000
500000 405000 1000
500000 406000 1000
500000 407000 1000
500000 408000 1000
500000 409000 1000
500000 410000 1000
500000 411000 1000
500000 412000 1000
500000 413000 1000
500000 414000 1000
500000 415000 1000
500000 416000 1000
500000 417000 1000
500000 418000 1000
500000 419000 1000
500000 420000 1000
500000 421000 1000
500000 422000 1000
500000 423000 1000
500000 424000 1000
500000 425000 1000
500000 426000 1000
500000 427000 1000
500000 428000 1000
500000 429000 1000
500000 430000 1000
500000 431000 1000
500000 432000 1000
500000 433000 1000
500000 434000 1000
500000 435000 1000
500000 436000 1000
500000 437000 1000
500000 438000 1000
500000 439000 1000
500000 440000 1000
500000 441000 1000
500000 442000 1000
500000 443000 1000
500000 444000 1000
500000 445000 1000
500000 446000 1000
500000 447000 1000
500000 448000 1000
500000 449000 1000
500000 450000 1000
500000 451000 1000
500000 452000 1000
500000 453000 1000
500000 454000 1000
500000 455000 1000
500000 456000 1000
500000 457000 1000
500000 458000 1000
500000 459000 1000
500000 460000 1000
500000 461000 1000
500000 462000 1000
500000 463000 1000
500000 464000 1000
500000 465000 1000
500000 466000 1000
500000 467000 1000
500000 468000 1000
500000 469000 1000
500000 470000 1000
500000 471000 1000
500000 472000 1000
500000 473000 1000
500000 474000 1000
500000 475000 1000
500000 476000 1000
500000 477000 1000
500000 478000 1000
500000 479000 1000
500000 480000 1000
500000 481000 1000
500000 482000 1000
500000 483000 1000
500000 484000 1000
500000 485000 1000
500000 486000 1000
500000 487000 1000
500000 488000 1000
500000 489000 1000
500000 490000 1000
500000 491000 1000
500000 492000 1000
500000 493000 1000
500000 494000 1000
500000 495000 1000
500000 496000 1000
500000 497000 1000
500000 498000 1000
500000 499000 1000
500000 500000 1000
500000 501000 1000
500000 502000 1000
500000 503000 1000
500000 504000 1000
500000 505000 1000
500000 506000 1000
500000 507000 1000
500000 508000 1000
500000 509000 1000
500000 510000 1000
500000 511000 1000
500000 512000 1000
500000 513000 1000
500000 514000 1000
500000 515000 1000
500000 516000 1000
500000 517000 1000
500000 518000 1000
500000 519000 1000
500000 520000 1000
500000 521000 1000
500000 522000 1000
500000 523000 1000
500000 524000 1000
500000 525000 1000
500000 526000 1000
500000 527000 1000
500000 528000 1000
500000 529000 1000
500000 530000 1000
500000 531000 1000
500000 532000 1000
500000 533000 1000
500000 534000 1000
500000 535000 1000
500000 536000 1000
500000 537000 1000
500000 538000 1000
500000 539000 1000
500000 540000 1000
500000 541000 1000
500000 542000 1000
500000 543000 1000
500000 544000 1000
500000 545000 1000
500000 546000 1000
500000 547000 1000
500000 548000 1000
500000 549000 1000
500000 550000 1000
500000 551000 1000
500000 552000 1000
500000 553000 1000
500000 554000 1000
500000 555000 1000
500000 556000 1000
500000 557000 1000
500000 558000 1000
500000 559000 1000
500000 560000 1000
500000 561000 1000
500000 562000 1000
500000 563000 1000
500000 564000 1000
500000 565000 1000
500000 566000 1000
500000 567000 1000
500000 568000 1000
500000 569000 1000
500000 570000 1000
500000 571000 1000
500000 572000 1000
500000 573000 1000
500000 574000 1000
500000 575000 1000
500000 576000 1000
500000 577000 1000
500000 578000 1000
500000 579000 1000
500000 580000 1000
500000 581000 1000
500000 582000 1000
500000 583000 1000
500000 584000 1000
500000 585000 1000
500000 586000 1000
500000 587000 1000
500000 588000 1000
500000 589000 1000
500000 590000 1000
500000 591000 1000
500000 592000 1000
500000 593000 1000
500000 594000 1000
500000 595000 1000
500000 596000 1000
500000 597000 1000
500000 598000 1000
500000 599000 1000
500000 600000 1000
500000 601000 1000
500000 602000 1000
500000 603000 1000
500000 604000 1000
500000 605000 1000
500000 606000 1000
500000 607000 1000
500000 608000 1000
500000 609000 1000
500000 610000 1000
500000 611000 1000
500000 612000 1000
500000 613000 1000
500000 614000 1000
500000 615000 1000
500000 616000 1000
500000 617000 1000
500000 618000 1000
500000 619000 1000
500000 620000 1000
500000 621000 1000
500000 622000 1000
500000 623000 1000
500000 624000 1000
500000 625000 1000
500000 626000 1000
500000 627000 1000
500000 628000 1000
500000 629000 1000
500000 630000 1000
500000 631000 1000
500000 632000 1000
500000 633000 1000
500000 634000 1000
500000 635000 1000
500000 636000 1000
500000 637000 1000
500000 638000 1000
500000 639000 1000
500000 640000 1000
500000 641000 1000
500000 642000 1000
500000 643000 1000
500000 644000 1000
500000 645000 1000
500000 646000 1000
500000 647000 1000
500000 648000 1000
500000 649000 1000
500000 650000 1000
500000 651000 1000
500000 652000 1000
500000 653000 1000
500000 654000 1000
500000 655000 1000
500000 656000 1000
500000 657000 1000
500000 658000 1000
500000 659000 1000
500000 660000 1000
500000 661000 1000
500000 662000 1000
500000 663000 1000
500000 664000 1000
500000 665000 1000
500000 666000 1000
500000 667000 1000
500000 668000 1000
500000 669000 1000
500000 670000 1000
500000 671000 1000
500000 672000 1000
500000 673000 1000
500000 674000 1000
500000 675000 1000
500000 676000 1000
500000 677000 1000
500000 678000 1000
500000 679000 1000
500000 680000 1000
500000 681000 1000
500000 682000 1000
500000 683000 1000
500000 684000 1000
500000 685000 1000
500000 686000 1000
500000 687000 1000
500000 688000 1000
500000 689000 1000
500000 690000 1000
500000 691000 1000
500000 692000 1000
500000 693000 1000
500000 694000 1000
500000 695000 1000
500000 696000 1000
500000 697000 1000
500000 698000 1000
500000 699000 1000
500000 700000 1000
500000 701000 1000
500000 702000 1000
500000 703000 1000
500000 704000 1000
500000 705000 1000
500000 706000 1000
500000 707000 1000
500000 708000 1000
500000 709000 1000
500000 710000 1000
500000 711000 1000
500000 712000 1000
500000 713000 1000
500000 714000 1000
500000 715000 1000
500000 716000 1000
500000 717000 1000
500000 718000 1000
500000 719000 1000
500000 720000 1000
500000 721000 1000
500000 722000 1000
500000 723000 1000
500000 724000 1000
500000 725000 1000
500000 726000 1000
500000 727000 1000
500000 728000 1000
500000 729000 1000
500000 730000 1000
500000 731000 1000
500000 732000 1000
500000 733000 1000
500000 734000 1000
500000 735000 1000
500000 736000 1000
500000 737000 1000
500000 738000 1000
500000 739000 1000
500000 740000 1000
500000 741000 1000
500000 742000 1000
500000 743000 1000
500000 744000 1000
500000 745000 1000
500000 746000 1000
500000 747000 1000
500000 748000 1000
500000 749000 1000
500000 750000 1000
500000 751000 1000
500000 752000 1000
500000 753000 1000
500000 754000 1000
500000 755000 1000
500000 756000 1000
500000 757000 1000
500000 758000 1000
500000 759000 1000
500000 760000 1000
500000 761000 1000
500000 762000 1000
500000 763000 1000
500000 764000 1000
500000 765000 1000
500000 766000 1000
500000 767000 1000
500000 768000 1000
500000 769000 1000
500000 770000 1000
500000 771000 1000
500000 772000 1000
500000 773000 1000
500000 774000 1000
500000 775000 1000
500000 776000 1000
500000 777000 1000
500000 778000 1000
500000 779000 1000
500000 780000 1000
500000 781000 1000
500000 782000 1000
500000 783000 1000
500000 784000 1000
500000 785000 1000
500000 786000 1000
500000 787000 1000
500000 788000 1000
500000 789000 1000
500000 790000 1000
500000 791000 1000
500000 792000 1000
500000 793000 1000
500000 794000 1000
500000 795000 1000
500000 796000 1000
500000 797000 1000
500000 798000 1000
500000 799000 1000
500000 800000 1000
500000 801000 1000
500000 802000 1000
500000 803000 1000
500000 804000 1000
500000 805000 1000
500000 806000 1000
500000 807000 1000
500000 808000 1000
500000 809000 1000
500000 810000 1000
500000 811000 1000
500000 812000 1000
500000 813000 1000
500000 814000 1000
500000 815000 1000
500000 816000 1000
500000 817000 1000
500000 818000 1000
500000 819000 1000
500000 820000 1000
500000 821000 1000
500000 822000 1000
500000 823000 1000
500000 824000 1000
500000 825000 1000
500000 826000 1000
500000 827000 1000
500000 828000 1000
500000 829000 1000
500000 830000 1000
500000 831000 1000
500000 832000 1000
500000 833000 1000
500000 834000 1000
500000 835000 1000
500000 836000 1000
500000 837000 1000
500000 838000 1000
500000 839000 1000
500000 840000 1000
500000 841000 1000
500000 842000 1000
500000 843000 1000
500000 844000 1000
500000 845000 1000
500000 846000 1000
500000 847000 1000
500000 848000 1000
500000 849000 1000
500000 850000 1000
500000 851000 1000
500000 852000 1000
500000 853000 1000
500000 854000 1000
500000 855000 1000
500000 856000 1000
500000 857000 1000
500000 858000 1000
500000 859000 1000
500000 860000 1000
500000 861000 1000
500000 862000 1000
500000 863000 1000
500000 864000 1000
500000 865000 1000
500000 866000 1000
500000 867000 1000
500000 868000 1000
500000 869000 1000
500000 870000 1000
500000 871000 1000
500000 872000 1000
500000 873000 1000
500000 874000 1000
500000 875000 1000
500000 876000 1000
500000 877000 1000
500000 878000 1000
500000 879000 1000
500000 880000 1000
500000 881000 1000
500000 882000 1000
500000 883000 1000
500000 884000 1000
500000 885000 1000
500000 886000 1000
500000 887000 1000
500000 888000 1000
500000 889000 1000
500000 890000 1000
500000 891000 1000
500000 892000 1000
500000 893000 1000
500000 894000 1000
500000 895000 1000
500000 896000 1000
500000 897000 1000
500000 898000 1000
500000 899000 1000
500000 900000 1000
500000 901000 1000
500000 902000 1000
500000 903000 1000
500000 904000 1000
500000 905000 1000
500000 906000 1000
500000 907000 1000
500000 908000 1000
500000 909000 1000
500000 910000 1000
500000 911000 1000
500000 912000 1000
500000 913000 1000
500000 914000 1000
500000 915000 1000
500000 916000 1000
500000 917000 1000
500000 918000 1000
500000 919000 1000
500000 920000 1000
500000 921000 1000
500000 922000 1000
500000 923000 1000
500000 924000 1000
500000 925000 1000
500000 926000 1000
500000 927000 1000
500000 928000 1000
500000 929000 1000
500000 930000 1000
500000 931000 1000
500000 932000 1000
500000 933000 1000
500000 934000 1000
500000 935000 1000
500000 936000 1000
500000 937000 1000
500000 938000 1000
500000 939000 1000
500000 940000 1000
500000 941000 1000
500000 942000 1000
500000 943000 1000
500000 944000 1000
500000 945000 1000
500000 946000 1000
500000 947000 1000
500000 948000 1000
500000 949000 1000
500000 950000 1000
500000 951000 1000
500000 952000 1000
500000 953000 1000
500000 954000 1000
500000 955000 1000
500000 956000 1000
500000 957000 1000
500000 958000 1000
500000 959000 1000
500000 960000 1000
500000 961000 1000
500000 962000 1000
500000 963000 1000
500000 964000 1000
500000 965000 1000
500000 966000 1000
500000 967000 1000
500000 968000 1000
500000 969000 1000
500000 970000 1000
500000 971000 1000
500000 972000 1000
500000 973000 1000
500000 974000 1000
500000 975000 1000
500000 976000 1000
500000 977000 1000
500000 978000 1000
500000 979000 1000
500000 980000 1000
500000 981000 1000
500000 982000 1000
500000 983000 1000
500000 984000 1000
500000 985000 1000
500000 986000 1000
500000 987000 1000
500000 988000 1000
500000 989000 1000
500000 990000 1000
500000 991000 1000
500000 992000 1000
500000 993000 1000
500000 994000 1000
500000 995000 1000
500000 996000 1000
500000 997000 1000
500000 998000 1000
500000 999000 1000
