180 1100 7430 5240 52
905 1825 725
905 3275 725
2355 1825 725
2355 3275 725
3805 1825 725
3805 3275 725
5255 1825 725
5255 3275 725
6705 1825 725
6705 3275 725
3860 282 3179
9414 9434 1943
1653 8082 4169
8545 5871 715
181 4133 2344
7603 1965 2446
2899 5308 1104
1398 5536 2527
5904 1293 1286
1654 7386 3470
1618 7005 966
9924 2620 3453
2785 8776 2476
7121 1874 1282
6474 8219 2956
3366 2810 170
1159 7780 754
327 8798 7051
1996 8048 5086
2660 5796 2725
2060 9313 3382
1033 3296 1016
3853 5300 1003
8855 9247 2072
7958 9311 1676
4170 9482 1311
1428 9846 101
5712 3037 2767
9244 4276 1554
5211 985 1565
3431 1152 1172
2240 7285 3003
9797 2802 860
2618 9182 5036
6801 9166 2336
7690 1834 607
5880 3292 1208
2304 4652 116
5981 401 4054
8526 8923 3214
2403 7645 3131
9415 4469 454
