660 6710 6570 8780 54
1251 7301 591
2433 7301 591
3615 7301 591
4797 7301 591
5979 7301 591
3454 9670 3086
7681 5307 993
4622 5102 3990
9896 2876 5930
8297 6169 1265
9616 2742 3509
3953 1541 5225
4990 1143 6283
5379 3513 4003
3327 2070 643
9902 6229 935
5978 7071 1640
6803 1016 6057
4173 2549 453
5145 1424 377
8591 478 2483
7447 1416 1866
964 1982 2884
2507 9669 2933
269 1342 3416
3303 1759 240
6851 937 2058
7592 4048 2472
6764 1763 1522
1271 386 4453
4622 4987 3630
3738 3322 2870
249 9060 1470
8080 2146 6512
3592 2541 4183
3452 2668 1962
9400 9715 1379
9529 1387 2899
3093 3041 3926
1963 6346 828
3845 3219 2924
1959 7331 633
9826 3273 396
7743 5860 1366
5947 2384 4723
5444 1201 2027
7017 1846 4680
1702 1199 2854
7604 4600 3314
6788 3686 4947
4626 4738 266
2991 5071 1243
1484 1990 3809
4430 5957 1698
