2860 2200 6310 4800 49
3205 2545 345
3205 3235 345
3205 3925 345
3895 2545 345
3895 3235 345
3895 3925 345
4585 2545 345
4585 3235 345
4585 3925 345
5275 2545 345
5275 3235 345
5275 3925 345
5965 2545 345
5965 3235 345
5965 3925 345
5369 4835 75
8242 5737 1018
9897 9200 2982
3306 4927 2669
3766 7944 947
6144 8879 3153
2502 4539 585
3021 9902 5782
1632 8895 259
9255 5007 2886
7355 6887 1727
9645 8045 2951
9055 1068 1342
8897 9399 4442
2820 8154 2027
3662 7747 3125
8204 8444 2997
6546 1440 3058
3818 7407 131
8987 1075 1751
4481 1868 1569
4439 3032 785
8156 8987 2882
314 3609 635
3613 7953 2677
603 9848 6713
8934 6568 2288
8018 9870 1645
2632 9437 5166
3630 4236 1046
6345 6900 2077
2178 7838 243
24 9823 7817
2171 7709 1444
