4710 2930 5500 3660 67
4789 3009 79
4789 3167 79
4789 3325 79
4789 3483 79
4947 3009 79
4947 3167 79
4947 3325 79
4947 3483 79
5105 3009 79
5105 3167 79
5105 3325 79
5105 3483 79
5263 3009 79
5263 3167 79
5263 3325 79
5263 3483 79
5421 3009 79
5421 3167 79
5421 3325 79
5421 3483 79
8698 4552 3040
4448 802 1717
6485 640 961
397 6767 3027
9730 8040 5557
2773 1194 1369
1908 8182 1125
7246 6901 201
305 9860 7097
8665 1499 954
8971 9069 2688
8263 9395 345
1689 4802 2944
8037 5810 1518
2751 6972 90
6761 137 1661
9459 1396 3170
8477 6036 1730
62 9717 4041
9991 6587 1680
8713 2340 233
3104 1466 61
9079 7970 873
9556 2400 1624
9057 6977 3214
3155 9080 890
5874 8663 112
7979 1079 681
8694 2879 21
8841 1733 3698
2765 8436 2433
6167 215 2078
785 8717 3781
919 7496 432
9136 8531 2365
1886 9629 1089
6609 8154 1572
6873 7684 780
3712 5960 1477
838 316 2940
7779 6217 889
1845 313 210
1230 8139 5773
6832 7687 2030
4423 8338 1377
958 676 1179
7856 4511 1137
