0 0 1000 1000 50
416 -87 425
904 1028 100
187 -84 205
-69 260 269
900 1075 125
-125 -300 325
-44 240 244
1104 670 346
1133 844 205
-156 -320 356
19 -180 181
-45 -28 53
1028 1096 100
1000 950 50
-72 154 170
24 -32 40
748 1115 277
-32 24 40
-156 -133 205
1084 920 116
847 1104 185
-91 -60 109
171 -140 221
165 -52 173
910 1056 106
925 1100 125
936 1048 80
895 1208 233
916 1187 205
1216 1063 225
85 -132 157
120 -64 136
6 -8 10
-5 12 13
40 -198 202
1070 1024 74
1040 958 58
168 -95 193
-55 48 73
1075 900 125
1208 895 233
-256 192 320
1072 1135 153
-39 80 89
1160 1078 178
-105 208 233
1007 1024 25
1224 868 260
1000 800 200
832 1095 193
