-1000000 -1000000 1000000 1000000 1000
-999999 0 1000
-999999 1 1000
-999999 2 1000
-999999 3 1000
-999999 4 1000
-999999 5 1000
-999999 6 1000
-999999 7 1000
-999999 8 1000
-999999 9 1000
-999999 10 1000
-999999 11 1000
-999999 12 1000
-999999 13 1000
-999999 14 1000
-999999 15 1000
-999999 16 1000
-999999 17 1000
-999999 18 1000
-999999 19 1000
-999999 20 1000
-999999 21 1000
-999999 22 1000
-999999 23 1000
-999999 24 1000
-999999 25 1000
-999999 26 1000
-999999 27 1000
-999999 28 1000
-999999 29 1000
-999999 30 1000
-999999 31 1000
-999999 32 1000
-999999 33 1000
-999999 34 1000
-999999 35 1000
-999999 36 1000
-999999 37 1000
-999999 38 1000
-999999 39 1000
-999999 40 1000
-999999 41 1000
-999999 42 1000
-999999 43 1000
-999999 44 1000
-999999 45 1000
-999999 46 1000
-999999 47 1000
-999999 48 1000
-999999 49 1000
-999999 50 1000
-999999 51 1000
-999999 52 1000
-999999 53 1000
-999999 54 1000
-999999 55 1000
-999999 56 1000
-999999 57 1000
-999999 58 1000
-999999 59 1000
-999999 60 1000
-999999 61 1000
-999999 62 1000
-999999 63 1000
-999999 64 1000
-999999 65 1000
-999999 66 1000
-999999 67 1000
-999999 68 1000
-999999 69 1000
-999999 70 1000
-999999 71 1000
-999999 72 1000
-999999 73 1000
-999999 74 1000
-999999 75 1000
-999999 76 1000
-999999 77 1000
-999999 78 1000
-999999 79 1000
-999999 80 1000
-999999 81 1000
-999999 82 1000
-999999 83 1000
-999999 84 1000
-999999 85 1000
-999999 86 1000
-999999 87 1000
-999999 88 1000
-999999 89 1000
-999999 90 1000
-999999 91 1000
-999999 92 1000
-999999 93 1000
-999999 94 1000
-999999 95 1000
-999999 96 1000
-999999 97 1000
-999999 98 1000
-999999 99 1000
-999999 100 1000
-999999 101 1000
-999999 102 1000
-999999 103 1000
-999999 104 1000
-999999 105 1000
-999999 106 1000
-999999 107 1000
-999999 108 1000
-999999 109 1000
-999999 110 1000
-999999 111 1000
-999999 112 1000
-999999 113 1000
-999999 114 1000
-999999 115 1000
-999999 116 1000
-999999 117 1000
-999999 118 1000
-999999 119 1000
-999999 120 1000
-999999 121 1000
-999999 122 1000
-999999 123 1000
-999999 124 1000
-999999 125 1000
-999999 126 1000
-999999 127 1000
-999999 128 1000
-999999 129 1000
-999999 130 1000
-999999 131 1000
-999999 132 1000
-999999 133 1000
-999999 134 1000
-999999 135 1000
-999999 136 1000
-999999 137 1000
-999999 138 1000
-999999 139 1000
-999999 140 1000
-999999 141 1000
-999999 142 1000
-999999 143 1000
-999999 144 1000
-999999 145 1000
-999999 146 1000
-999999 147 1000
-999999 148 1000
-999999 149 1000
-999999 150 1000
-999999 151 1000
-999999 152 1000
-999999 153 1000
-999999 154 1000
-999999 155 1000
-999999 156 1000
-999999 157 1000
-999999 158 1000
-999999 159 1000
-999999 160 1000
-999999 161 1000
-999999 162 1000
-999999 163 1000
-999999 164 1000
-999999 165 1000
-999999 166 1000
-999999 167 1000
-999999 168 1000
-999999 169 1000
-999999 170 1000
-999999 171 1000
-999999 172 1000
-999999 173 1000
-999999 174 1000
-999999 175 1000
-999999 176 1000
-999999 177 1000
-999999 178 1000
-999999 179 1000
-999999 180 1000
-999999 181 1000
-999999 182 1000
-999999 183 1000
-999999 184 1000
-999999 185 1000
-999999 186 1000
-999999 187 1000
-999999 188 1000
-999999 189 1000
-999999 190 1000
-999999 191 1000
-999999 192 1000
-999999 193 1000
-999999 194 1000
-999999 195 1000
-999999 196 1000
-999999 197 1000
-999999 198 1000
-999999 199 1000
-999999 200 1000
-999999 201 1000
-999999 202 1000
-999999 203 1000
-999999 204 1000
-999999 205 1000
-999999 206 1000
-999999 207 1000
-999999 208 1000
-999999 209 1000
-999999 210 1000
-999999 211 1000
-999999 212 1000
-999999 213 1000
-999999 214 1000
-999999 215 1000
-999999 216 1000
-999999 217 1000
-999999 218 1000
-999999 219 1000
-999999 220 1000
-999999 221 1000
-999999 222 1000
-999999 223 1000
-999999 224 1000
-999999 225 1000
-999999 226 1000
-999999 227 1000
-999999 228 1000
-999999 229 1000
-999999 230 1000
-999999 231 1000
-999999 232 1000
-999999 233 1000
-999999 234 1000
-999999 235 1000
-999999 236 1000
-999999 237 1000
-999999 238 1000
-999999 239 1000
-999999 240 1000
-999999 241 1000
-999999 242 1000
-999999 243 1000
-999999 244 1000
-999999 245 1000
-999999 246 1000
-999999 247 1000
-999999 248 1000
-999999 249 1000
-999999 250 1000
-999999 251 1000
-999999 252 1000
-999999 253 1000
-999999 254 1000
-999999 255 1000
-999999 256 1000
-999999 257 1000
-999999 258 1000
-999999 259 1000
-999999 260 1000
-999999 261 1000
-999999 262 1000
-999999 263 1000
-999999 264 1000
-999999 265 1000
-999999 266 1000
-999999 267 1000
-999999 268 1000
-999999 269 1000
-999999 270 1000
-999999 271 1000
-999999 272 1000
-999999 273 1000
-999999 274 1000
-999999 275 1000
-999999 276 1000
-999999 277 1000
-999999 278 1000
-999999 279 1000
-999999 280 1000
-999999 281 1000
-999999 282 1000
-999999 283 1000
-999999 284 1000
-999999 285 1000
-999999 286 1000
-999999 287 1000
-999999 288 1000
-999999 289 1000
-999999 290 1000
-999999 291 1000
-999999 292 1000
-999999 293 1000
-999999 294 1000
-999999 295 1000
-999999 296 1000
-999999 297 1000
-999999 298 1000
-999999 299 1000
-999999 300 1000
-999999 301 1000
-999999 302 1000
-999999 303 1000
-999999 304 1000
-999999 305 1000
-999999 306 1000
-999999 307 1000
-999999 308 1000
-999999 309 1000
-999999 310 1000
-999999 311 1000
-999999 312 1000
-999999 313 1000
-999999 314 1000
-999999 315 1000
-999999 316 1000
-999999 317 1000
-999999 318 1000
-999999 319 1000
-999999 320 1000
-999999 321 1000
-999999 322 1000
-999999 323 1000
-999999 324 1000
-999999 325 1000
-999999 326 1000
-999999 327 1000
-999999 328 1000
-999999 329 1000
-999999 330 1000
-999999 331 1000
-999999 332 1000
-999999 333 1000
-999999 334 1000
-999999 335 1000
-999999 336 1000
-999999 337 1000
-999999 338 1000
-999999 339 1000
-999999 340 1000
-999999 341 1000
-999999 342 1000
-999999 343 1000
-999999 344 1000
-999999 345 1000
-999999 346 1000
-999999 347 1000
-999999 348 1000
-999999 349 1000
-999999 350 1000
-999999 351 1000
-999999 352 1000
-999999 353 1000
-999999 354 1000
-999999 355 1000
-999999 356 1000
-999999 357 1000
-999999 358 1000
-999999 359 1000
-999999 360 1000
-999999 361 1000
-999999 362 1000
-999999 363 1000
-999999 364 1000
-999999 365 1000
-999999 366 1000
-999999 367 1000
-999999 368 1000
-999999 369 1000
-999999 370 1000
-999999 371 1000
-999999 372 1000
-999999 373 1000
-999999 374 1000
-999999 375 1000
-999999 376 1000
-999999 377 1000
-999999 378 1000
-999999 379 1000
-999999 380 1000
-999999 381 1000
-999999 382 1000
-999999 383 1000
-999999 384 1000
-999999 385 1000
-999999 386 1000
-999999 387 1000
-999999 388 1000
-999999 389 1000
-999999 390 1000
-999999 391 1000
-999999 392 1000
-999999 393 1000
-999999 394 1000
-999999 395 1000
-999999 396 1000
-999999 397 1000
-999999 398 1000
-999999 399 1000
-999999 400 1000
-999999 401 1000
-999999 402 1000
-999999 403 1000
-999999 404 1000
-999999 405 1000
-999999 406 1000
-999999 407 1000
-999999 408 1000
-999999 409 1000
-999999 410 1000
-999999 411 1000
-999999 412 1000
-999999 413 1000
-999999 414 1000
-999999 415 1000
-999999 416 1000
-999999 417 1000
-999999 418 1000
-999999 419 1000
-999999 420 1000
-999999 421 1000
-999999 422 1000
-999999 423 1000
-999999 424 1000
-999999 425 1000
-999999 426 1000
-999999 427 1000
-999999 428 1000
-999999 429 1000
-999999 430 1000
-999999 431 1000
-999999 432 1000
-999999 433 1000
-999999 434 1000
-999999 435 1000
-999999 436 1000
-999999 437 1000
-999999 438 1000
-999999 439 1000
-999999 440 1000
-999999 441 1000
-999999 442 1000
-999999 443 1000
-999999 444 1000
-999999 445 1000
-999999 446 1000
-999999 447 1000
-999999 448 1000
-999999 449 1000
-999999 450 1000
-999999 451 1000
-999999 452 1000
-999999 453 1000
-999999 454 1000
-999999 455 1000
-999999 456 1000
-999999 457 1000
-999999 458 1000
-999999 459 1000
-999999 460 1000
-999999 461 1000
-999999 462 1000
-999999 463 1000
-999999 464 1000
-999999 465 1000
-999999 466 1000
-999999 467 1000
-999999 468 1000
-999999 469 1000
-999999 470 1000
-999999 471 1000
-999999 472 1000
-999999 473 1000
-999999 474 1000
-999999 475 1000
-999999 476 1000
-999999 477 1000
-999999 478 1000
-999999 479 1000
-999999 480 1000
-999999 481 1000
-999999 482 1000
-999999 483 1000
-999999 484 1000
-999999 485 1000
-999999 486 1000
-999999 487 1000
-999999 488 1000
-999999 489 1000
-999999 490 1000
-999999 491 1000
-999999 492 1000
-999999 493 1000
-999999 494 1000
-999999 495 1000
-999999 496 1000
-999999 497 1000
-999999 498 1000
-999999 499 1000
999999 0 1000
999999 1 1000
999999 2 1000
999999 3 1000
999999 4 1000
999999 5 1000
999999 6 1000
999999 7 1000
999999 8 1000
999999 9 1000
999999 10 1000
999999 11 1000
999999 12 1000
999999 13 1000
999999 14 1000
999999 15 1000
999999 16 1000
999999 17 1000
999999 18 1000
999999 19 1000
999999 20 1000
999999 21 1000
999999 22 1000
999999 23 1000
999999 24 1000
999999 25 1000
999999 26 1000
999999 27 1000
999999 28 1000
999999 29 1000
999999 30 1000
999999 31 1000
999999 32 1000
999999 33 1000
999999 34 1000
999999 35 1000
999999 36 1000
999999 37 1000
999999 38 1000
999999 39 1000
999999 40 1000
999999 41 1000
999999 42 1000
999999 43 1000
999999 44 1000
999999 45 1000
999999 46 1000
999999 47 1000
999999 48 1000
999999 49 1000
999999 50 1000
999999 51 1000
999999 52 1000
999999 53 1000
999999 54 1000
999999 55 1000
999999 56 1000
999999 57 1000
999999 58 1000
999999 59 1000
999999 60 1000
999999 61 1000
999999 62 1000
999999 63 1000
999999 64 1000
999999 65 1000
999999 66 1000
999999 67 1000
999999 68 1000
999999 69 1000
999999 70 1000
999999 71 1000
999999 72 1000
999999 73 1000
999999 74 1000
999999 75 1000
999999 76 1000
999999 77 1000
999999 78 1000
999999 79 1000
999999 80 1000
999999 81 1000
999999 82 1000
999999 83 1000
999999 84 1000
999999 85 1000
999999 86 1000
999999 87 1000
999999 88 1000
999999 89 1000
999999 90 1000
999999 91 1000
999999 92 1000
999999 93 1000
999999 94 1000
999999 95 1000
999999 96 1000
999999 97 1000
999999 98 1000
999999 99 1000
999999 100 1000
999999 101 1000
999999 102 1000
999999 103 1000
999999 104 1000
999999 105 1000
999999 106 1000
999999 107 1000
999999 108 1000
999999 109 1000
999999 110 1000
999999 111 1000
999999 112 1000
999999 113 1000
999999 114 1000
999999 115 1000
999999 116 1000
999999 117 1000
999999 118 1000
999999 119 1000
999999 120 1000
999999 121 1000
999999 122 1000
999999 123 1000
999999 124 1000
999999 125 1000
999999 126 1000
999999 127 1000
999999 128 1000
999999 129 1000
999999 130 1000
999999 131 1000
999999 132 1000
999999 133 1000
999999 134 1000
999999 135 1000
999999 136 1000
999999 137 1000
999999 138 1000
999999 139 1000
999999 140 1000
999999 141 1000
999999 142 1000
999999 143 1000
999999 144 1000
999999 145 1000
999999 146 1000
999999 147 1000
999999 148 1000
999999 149 1000
999999 150 1000
999999 151 1000
999999 152 1000
999999 153 1000
999999 154 1000
999999 155 1000
999999 156 1000
999999 157 1000
999999 158 1000
999999 159 1000
999999 160 1000
999999 161 1000
999999 162 1000
999999 163 1000
999999 164 1000
999999 165 1000
999999 166 1000
999999 167 1000
999999 168 1000
999999 169 1000
999999 170 1000
999999 171 1000
999999 172 1000
999999 173 1000
999999 174 1000
999999 175 1000
999999 176 1000
999999 177 1000
999999 178 1000
999999 179 1000
999999 180 1000
999999 181 1000
999999 182 1000
999999 183 1000
999999 184 1000
999999 185 1000
999999 186 1000
999999 187 1000
999999 188 1000
999999 189 1000
999999 190 1000
999999 191 1000
999999 192 1000
999999 193 1000
999999 194 1000
999999 195 1000
999999 196 1000
999999 197 1000
999999 198 1000
999999 199 1000
999999 200 1000
999999 201 1000
999999 202 1000
999999 203 1000
999999 204 1000
999999 205 1000
999999 206 1000
999999 207 1000
999999 208 1000
999999 209 1000
999999 210 1000
999999 211 1000
999999 212 1000
999999 213 1000
999999 214 1000
999999 215 1000
999999 216 1000
999999 217 1000
999999 218 1000
999999 219 1000
999999 220 1000
999999 221 1000
999999 222 1000
999999 223 1000
999999 224 1000
999999 225 1000
999999 226 1000
999999 227 1000
999999 228 1000
999999 229 1000
999999 230 1000
999999 231 1000
999999 232 1000
999999 233 1000
999999 234 1000
999999 235 1000
999999 236 1000
999999 237 1000
999999 238 1000
999999 239 1000
999999 240 1000
999999 241 1000
999999 242 1000
999999 243 1000
999999 244 1000
999999 245 1000
999999 246 1000
999999 247 1000
999999 248 1000
999999 249 1000
999999 250 1000
999999 251 1000
999999 252 1000
999999 253 1000
999999 254 1000
999999 255 1000
999999 256 1000
999999 257 1000
999999 258 1000
999999 259 1000
999999 260 1000
999999 261 1000
999999 262 1000
999999 263 1000
999999 264 1000
999999 265 1000
999999 266 1000
999999 267 1000
999999 268 1000
999999 269 1000
999999 270 1000
999999 271 1000
999999 272 1000
999999 273 1000
999999 274 1000
999999 275 1000
999999 276 1000
999999 277 1000
999999 278 1000
999999 279 1000
999999 280 1000
999999 281 1000
999999 282 1000
999999 283 1000
999999 284 1000
999999 285 1000
999999 286 1000
999999 287 1000
999999 288 1000
999999 289 1000
999999 290 1000
999999 291 1000
999999 292 1000
999999 293 1000
999999 294 1000
999999 295 1000
999999 296 1000
999999 297 1000
999999 298 1000
999999 299 1000
999999 300 1000
999999 301 1000
999999 302 1000
999999 303 1000
999999 304 1000
999999 305 1000
999999 306 1000
999999 307 1000
999999 308 1000
999999 309 1000
999999 310 1000
999999 311 1000
999999 312 1000
999999 313 1000
999999 314 1000
999999 315 1000
999999 316 1000
999999 317 1000
999999 318 1000
999999 319 1000
999999 320 1000
999999 321 1000
999999 322 1000
999999 323 1000
999999 324 1000
999999 325 1000
999999 326 1000
999999 327 1000
999999 328 1000
999999 329 1000
999999 330 1000
999999 331 1000
999999 332 1000
999999 333 1000
999999 334 1000
999999 335 1000
999999 336 1000
999999 337 1000
999999 338 1000
999999 339 1000
999999 340 1000
999999 341 1000
999999 342 1000
999999 343 1000
999999 344 1000
999999 345 1000
999999 346 1000
999999 347 1000
999999 348 1000
999999 349 1000
999999 350 1000
999999 351 1000
999999 352 1000
999999 353 1000
999999 354 1000
999999 355 1000
999999 356 1000
999999 357 1000
999999 358 1000
999999 359 1000
999999 360 1000
999999 361 1000
999999 362 1000
999999 363 1000
999999 364 1000
999999 365 1000
999999 366 1000
999999 367 1000
999999 368 1000
999999 369 1000
999999 370 1000
999999 371 1000
999999 372 1000
999999 373 1000
999999 374 1000
999999 375 1000
999999 376 1000
999999 377 1000
999999 378 1000
999999 379 1000
999999 380 1000
999999 381 1000
999999 382 1000
999999 383 1000
999999 384 1000
999999 385 1000
999999 386 1000
999999 387 1000
999999 388 1000
999999 389 1000
999999 390 1000
999999 391 1000
999999 392 1000
999999 393 1000
999999 394 1000
999999 395 1000
999999 396 1000
999999 397 1000
999999 398 1000
999999 399 1000
999999 400 1000
999999 401 1000
999999 402 1000
999999 403 1000
999999 404 1000
999999 405 1000
999999 406 1000
999999 407 1000
999999 408 1000
999999 409 1000
999999 410 1000
999999 411 1000
999999 412 1000
999999 413 1000
999999 414 1000
999999 415 1000
999999 416 1000
999999 417 1000
999999 418 1000
999999 419 1000
999999 420 1000
999999 421 1000
999999 422 1000
999999 423 1000
999999 424 1000
999999 425 1000
999999 426 1000
999999 427 1000
999999 428 1000
999999 429 1000
999999 430 1000
999999 431 1000
999999 432 1000
999999 433 1000
999999 434 1000
999999 435 1000
999999 436 1000
999999 437 1000
999999 438 1000
999999 439 1000
999999 440 1000
999999 441 1000
999999 442 1000
999999 443 1000
999999 444 1000
999999 445 1000
999999 446 1000
999999 447 1000
999999 448 1000
999999 449 1000
999999 450 1000
999999 451 1000
999999 452 1000
999999 453 1000
999999 454 1000
999999 455 1000
999999 456 1000
999999 457 1000
999999 458 1000
999999 459 1000
999999 460 1000
999999 461 1000
999999 462 1000
999999 463 1000
999999 464 1000
999999 465 1000
999999 466 1000
999999 467 1000
999999 468 1000
999999 469 1000
999999 470 1000
999999 471 1000
999999 472 1000
999999 473 1000
999999 474 1000
999999 475 1000
999999 476 1000
999999 477 1000
999999 478 1000
999999 479 1000
999999 480 1000
999999 481 1000
999999 482 1000
999999 483 1000
999999 484 1000
999999 485 1000
999999 486 1000
999999 487 1000
999999 488 1000
999999 489 1000
999999 490 1000
999999 491 1000
999999 492 1000
999999 493 1000
999999 494 1000
999999 495 1000
999999 496 1000
999999 497 1000
999999 498 1000
999999 499 1000
