0 0 1000000 1000000 190
50000 50000 50000
50000 150000 50000
50000 250000 50000
50000 350000 50000
50000 450000 50000
50000 550000 50000
50000 650000 50000
50000 750000 50000
50000 850000 50000
50000 950000 50000
150000 50000 50000
150000 150000 50000
150000 250000 50000
150000 350000 50000
150000 450000 50000
150000 550000 50000
150000 650000 50000
150000 750000 50000
150000 850000 50000
150000 950000 50000
250000 50000 50000
250000 150000 50000
250000 250000 50000
250000 350000 50000
250000 450000 50000
250000 550000 50000
250000 650000 50000
250000 750000 50000
250000 850000 50000
250000 950000 50000
350000 50000 50000
350000 150000 50000
350000 250000 50000
350000 350000 50000
350000 450000 50000
350000 550000 50000
350000 650000 50000
350000 750000 50000
350000 850000 50000
350000 950000 50000
450000 50000 50000
450000 150000 50000
450000 250000 50000
450000 350000 50000
450000 450000 50000
450000 550000 50000
450000 650000 50000
450000 750000 50000
450000 850000 50000
450000 950000 50000
550000 50000 50000
550000 150000 50000
550000 250000 50000
550000 350000 50000
550000 450000 50000
550000 550000 50000
550000 650000 50000
550000 750000 50000
550000 850000 50000
550000 950000 50000
650000 50000 50000
650000 150000 50000
650000 250000 50000
650000 350000 50000
650000 450000 50000
650000 550000 50000
650000 650000 50000
650000 750000 50000
650000 850000 50000
650000 950000 50000
750000 50000 50000
750000 150000 50000
750000 250000 50000
750000 350000 50000
750000 450000 50000
750000 550000 50000
750000 650000 50000
750000 750000 50000
750000 850000 50000
750000 950000 50000
850000 50000 50000
850000 150000 50000
850000 250000 50000
850000 350000 50000
850000 450000 50000
850000 550000 50000
850000 650000 50000
850000 750000 50000
850000 850000 50000
850000 950000 50000
950000 50000 50000
950000 150000 50000
950000 250000 50000
950000 350000 50000
950000 450000 50000
950000 550000 50000
950000 650000 50000
950000 750000 50000
950000 850000 50000
950000 950000 50000
100000 0 50000
100000 100000 50000
100000 200000 50000
100000 300000 50000
100000 400000 50000
100000 500000 50000
100000 600000 50000
100000 700000 50000
100000 800000 50000
100000 900000 50000
200000 1000000 50000
200000 900000 50000
200000 800000 50000
200000 700000 50000
200000 600000 50000
200000 500000 50000
200000 400000 50000
200000 300000 50000
200000 200000 50000
200000 100000 50000
300000 0 50000
300000 100000 50000
300000 200000 50000
300000 300000 50000
300000 400000 50000
300000 500000 50000
300000 600000 50000
300000 700000 50000
300000 800000 50000
300000 900000 50000
400000 1000000 50000
400000 900000 50000
400000 800000 50000
400000 700000 50000
400000 600000 50000
400000 500000 50000
400000 400000 50000
400000 300000 50000
400000 200000 50000
400000 100000 50000
500000 0 50000
500000 100000 50000
500000 200000 50000
500000 300000 50000
500000 400000 50000
500000 500000 50000
500000 600000 50000
500000 700000 50000
500000 800000 50000
500000 900000 50000
600000 1000000 50000
600000 900000 50000
600000 800000 50000
600000 700000 50000
600000 600000 50000
600000 500000 50000
600000 400000 50000
600000 300000 50000
600000 200000 50000
600000 100000 50000
700000 0 50000
700000 100000 50000
700000 200000 50000
700000 300000 50000
700000 400000 50000
700000 500000 50000
700000 600000 50000
700000 700000 50000
700000 800000 50000
700000 900000 50000
800000 1000000 50000
800000 900000 50000
800000 800000 50000
800000 700000 50000
800000 600000 50000
800000 500000 50000
800000 400000 50000
800000 300000 50000
800000 200000 50000
800000 100000 50000
900000 0 50000
900000 100000 50000
900000 200000 50000
900000 300000 50000
900000 400000 50000
900000 500000 50000
900000 600000 50000
900000 700000 50000
900000 800000 50000
900000 900000 50000
