6470 330 9560 4240 79
6861 721 391
6861 1503 391
6861 2285 391
6861 3067 391
6861 3849 391
7643 721 391
7643 1503 391
7643 2285 391
7643 3067 391
7643 3849 391
8425 721 391
8425 1503 391
8425 2285 391
8425 3067 391
8425 3849 391
2091 1078 3483
3903 8968 1249
3356 7748 330
1111 6525 5589
2284 7293 6634
1583 1080 890
4259 1141 589
5402 9773 2151
9685 1209 1815
2099 7118 4190
8238 4070 986
1064 7453 8310
4125 6189 578
967 3950 6100
687 3986 1635
5982 7556 2504
8473 7245 1704
6455 7483 185
1353 523 4046
8230 8588 2835
2564 1860 1148
9293 5879 1645
9129 9784 3670
1935 6572 645
775 3260 1161
4529 9252 388
3459 9645 4472
7595 6725 382
3488 9345 7759
5745 9962 3769
2795 3733 1614
8214 7814 1229
9451 9459 3371
2215 8890 7560
4865 3573 1303
3065 7572 1062
8222 7810 3039
4078 7635 4546
308 9564 7449
2976 4013 4271
9076 8026 1982
9930 1388 664
1451 3884 465
594 7716 2118
231 1090 1177
6404 9210 3357
7631 8653 3105
6682 3368 2249
2755 8543 935
2442 5215 315
303 6484 5568
5505 3789 2610
5942 3710 2373
4015 5648 5321
2039 3545 3638
2771 7748 1082
2856 4155 492
2486 7413 4908
3302 5906 746
2389 8207 6983
1021 4633 3962
7179 7270 1156
9423 6862 728
7777 6123 1926
