1720 8720 4540 9380 141
2002 9002 282
2566 9002 282
3130 9002 282
3694 9002 282
4258 9002 282
3019 5046 2664
5866 6605 2811
1968 3764 2548
9976 4738 3586
7997 5099 5009
5677 3277 1814
8049 9584 2645
691 7758 1032
3652 2880 4329
3652 1656 2563
4065 3837 3638
9966 7106 442
8948 2582 4343
7090 7 1158
3485 5808 629
9194 6339 4422
9864 5701 585
3918 3788 2607
6945 1503 4665
4477 1536 7218
2613 3431 793
8893 1443 762
8425 6649 4475
8786 7590 1207
7958 774 3631
6060 3931 1996
5925 924 7791
3425 1337 841
9758 5705 5457
7365 6105 2262
7119 1024 4255
3100 3467 3403
9234 3116 7373
9137 4578 946
1391 3893 2164
432 174 8251
9487 4236 1465
9112 445 148
1859 486 7142
2379 6154 2511
7684 8566 828
5096 1827 6265
4267 200 1587
5844 9151 568
5993 5875 1201
6911 5494 191
6761 5823 3848
2118 698 4771
8568 5549 2380
8659 1137 6354
9945 1051 5145
3185 1586 602
8118 6040 478
5671 3306 4344
8731 8511 393
9904 750 7759
7343 242 2827
6567 1653 5927
3745 963 1271
6865 4123 1649
9023 2910 4797
9240 5486 5539
2895 2626 2552
9907 3687 1587
5813 2308 4300
1910 7223 313
519 9923 557
3196 3275 2153
1062 3061 5380
8796 6660 4562
4366 3590 1532
9592 9770 4236
2875 3063 1905
669 5039 3574
4770 4686 867
1316 3058 3544
5282 4933 2187
9624 8555 3898
8942 4973 6161
3956 3168 1635
8464 9834 589
9379 3820 3145
6741 3550 3908
1861 6477 778
5000 1401 7121
8866 2850 2203
8380 1415 2265
9665 1324 9108
6020 2426 4325
5771 456 2548
5560 2306 6177
4721 4807 1581
2905 1072 5885
2460 6098 2175
2461 6838 726
5384 7557 996
7279 2996 1373
428 665 2250
5647 3702 3967
2688 3928 4139
7188 2611 1919
802 3442 3082
7866 8681 3318
7895 5808 2899
9899 8032 2774
6615 1353 1733
3806 1964 4968
7519 1300 1787
268 5826 2686
5066 1925 3447
4329 2964 73
9402 2153 2791
5932 2824 1670
4074 994 4722
1756 4881 2541
2694 2230 4576
7052 2687 3743
4020 5016 2532
142 1697 3055
7687 2081 6694
7626 6906 2947
4955 3278 508
6635 17 6661
9536 2070 3959
6179 2953 4826
7076 1098 5410
9960 7257 3913
9218 9395 3673
3244 30 6986
2835 908 6753
3784 3526 2062
9742 5580 3575
9899 9354 4615
347 2079 4077
5880 4396 1156
3841 8401 514
