6030 2120 6610 2940 122
6112 2202 82
6112 2366 82
6112 2530 82
6112 2694 82
6112 2858 82
6276 2202 82
6276 2366 82
6276 2530 82
6276 2694 82
6276 2858 82
6440 2202 82
6440 2366 82
6440 2530 82
6440 2694 82
6440 2858 82
2720 6144 4425
72 9328 6004
7667 6157 2987
9468 9558 3845
2477 3066 1243
8212 5682 447
2933 8226 4008
8027 5507 910
244 9665 7130
4901 2215 542
3496 1304 794
165 3937 1799
756 8300 6901
4798 862 986
687 7375 6734
2159 8973 2423
3655 1909 928
2527 5997 4372
9762 3327 2428
6537 6738 1114
1274 4290 1449
1138 3696 2365
1419 7101 1285
66 6485 858
8341 8311 4519
3090 7951 5651
113 6964 6142
8897 2295 143
5974 6059 1334
7427 9636 4426
5738 7764 2535
9717 3522 873
10002 8623 1731
3177 5572 2011
7119 331 1735
9402 6242 4202
2158 9045 3314
4183 9762 6448
2157 9217 1653
9204 3997 898
1743 6769 726
317 9932 2643
8246 6700 2136
2115 1385 2691
2739 9265 4409
496 9517 4860
8697 2797 1589
1626 2739 3236
421 7699 3560
2129 6902 2454
8387 7668 1464
96 7449 851
4374 8351 2557
54 4999 2190
8774 5312 780
2785 2010 2114
3911 9826 6410
1271 7898 3474
887 5957 5995
2961 2304 2985
5182 9642 2107
401 1014 1301
1311 3540 4213
403 1170 572
1877 7869 5272
2129 6653 62
4029 421 2114
6514 6535 1600
2467 3570 2290
425 8037 859
6999 8996 5911
2146 8535 2054
7613 9146 4067
5274 2316 497
9148 8266 433
8574 8912 2257
6330 7310 3491
2983 853 2118
5247 6212 2864
1591 7350 2138
1703 7387 1070
7594 5259 882
584 8432 4939
8125 7944 2056
8554 8700 1925
2238 6508 4810
3823 5314 2704
9762 828 597
9480 110 3931
3449 1230 75
1953 3094 2374
3053 8936 3682
8946 9074 5501
9901 9422 640
3156 499 1205
820 8841 160
7194 9314 5014
96 9062 6423
5479 3413 342
5187 9393 4291
269 9817 5934
5055 6392 3724
5596 9821 1362
596 4442 155
1706 2783 26
9568 4747 395
5616 8523 885
